s 4 94
s 6 88
s 9 51
s 13 183
s 14 144
s 18 129
s 22 52
s 23 192
s 26 273
s 27 185
s 28 41
s 29 158
s 30 114
s 34 127
s 35 86
s 36 257
s 37 239
s 39 205
s 41 120
s 46 192
s 47 106
s 48 124
s 50 291
s 51 113
s 53 180
s 54 222
s 58 226
s 60 134
s 61 251
s 63 168
s 64 267
s 65 299
s 66 205
s 68 34
s 70 113
s 72 297
s 76 92
s 78 254
s 79 216
s 81 85
s 83 243
s 85 205
s 88 286
s 89 164
s 93 110
s 95 118
s 96 270
s 97 294
s 98 138
s 99 219
1 3 103
1 6 55
1 8 181
1 10 255
1 16 261
1 17 180
1 18 116
1 19 168
1 20 153
1 21 206
1 22 85
1 24 260
1 26 244
1 27 151
1 28 41
1 30 295
1 32 121
1 33 87
1 34 71
1 37 184
1 38 214
1 40 117
1 44 206
1 45 160
1 48 208
1 49 154
1 50 276
1 54 227
1 57 67
1 58 33
1 62 124
1 63 203
1 64 76
1 65 46
1 66 186
1 69 68
1 70 231
1 73 241
1 75 125
1 77 268
1 82 276
1 83 183
1 85 127
1 86 33
1 91 230
1 94 82
1 97 57
1 98 209
2 3 61
2 5 299
2 7 178
2 9 86
2 11 135
2 13 281
2 15 213
2 16 80
2 18 247
2 19 290
2 21 48
2 23 265
2 24 178
2 25 213
2 27 51
2 28 233
2 29 59
2 34 296
2 35 71
2 36 199
2 45 241
2 48 240
2 50 196
2 53 235
2 54 250
2 55 35
2 56 53
2 57 106
2 58 276
2 62 165
2 64 165
2 66 100
2 69 43
2 70 143
2 71 156
2 72 207
2 74 186
2 75 87
2 77 236
2 79 278
2 80 299
2 81 258
2 84 258
2 86 127
2 87 69
2 88 130
2 90 113
2 92 94
2 93 108
2 94 268
2 95 253
2 97 93
3 1 103
3 2 61
3 4 64
3 5 75
3 7 153
3 11 145
3 18 245
3 24 54
3 25 166
3 26 206
3 27 89
3 28 88
3 29 182
3 35 224
3 36 239
3 37 113
3 38 135
3 39 132
3 41 271
3 42 218
3 43 254
3 47 51
3 52 68
3 53 255
3 55 123
3 56 45
3 57 110
3 58 62
3 60 202
3 63 167
3 65 172
3 67 88
3 68 290
3 69 110
3 70 36
3 73 273
3 75 295
3 76 216
3 79 142
3 80 278
3 81 34
3 82 149
3 84 33
3 85 85
3 86 266
3 87 273
3 90 148
3 91 160
3 96 75
3 97 199
4 3 64
4 5 155
4 12 180
4 16 258
4 17 53
4 21 234
4 22 105
4 23 43
4 25 213
4 26 73
4 27 249
4 29 248
4 31 188
4 32 288
4 33 182
4 34 247
4 35 180
4 36 103
4 39 285
4 40 281
4 42 187
4 44 127
4 50 42
4 52 97
4 53 164
4 58 244
4 59 87
4 61 46
4 62 43
4 63 201
4 65 274
4 66 162
4 67 150
4 74 124
4 76 109
4 77 140
4 80 255
4 81 118
4 82 74
4 84 176
4 87 270
4 88 185
4 91 200
4 92 60
4 95 107
4 97 156
4 98 179
5 2 299
5 3 75
5 4 155
5 7 263
5 8 48
5 10 240
5 11 120
5 14 220
5 16 182
5 17 295
5 18 31
5 20 65
5 21 159
5 24 80
5 25 139
5 26 70
5 30 149
5 34 115
5 36 109
5 38 253
5 39 191
5 40 295
5 42 181
5 43 144
5 44 89
5 47 51
5 48 198
5 49 243
5 50 122
5 51 96
5 53 143
5 55 248
5 56 134
5 58 228
5 59 102
5 61 77
5 62 55
5 63 206
5 64 83
5 66 69
5 67 160
5 69 80
5 72 209
5 73 157
5 74 254
5 75 207
5 77 122
5 80 284
5 81 176
5 82 191
5 83 159
5 85 236
5 87 214
5 88 208
5 91 219
5 95 103
5 96 234
5 97 209
5 98 222
6 1 55
6 10 131
6 14 204
6 15 77
6 17 44
6 18 272
6 19 213
6 20 261
6 21 179
6 22 133
6 23 184
6 25 88
6 26 30
6 27 237
6 28 279
6 31 94
6 34 49
6 35 250
6 36 298
6 37 77
6 40 252
6 46 142
6 49 130
6 51 263
6 54 172
6 55 207
6 56 99
6 57 37
6 58 173
6 60 94
6 62 283
6 63 165
6 64 241
6 65 144
6 72 160
6 74 147
6 75 234
6 77 158
6 78 275
6 79 251
6 80 141
6 84 114
6 89 102
6 90 168
6 91 277
6 93 56
6 94 294
6 96 136
6 97 144
7 2 178
7 3 153
7 5 263
7 10 278
7 11 269
7 12 136
7 14 111
7 15 251
7 19 239
7 20 187
7 22 287
7 26 264
7 29 108
7 30 86
7 31 140
7 32 151
7 35 180
7 36 43
7 37 199
7 38 279
7 40 136
7 41 237
7 44 277
7 45 150
7 46 186
7 48 299
7 50 160
7 51 79
7 53 281
7 54 196
7 58 270
7 59 37
7 62 279
7 64 296
7 67 256
7 75 153
7 76 58
7 77 144
7 80 145
7 81 277
7 83 297
7 84 149
8 1 181
8 5 48
8 10 176
8 11 272
8 14 43
8 17 160
8 18 262
8 19 226
8 23 202
8 26 40
8 27 276
8 32 249
8 33 124
8 35 151
8 36 165
8 38 156
8 41 172
8 43 247
8 46 213
8 47 261
8 48 260
8 49 60
8 50 205
8 51 294
8 52 59
8 53 285
8 55 59
8 57 146
8 58 67
8 63 169
8 64 191
8 65 99
8 69 134
8 71 119
8 72 247
8 73 253
8 76 93
8 77 131
8 81 41
8 82 161
8 84 277
8 85 31
8 87 274
8 88 256
8 93 236
8 94 164
8 95 220
8 96 108
8 99 43
9 2 86
9 10 244
9 11 45
9 12 240
9 13 280
9 14 87
9 15 254
9 18 193
9 20 223
9 24 89
9 26 33
9 27 86
9 28 59
9 29 49
9 33 80
9 37 261
9 39 210
9 41 227
9 43 189
9 44 234
9 46 61
9 47 43
9 53 241
9 55 82
9 57 232
9 65 117
9 69 80
9 70 109
9 72 197
9 73 127
9 79 263
9 83 60
9 86 236
9 88 175
9 93 47
9 97 184
9 98 61
10 1 255
10 5 240
10 6 131
10 7 278
10 8 176
10 9 244
10 11 90
10 13 142
10 17 32
10 18 290
10 23 279
10 24 221
10 25 152
10 26 47
10 27 55
10 28 265
10 29 80
10 30 194
10 31 87
10 35 263
10 36 190
10 38 54
10 39 234
10 40 257
10 41 61
10 45 297
10 46 76
10 47 181
10 48 104
10 49 159
10 50 64
10 56 68
10 57 46
10 58 279
10 60 84
10 62 119
10 65 179
10 66 261
10 68 47
10 69 281
10 70 236
10 71 151
10 75 118
10 77 213
10 78 232
10 79 221
10 83 161
10 84 76
10 88 135
10 98 71
10 99 192
11 2 135
11 3 145
11 5 120
11 7 269
11 8 272
11 9 45
11 10 90
11 14 182
11 16 74
11 17 276
11 19 94
11 20 164
11 22 114
11 24 260
11 25 153
11 27 267
11 28 286
11 29 158
11 31 113
11 32 293
11 34 169
11 38 62
11 40 296
11 42 190
11 43 221
11 44 267
11 45 184
11 46 246
11 48 52
11 49 36
11 51 68
11 55 126
11 57 56
11 58 182
11 60 196
11 61 242
11 63 162
11 65 108
11 66 146
11 69 252
11 70 279
11 73 264
11 74 127
11 76 233
11 78 104
11 79 166
11 80 289
11 82 47
11 83 53
11 85 39
11 88 137
11 90 122
11 91 107
11 93 219
11 95 66
11 97 136
11 99 227
12 4 180
12 7 136
12 9 240
12 14 115
12 17 48
12 18 80
12 19 153
12 20 115
12 22 243
12 23 247
12 28 267
12 30 92
12 31 113
12 32 289
12 33 144
12 34 165
12 36 289
12 37 205
12 38 88
12 39 243
12 43 261
12 44 57
12 48 85
12 51 223
12 52 62
12 54 149
12 55 122
12 57 222
12 63 32
12 65 265
12 70 206
12 73 150
12 74 69
12 75 113
12 77 262
12 78 134
12 82 246
12 83 110
12 85 63
12 87 81
12 88 128
12 90 183
12 91 65
12 92 199
12 95 158
12 97 208
13 2 281
13 9 280
13 10 142
13 14 168
13 15 146
13 16 85
13 18 221
13 20 93
13 21 81
13 22 107
13 25 34
13 26 198
13 28 298
13 29 264
13 31 253
13 33 155
13 37 266
13 38 224
13 39 49
13 41 107
13 46 179
13 49 132
13 50 57
13 51 150
13 52 213
13 55 193
13 56 35
13 63 34
13 65 119
13 66 62
13 67 223
13 68 35
13 70 145
13 72 197
13 74 225
13 80 217
13 81 140
13 82 158
13 83 247
13 88 89
13 89 296
13 91 174
13 92 214
13 94 150
13 95 156
13 98 134
13 99 67
14 5 220
14 6 204
14 7 111
14 8 43
14 9 87
14 11 182
14 12 115
14 13 168
14 18 54
14 19 98
14 20 33
14 22 36
14 24 223
14 26 198
14 31 55
14 34 198
14 35 223
14 36 256
14 37 160
14 38 37
14 41 116
14 44 138
14 51 207
14 52 243
14 53 54
14 56 280
14 58 38
14 60 59
14 61 189
14 65 213
14 67 291
14 68 132
14 69 94
14 70 38
14 71 267
14 72 94
14 73 117
14 76 150
14 79 213
14 80 224
14 81 88
14 82 175
14 92 292
14 93 178
14 94 52
14 96 53
14 97 154
15 2 213
15 6 77
15 7 251
15 9 254
15 13 146
15 17 145
15 19 96
15 23 288
15 24 243
15 25 199
15 27 213
15 28 131
15 29 290
15 31 116
15 35 206
15 37 233
15 38 234
15 40 175
15 42 145
15 48 272
15 49 279
15 50 257
15 51 98
15 54 98
15 56 128
15 60 171
15 61 210
15 62 162
15 63 127
15 64 295
15 68 280
15 69 58
15 70 217
15 72 76
15 73 217
15 74 39
15 78 164
15 79 152
15 80 192
15 86 185
15 87 259
15 90 199
15 94 283
15 96 45
15 97 239
16 1 261
16 2 80
16 4 258
16 5 182
16 11 74
16 13 85
16 17 103
16 18 293
16 19 128
16 20 269
16 21 157
16 22 81
16 24 86
16 25 60
16 26 232
16 28 97
16 31 247
16 32 253
16 33 45
16 34 159
16 36 221
16 42 214
16 43 199
16 50 278
16 55 171
16 56 247
16 61 166
16 62 120
16 63 181
16 65 241
16 67 49
16 69 217
16 72 147
16 75 166
16 76 206
16 77 107
16 81 249
16 83 127
16 86 298
16 87 283
16 90 83
16 91 257
16 94 272
16 95 236
16 97 85
16 98 154
16 99 75
17 1 180
17 4 53
17 5 295
17 6 44
17 8 160
17 10 32
17 11 276
17 12 48
17 15 145
17 16 103
17 18 55
17 19 145
17 21 196
17 22 160
17 24 117
17 27 83
17 28 50
17 30 300
17 32 260
17 35 154
17 40 158
17 41 286
17 42 218
17 46 203
17 47 114
17 49 164
17 52 279
17 55 164
17 56 112
17 60 110
17 62 248
17 63 42
17 64 216
17 65 220
17 66 113
17 68 122
17 71 174
17 77 37
17 82 100
17 86 35
17 87 53
17 88 120
17 89 203
17 90 66
17 93 88
18 1 116
18 2 247
18 3 245
18 5 31
18 6 272
18 8 262
18 9 193
18 10 290
18 12 80
18 13 221
18 14 54
18 16 293
18 17 55
18 19 81
18 20 250
18 23 146
18 24 130
18 25 258
18 30 212
18 32 106
18 35 185
18 36 216
18 37 36
18 38 89
18 41 41
18 42 282
18 45 130
18 52 112
18 55 58
18 56 279
18 60 240
18 61 221
18 66 126
18 67 49
18 68 276
18 72 51
18 73 227
18 75 65
18 85 81
18 86 96
18 88 297
18 89 96
18 92 280
18 93 252
18 94 53
18 95 165
18 96 161
18 97 32
18 98 63
19 1 168
19 2 290
19 6 213
19 7 239
19 8 226
19 11 94
19 12 153
19 14 98
19 15 96
19 16 128
19 17 145
19 18 81
19 21 53
19 22 103
19 25 213
19 27 198
19 28 288
19 30 51
19 31 193
19 34 102
19 36 54
19 37 181
19 39 88
19 41 84
19 42 218
19 44 191
19 45 272
19 46 181
19 48 72
19 51 233
19 54 176
19 55 235
19 56 154
19 57 295
19 59 149
19 60 229
19 62 73
19 63 55
19 64 80
19 66 168
19 68 66
19 73 250
19 74 115
19 75 143
19 76 260
19 78 202
19 81 53
19 83 142
19 84 279
19 85 278
19 87 98
19 88 171
19 90 247
19 92 74
20 1 153
20 5 65
20 6 261
20 7 187
20 9 223
20 11 164
20 12 115
20 13 93
20 14 33
20 16 269
20 18 250
20 25 39
20 28 233
20 29 148
20 32 138
20 33 112
20 39 276
20 42 118
20 43 128
20 44 153
20 46 236
20 47 125
20 48 150
20 50 86
20 52 189
20 55 100
20 58 297
20 61 198
20 63 174
20 65 75
20 68 295
20 70 282
20 71 233
20 72 225
20 76 118
20 79 173
20 81 168
20 82 266
20 83 274
20 86 115
20 89 250
20 90 55
20 91 58
20 92 131
20 93 46
20 94 113
20 95 70
20 99 209
21 1 206
21 2 48
21 4 234
21 5 159
21 6 179
21 13 81
21 16 157
21 17 196
21 19 53
21 23 243
21 24 258
21 27 111
21 28 61
21 30 217
21 31 95
21 37 163
21 40 288
21 45 188
21 46 115
21 47 79
21 48 62
21 50 164
21 51 41
21 53 178
21 55 88
21 58 159
21 59 250
21 61 278
21 63 34
21 64 267
21 65 57
21 70 217
21 72 193
21 74 197
21 75 33
21 76 199
21 78 115
21 84 179
21 86 122
21 87 32
21 92 283
21 93 122
21 94 192
21 97 205
21 98 202
21 99 128
22 1 85
22 4 105
22 6 133
22 7 287
22 11 114
22 12 243
22 13 107
22 14 36
22 16 81
22 17 160
22 19 103
22 23 197
22 24 180
22 25 211
22 31 65
22 33 275
22 35 79
22 39 266
22 40 65
22 41 49
22 42 34
22 43 83
22 44 141
22 45 284
22 47 286
22 49 49
22 50 135
22 52 57
22 53 277
22 54 264
22 55 36
22 56 278
22 57 264
22 58 247
22 59 87
22 60 58
22 64 138
22 65 106
22 68 142
22 69 127
22 70 37
22 71 192
22 73 129
22 76 129
22 78 126
22 83 262
22 84 293
22 85 146
22 90 258
22 92 296
22 93 191
22 95 81
22 97 143
22 99 282
23 2 265
23 4 43
23 6 184
23 8 202
23 10 279
23 12 247
23 15 288
23 18 146
23 21 243
23 22 197
23 24 207
23 26 134
23 28 149
23 32 127
23 35 159
23 37 235
23 38 36
23 39 291
23 41 193
23 42 148
23 43 205
23 44 126
23 45 170
23 51 278
23 52 214
23 54 125
23 56 297
23 58 215
23 59 140
23 63 227
23 65 194
23 66 42
23 74 122
23 75 278
23 76 166
23 78 57
23 81 190
23 82 246
23 83 82
23 86 44
23 91 201
23 97 174
23 99 149
24 1 260
24 2 178
24 3 54
24 5 80
24 9 89
24 10 221
24 11 260
24 14 223
24 15 243
24 16 86
24 17 117
24 18 130
24 21 258
24 22 180
24 23 207
24 26 241
24 27 112
24 28 235
24 31 52
24 32 64
24 34 69
24 36 78
24 37 117
24 39 143
24 44 41
24 46 118
24 50 52
24 60 57
24 66 235
24 67 117
24 68 199
24 69 175
24 70 182
24 71 161
24 72 95
24 73 186
24 75 236
24 76 94
24 79 74
24 80 269
24 81 152
24 82 151
24 83 248
24 85 245
24 86 215
24 88 268
24 89 70
24 90 117
24 96 120
24 97 125
25 2 213
25 3 166
25 4 213
25 5 139
25 6 88
25 10 152
25 11 153
25 13 34
25 15 199
25 16 60
25 18 258
25 19 213
25 20 39
25 22 211
25 26 296
25 28 221
25 30 208
25 31 144
25 32 288
25 38 78
25 42 205
25 44 78
25 46 266
25 52 148
25 53 277
25 54 281
25 55 159
25 56 53
25 57 280
25 58 290
25 59 36
25 60 148
25 62 120
25 64 287
25 65 281
25 69 218
25 70 97
25 71 291
25 75 51
25 76 234
25 77 103
25 80 207
25 81 236
25 83 113
25 84 228
25 85 127
25 86 165
25 92 300
25 94 246
25 96 87
26 1 244
26 3 206
26 4 73
26 5 70
26 6 30
26 7 264
26 8 40
26 9 33
26 10 47
26 13 198
26 14 198
26 16 232
26 23 134
26 24 241
26 25 296
26 27 257
26 31 271
26 32 92
26 33 227
26 34 129
26 35 64
26 37 152
26 40 149
26 42 64
26 43 287
26 46 100
26 48 166
26 49 126
26 51 162
26 52 181
26 53 92
26 56 224
26 60 124
26 63 109
26 64 118
26 65 296
26 70 266
26 71 205
26 72 208
26 74 226
26 75 213
26 76 135
26 77 275
26 78 132
26 79 220
26 82 45
26 83 284
26 84 77
26 87 73
26 88 73
26 91 256
26 94 37
26 95 233
26 96 52
26 97 81
26 98 163
26 99 118
27 1 151
27 2 51
27 3 89
27 4 249
27 6 237
27 8 276
27 9 86
27 10 55
27 11 267
27 15 213
27 17 83
27 19 198
27 21 111
27 24 112
27 26 257
27 28 180
27 29 273
27 31 111
27 33 50
27 34 281
27 35 174
27 36 253
27 37 134
27 38 197
27 46 66
27 49 264
27 50 153
27 54 250
27 56 183
27 57 195
27 58 288
27 61 279
27 62 253
27 64 268
27 67 51
27 72 74
27 73 45
27 74 143
27 75 112
27 76 164
27 78 268
27 81 296
27 85 148
27 87 299
27 88 166
27 89 64
27 91 124
27 92 248
27 93 102
27 94 284
27 96 43
27 97 238
27 99 185
28 1 41
28 2 233
28 3 88
28 6 279
28 9 59
28 10 265
28 11 286
28 12 267
28 13 298
28 15 131
28 16 97
28 17 50
28 19 288
28 20 233
28 21 61
28 23 149
28 24 235
28 25 221
28 27 180
28 30 33
28 31 292
28 36 148
28 39 137
28 42 258
28 44 236
28 45 94
28 47 263
28 53 190
28 54 57
28 55 275
28 58 89
28 60 168
28 61 89
28 63 161
28 65 154
28 69 210
28 70 110
28 71 66
28 73 284
28 76 59
28 77 74
28 78 206
28 80 146
28 82 57
28 83 152
28 84 144
28 85 103
28 87 74
28 88 97
28 97 286
28 99 272
29 2 59
29 3 182
29 4 248
29 7 108
29 9 49
29 10 80
29 11 158
29 13 264
29 15 290
29 20 148
29 27 273
29 30 211
29 33 162
29 34 138
29 35 176
29 38 106
29 41 271
29 44 174
29 45 107
29 46 196
29 48 65
29 51 256
29 54 232
29 55 276
29 56 223
29 58 32
29 59 192
29 66 93
29 68 120
29 70 208
29 71 218
29 74 227
29 76 207
29 77 33
29 80 275
29 81 138
29 82 288
29 86 231
29 87 278
29 88 134
29 89 92
29 90 105
29 92 129
29 99 231
30 1 295
30 5 149
30 7 86
30 10 194
30 12 92
30 17 300
30 18 212
30 19 51
30 21 217
30 25 208
30 28 33
30 29 211
30 32 130
30 33 280
30 38 233
30 39 109
30 40 58
30 41 90
30 42 115
30 43 53
30 45 49
30 46 174
30 48 212
30 51 38
30 57 74
30 58 78
30 59 267
30 62 34
30 63 181
30 66 54
30 70 241
30 71 243
30 72 88
30 73 36
30 76 52
30 82 265
30 83 165
30 86 111
30 87 151
30 90 279
30 91 61
30 94 89
30 95 121
30 97 102
30 99 149
31 4 188
31 6 94
31 7 140
31 10 87
31 11 113
31 12 113
31 13 253
31 14 55
31 15 116
31 16 247
31 19 193
31 21 95
31 22 65
31 24 52
31 25 144
31 26 271
31 27 111
31 28 292
31 33 92
31 35 33
31 36 111
31 37 133
31 39 173
31 40 229
31 41 152
31 42 202
31 43 87
31 44 71
31 45 111
31 48 150
31 50 58
31 51 278
31 53 175
31 55 298
31 57 60
31 58 193
31 65 192
31 67 287
31 68 89
31 70 210
31 72 239
31 73 203
31 74 163
31 75 44
31 76 132
31 81 92
31 82 209
31 84 275
31 89 231
31 92 40
31 96 297
31 99 266
32 1 121
32 4 288
32 7 151
32 8 249
32 11 293
32 12 289
32 16 253
32 17 260
32 18 106
32 20 138
32 23 127
32 24 64
32 25 288
32 26 92
32 30 130
32 33 33
32 34 259
32 35 91
32 36 74
32 37 212
32 40 146
32 41 93
32 45 145
32 46 216
32 47 73
32 49 173
32 50 87
32 54 249
32 55 83
32 58 230
32 59 151
32 60 283
32 61 120
32 62 55
32 63 283
32 65 251
32 70 63
32 72 69
32 76 67
32 77 60
32 78 228
32 81 125
32 84 67
32 98 197
33 1 87
33 4 182
33 8 124
33 9 80
33 12 144
33 13 155
33 16 45
33 20 112
33 22 275
33 26 227
33 27 50
33 29 162
33 30 280
33 31 92
33 32 33
33 35 159
33 36 259
33 38 40
33 40 289
33 41 60
33 42 73
33 44 149
33 47 72
33 48 55
33 49 211
33 50 127
33 52 254
33 53 37
33 57 61
33 58 203
33 59 124
33 61 244
33 62 245
33 63 90
33 64 34
33 66 248
33 68 77
33 73 145
33 74 219
33 79 126
33 80 272
33 81 170
33 82 54
33 87 288
33 95 230
33 96 89
33 97 54
33 98 62
34 1 71
34 2 296
34 4 247
34 5 115
34 6 49
34 11 169
34 12 165
34 14 198
34 16 159
34 19 102
34 24 69
34 26 129
34 27 281
34 29 138
34 32 259
34 36 180
34 37 89
34 38 269
34 41 189
34 42 240
34 43 180
34 44 75
34 45 166
34 47 47
34 48 63
34 49 36
34 51 52
34 52 256
34 53 240
34 54 261
34 55 200
34 56 159
34 58 237
34 59 118
34 61 70
34 62 159
34 63 181
34 68 148
34 69 276
34 70 234
34 71 56
34 72 279
34 73 195
34 74 43
34 75 48
34 76 204
34 77 144
34 78 36
34 80 105
34 82 58
34 86 191
34 89 220
34 91 47
34 94 265
34 98 97
35 2 71
35 3 224
35 4 180
35 6 250
35 7 180
35 8 151
35 10 263
35 14 223
35 15 206
35 17 154
35 18 185
35 22 79
35 23 159
35 26 64
35 27 174
35 29 176
35 31 33
35 32 91
35 33 159
35 38 266
35 39 190
35 40 235
35 41 174
35 44 49
35 46 262
35 47 296
35 48 179
35 49 275
35 52 69
35 55 192
35 57 255
35 59 298
35 60 171
35 61 98
35 62 139
35 63 285
35 67 47
35 74 242
35 75 195
35 76 237
35 78 190
35 79 198
35 80 278
35 81 191
35 83 72
35 84 260
35 86 88
35 89 294
35 90 216
35 91 120
35 92 150
35 94 128
35 95 230
35 96 198
35 97 129
35 98 261
36 2 199
36 3 239
36 4 103
36 5 109
36 6 298
36 7 43
36 8 165
36 10 190
36 12 289
36 14 256
36 16 221
36 18 216
36 19 54
36 24 78
36 27 253
36 28 148
36 31 111
36 32 74
36 33 259
36 34 180
36 41 246
36 42 233
36 44 204
36 47 150
36 50 220
36 51 86
36 53 45
36 54 39
36 55 252
36 56 58
36 57 102
36 58 133
36 59 261
36 60 235
36 63 293
36 65 254
36 66 115
36 70 154
36 72 66
36 73 41
36 74 170
36 76 162
36 78 255
36 80 48
36 81 182
36 83 154
36 86 159
36 87 55
36 89 214
36 90 86
36 92 58
36 96 60
36 97 207
36 98 114
37 1 184
37 3 113
37 6 77
37 7 199
37 9 261
37 12 205
37 13 266
37 14 160
37 15 233
37 18 36
37 19 181
37 21 163
37 23 235
37 24 117
37 26 152
37 27 134
37 31 133
37 32 212
37 34 89
37 38 182
37 44 189
37 45 188
37 47 209
37 51 97
37 52 294
37 53 106
37 55 110
37 58 113
37 61 237
37 62 262
37 65 290
37 66 100
37 67 67
37 70 202
37 71 112
37 74 247
37 75 84
37 76 170
37 77 76
37 78 225
37 79 60
37 83 34
37 85 87
37 87 42
37 88 229
37 89 264
37 90 71
37 93 298
37 94 43
37 96 129
37 97 278
37 98 200
38 1 214
38 3 135
38 5 253
38 7 279
38 8 156
38 10 54
38 11 62
38 12 88
38 13 224
38 14 37
38 15 234
38 18 89
38 23 36
38 25 78
38 27 197
38 29 106
38 30 233
38 33 40
38 34 269
38 35 266
38 37 182
38 39 285
38 40 165
38 41 276
38 45 241
38 49 218
38 51 53
38 55 287
38 56 244
38 58 43
38 61 188
38 62 206
38 63 232
38 68 251
38 69 95
38 72 133
38 73 158
38 74 229
38 76 57
38 79 41
38 81 259
38 87 184
38 88 33
38 89 134
38 91 288
38 92 144
38 94 235
38 95 80
38 96 140
38 99 241
39 3 132
39 4 285
39 5 191
39 9 210
39 10 234
39 12 243
39 13 49
39 19 88
39 20 276
39 22 266
39 23 291
39 24 143
39 28 137
39 30 109
39 31 173
39 35 190
39 38 285
39 40 67
39 42 69
39 43 95
39 48 130
39 51 234
39 52 214
39 53 224
39 56 150
39 59 125
39 60 128
39 61 126
39 62 94
39 64 31
39 65 145
39 66 218
39 67 122
39 69 61
39 70 172
39 71 260
39 72 151
39 73 198
39 75 198
39 76 207
39 77 143
39 78 275
39 80 147
39 81 138
39 82 260
39 83 296
39 84 125
39 86 206
39 87 258
39 89 216
39 92 144
39 94 278
39 96 228
39 97 263
39 98 223
39 99 99
40 1 117
40 4 281
40 5 295
40 6 252
40 7 136
40 10 257
40 11 296
40 15 175
40 17 158
40 21 288
40 22 65
40 26 149
40 30 58
40 31 229
40 32 146
40 33 289
40 35 235
40 38 165
40 39 67
40 41 151
40 42 220
40 46 257
40 47 216
40 51 62
40 52 281
40 55 179
40 56 288
40 57 88
40 63 205
40 66 65
40 67 40
40 69 253
40 71 284
40 72 208
40 73 76
40 74 66
40 78 69
40 86 131
40 87 160
40 90 124
40 92 298
40 97 252
40 98 71
41 3 271
41 7 237
41 8 172
41 9 227
41 10 61
41 13 107
41 14 116
41 17 286
41 18 41
41 19 84
41 22 49
41 23 193
41 29 271
41 30 90
41 31 152
41 32 93
41 33 60
41 34 189
41 35 174
41 36 246
41 38 276
41 40 151
41 43 37
41 44 150
41 47 68
41 49 150
41 54 31
41 55 194
41 57 106
41 58 225
41 59 35
41 61 232
41 62 164
41 64 67
41 65 264
41 66 179
41 67 148
41 68 196
41 72 274
41 75 94
41 80 197
41 81 178
41 82 230
41 84 125
41 85 123
41 87 233
41 89 264
41 91 52
41 92 281
41 93 243
41 95 268
42 3 218
42 4 187
42 5 181
42 11 190
42 15 145
42 16 214
42 17 218
42 18 282
42 19 218
42 20 118
42 22 34
42 23 148
42 25 205
42 26 64
42 28 258
42 30 115
42 31 202
42 33 73
42 34 240
42 36 233
42 39 69
42 40 220
42 43 248
42 44 247
42 45 281
42 46 221
42 48 93
42 49 247
42 50 202
42 51 159
42 52 36
42 53 114
42 54 112
42 56 67
42 57 107
42 59 163
42 61 124
42 68 144
42 70 70
42 74 47
42 75 145
42 76 44
42 77 190
42 80 35
42 81 110
42 86 276
42 88 217
42 91 73
42 92 54
42 93 131
42 94 171
42 95 255
42 96 86
42 99 114
43 3 254
43 5 144
43 8 247
43 9 189
43 11 221
43 12 261
43 16 199
43 20 128
43 22 83
43 23 205
43 26 287
43 30 53
43 31 87
43 34 180
43 39 95
43 41 37
43 42 248
43 44 127
43 45 240
43 47 46
43 49 264
43 51 197
43 52 134
43 55 84
43 58 256
43 59 35
43 61 165
43 63 210
43 67 113
43 68 290
43 69 253
43 72 210
43 75 101
43 76 56
43 78 180
43 79 273
43 82 131
43 83 222
43 86 142
43 87 32
43 88 181
43 91 277
43 93 126
43 94 120
43 95 215
43 96 219
43 98 111
44 1 206
44 4 127
44 5 89
44 7 277
44 9 234
44 11 267
44 12 57
44 14 138
44 19 191
44 20 153
44 22 141
44 23 126
44 24 41
44 25 78
44 28 236
44 29 174
44 31 71
44 33 149
44 34 75
44 35 49
44 36 204
44 37 189
44 41 150
44 42 247
44 43 127
44 45 49
44 46 277
44 48 181
44 49 230
44 51 174
44 52 286
44 53 43
44 59 237
44 61 173
44 62 140
44 64 221
44 67 67
44 68 85
44 69 157
44 70 272
44 72 152
44 73 239
44 79 232
44 80 149
44 81 102
44 85 74
44 86 73
44 87 293
44 91 183
44 92 92
44 99 42
45 1 160
45 2 241
45 7 150
45 10 297
45 11 184
45 18 130
45 19 272
45 21 188
45 22 284
45 23 170
45 28 94
45 29 107
45 30 49
45 31 111
45 32 145
45 34 166
45 37 188
45 38 241
45 42 281
45 43 240
45 44 49
45 46 178
45 47 198
45 48 58
45 53 239
45 54 288
45 55 281
45 58 66
45 59 152
45 60 221
45 61 270
45 62 95
45 63 275
45 64 37
45 65 251
45 66 107
45 68 174
45 69 89
45 72 295
45 73 47
45 75 209
45 76 277
45 78 152
45 80 164
45 81 89
45 86 72
45 87 193
45 91 52
45 92 273
45 93 185
45 94 288
45 95 163
45 97 161
45 98 99
46 6 142
46 7 186
46 8 213
46 9 61
46 10 76
46 11 246
46 13 179
46 17 203
46 19 181
46 20 236
46 21 115
46 24 118
46 25 266
46 26 100
46 27 66
46 29 196
46 30 174
46 32 216
46 35 262
46 40 257
46 42 221
46 44 277
46 45 178
46 47 157
46 51 229
46 52 295
46 53 61
46 54 261
46 60 58
46 61 96
46 62 175
46 67 242
46 68 46
46 70 44
46 72 63
46 73 68
46 75 120
46 76 181
46 82 146
46 83 112
46 86 254
46 87 273
46 89 95
46 90 210
46 91 88
46 92 279
46 95 37
46 97 268
46 99 112
47 3 51
47 5 51
47 8 261
47 9 43
47 10 181
47 17 114
47 20 125
47 21 79
47 22 286
47 28 263
47 32 73
47 33 72
47 34 47
47 35 296
47 36 150
47 37 209
47 40 216
47 41 68
47 43 46
47 45 198
47 46 157
47 48 136
47 50 193
47 56 140
47 58 290
47 59 286
47 60 253
47 62 235
47 65 223
47 70 122
47 71 138
47 73 46
47 78 47
47 80 79
47 82 56
47 84 49
47 85 240
47 89 42
47 91 85
47 92 163
47 94 82
47 95 104
47 98 243
48 1 208
48 2 240
48 5 198
48 7 299
48 8 260
48 10 104
48 11 52
48 12 85
48 15 272
48 19 72
48 20 150
48 21 62
48 26 166
48 29 65
48 30 212
48 31 150
48 33 55
48 34 63
48 35 179
48 39 130
48 42 93
48 44 181
48 45 58
48 47 136
48 51 31
48 54 73
48 55 219
48 58 136
48 62 135
48 67 146
48 69 216
48 72 210
48 73 208
48 74 115
48 76 62
48 77 219
48 78 85
48 81 153
48 85 64
48 89 197
48 91 40
48 92 199
48 93 278
48 95 155
48 96 33
49 1 154
49 5 243
49 6 130
49 8 60
49 10 159
49 11 36
49 13 132
49 15 279
49 17 164
49 22 49
49 26 126
49 27 264
49 32 173
49 33 211
49 34 36
49 35 275
49 38 218
49 41 150
49 42 247
49 43 264
49 44 230
49 50 52
49 51 223
49 52 65
49 53 233
49 54 55
49 55 118
49 56 141
49 57 203
49 58 54
49 59 154
49 62 100
49 63 152
49 64 116
49 65 34
49 69 218
49 70 159
49 71 105
49 72 46
49 75 59
49 76 128
49 78 237
49 80 86
49 81 164
49 82 36
49 83 121
49 84 173
49 85 210
49 86 263
49 87 250
49 88 269
49 91 89
49 93 195
49 94 84
49 97 216
49 98 105
50 1 276
50 2 196
50 4 42
50 5 122
50 7 160
50 8 205
50 10 64
50 13 57
50 15 257
50 16 278
50 20 86
50 21 164
50 22 135
50 24 52
50 27 153
50 31 58
50 32 87
50 33 127
50 36 220
50 42 202
50 47 193
50 49 52
50 52 177
50 55 48
50 58 82
50 59 201
50 60 257
50 63 154
50 64 92
50 65 173
50 66 175
50 67 265
50 71 300
50 72 207
50 73 229
50 74 263
50 75 188
50 76 43
50 80 104
50 82 96
50 83 38
50 85 228
50 87 128
50 88 98
50 89 277
50 90 151
50 91 44
50 95 246
50 96 146
50 99 272
51 5 96
51 6 263
51 7 79
51 8 294
51 11 68
51 12 223
51 13 150
51 14 207
51 15 98
51 19 233
51 21 41
51 23 278
51 26 162
51 29 256
51 30 38
51 31 278
51 34 52
51 36 86
51 37 97
51 38 53
51 39 234
51 40 62
51 42 159
51 43 197
51 44 174
51 46 229
51 48 31
51 49 223
51 53 57
51 54 142
51 57 136
51 59 207
51 63 294
51 64 107
51 65 44
51 69 219
51 72 254
51 73 257
51 74 212
51 75 167
51 76 211
51 78 55
51 80 156
51 83 111
51 84 262
51 85 159
51 86 275
51 88 259
51 90 118
51 91 37
51 94 212
51 97 87
51 99 75
52 3 68
52 4 97
52 8 59
52 12 62
52 13 213
52 14 243
52 17 279
52 18 112
52 20 189
52 22 57
52 23 214
52 25 148
52 26 181
52 33 254
52 34 256
52 35 69
52 37 294
52 39 214
52 40 281
52 42 36
52 43 134
52 44 286
52 46 295
52 49 65
52 50 177
52 53 273
52 54 64
52 55 205
52 59 132
52 60 185
52 61 249
52 62 235
52 64 271
52 65 161
52 67 122
52 69 147
52 70 105
52 71 257
52 74 211
52 75 162
52 77 238
52 78 209
52 80 185
52 85 272
52 86 214
52 89 300
52 90 248
52 91 180
52 92 228
52 93 264
52 94 32
52 95 203
52 96 194
52 99 189
53 2 235
53 3 255
53 4 164
53 5 143
53 7 281
53 8 285
53 9 241
53 14 54
53 21 178
53 22 277
53 25 277
53 26 92
53 28 190
53 31 175
53 33 37
53 34 240
53 36 45
53 37 106
53 39 224
53 42 114
53 44 43
53 45 239
53 46 61
53 49 233
53 51 57
53 52 273
53 54 77
53 55 142
53 57 57
53 59 53
53 60 71
53 61 137
53 62 242
53 63 61
53 64 81
53 66 99
53 69 108
53 71 250
53 72 216
53 74 97
53 75 231
53 76 177
53 79 216
53 82 42
53 84 285
53 85 90
53 91 101
53 93 176
53 95 136
53 96 45
53 97 79
53 99 148
54 1 227
54 2 250
54 6 172
54 7 196
54 12 149
54 15 98
54 19 176
54 22 264
54 23 125
54 25 281
54 27 250
54 28 57
54 29 232
54 32 249
54 34 261
54 36 39
54 41 31
54 42 112
54 45 288
54 46 261
54 48 73
54 49 55
54 51 142
54 52 64
54 53 77
54 59 158
54 60 156
54 61 58
54 62 177
54 63 141
54 65 35
54 67 256
54 69 287
54 70 118
54 74 143
54 76 182
54 78 75
54 80 101
54 82 229
54 85 54
54 86 90
54 90 170
54 91 150
54 92 259
54 94 80
54 95 163
54 97 65
54 98 254
55 2 35
55 3 123
55 5 248
55 6 207
55 8 59
55 9 82
55 11 126
55 12 122
55 13 193
55 16 171
55 17 164
55 18 58
55 19 235
55 20 100
55 21 88
55 22 36
55 25 159
55 28 275
55 29 276
55 31 298
55 32 83
55 34 200
55 35 192
55 36 252
55 37 110
55 38 287
55 40 179
55 41 194
55 43 84
55 45 281
55 48 219
55 49 118
55 50 48
55 52 205
55 53 142
55 58 204
55 59 153
55 60 106
55 61 72
55 64 120
55 65 77
55 66 300
55 69 300
55 73 246
55 75 66
55 76 43
55 77 156
55 80 187
55 81 96
55 83 196
55 85 92
55 87 174
55 91 143
55 93 129
55 94 53
55 96 237
55 97 142
55 98 33
55 99 189
56 2 53
56 3 45
56 5 134
56 6 99
56 10 68
56 13 35
56 14 280
56 15 128
56 16 247
56 17 112
56 18 279
56 19 154
56 22 278
56 23 297
56 25 53
56 26 224
56 27 183
56 29 223
56 34 159
56 36 58
56 38 244
56 39 150
56 40 288
56 42 67
56 47 140
56 49 141
56 57 221
56 58 92
56 59 262
56 60 139
56 67 84
56 68 206
56 69 37
56 70 107
56 71 207
56 72 165
56 73 42
56 76 96
56 78 179
56 79 157
56 81 213
56 88 118
56 90 294
56 93 147
56 94 101
56 96 141
56 98 229
57 1 67
57 2 106
57 3 110
57 6 37
57 8 146
57 9 232
57 10 46
57 11 56
57 12 222
57 19 295
57 22 264
57 25 280
57 27 195
57 30 74
57 31 60
57 33 61
57 35 255
57 36 102
57 40 88
57 41 106
57 42 107
57 49 203
57 51 136
57 53 57
57 56 221
57 59 190
57 60 222
57 61 66
57 62 149
57 63 137
57 64 242
57 66 232
57 69 77
57 70 210
57 71 39
57 75 138
57 78 286
57 80 58
57 81 294
57 83 158
57 86 193
57 87 102
57 88 74
57 89 232
57 90 249
57 95 224
57 98 99
57 99 145
58 1 33
58 2 276
58 3 62
58 4 244
58 5 228
58 6 173
58 7 270
58 8 67
58 10 279
58 11 182
58 14 38
58 20 297
58 21 159
58 22 247
58 23 215
58 25 290
58 27 288
58 28 89
58 29 32
58 30 78
58 31 193
58 32 230
58 33 203
58 34 237
58 36 133
58 37 113
58 38 43
58 41 225
58 43 256
58 45 66
58 47 290
58 48 136
58 49 54
58 50 82
58 55 204
58 56 92
58 59 106
58 63 237
58 65 287
58 66 276
58 67 100
58 69 172
58 72 67
58 74 219
58 78 170
58 80 61
58 81 169
58 83 159
58 85 56
58 86 292
58 87 138
58 88 274
58 89 185
58 92 145
58 94 109
58 95 57
58 96 138
59 4 87
59 5 102
59 7 37
59 19 149
59 21 250
59 22 87
59 23 140
59 25 36
59 29 192
59 30 267
59 32 151
59 33 124
59 34 118
59 35 298
59 36 261
59 39 125
59 41 35
59 42 163
59 43 35
59 44 237
59 45 152
59 47 286
59 49 154
59 50 201
59 51 207
59 52 132
59 53 53
59 54 158
59 55 153
59 56 262
59 57 190
59 58 106
59 63 156
59 64 128
59 66 30
59 67 131
59 68 43
59 71 268
59 72 104
59 74 184
59 77 90
59 83 137
59 85 105
59 88 258
59 90 90
59 91 265
59 92 121
59 93 131
59 94 254
59 96 192
59 98 296
60 3 202
60 6 94
60 10 84
60 11 196
60 14 59
60 15 171
60 17 110
60 18 240
60 19 229
60 22 58
60 24 57
60 25 148
60 26 124
60 28 168
60 32 283
60 35 171
60 36 235
60 39 128
60 45 221
60 46 58
60 47 253
60 50 257
60 52 185
60 53 71
60 54 156
60 55 106
60 56 139
60 57 222
60 61 292
60 63 31
60 65 47
60 66 164
60 67 244
60 68 187
60 69 260
60 71 62
60 74 195
60 77 51
60 78 264
60 79 213
60 80 278
60 81 217
60 82 163
60 83 290
60 84 207
60 85 42
60 89 255
60 90 118
60 91 135
60 92 84
60 94 225
60 95 84
60 96 197
60 98 181
60 99 90
61 4 46
61 5 77
61 11 242
61 14 189
61 15 210
61 16 166
61 18 221
61 20 198
61 21 278
61 27 279
61 28 89
61 32 120
61 33 244
61 34 70
61 35 98
61 37 237
61 38 188
61 39 126
61 41 232
61 42 124
61 43 165
61 44 173
61 45 270
61 46 96
61 52 249
61 53 137
61 54 58
61 55 72
61 57 66
61 60 292
61 62 155
61 65 55
61 67 59
61 70 77
61 71 226
61 73 284
61 75 185
61 79 227
61 82 227
61 83 260
61 84 52
61 86 85
61 95 52
61 97 51
62 1 124
62 2 165
62 4 43
62 5 55
62 6 283
62 7 279
62 10 119
62 15 162
62 16 120
62 17 248
62 19 73
62 25 120
62 27 253
62 30 34
62 32 55
62 33 245
62 34 159
62 35 139
62 37 262
62 38 206
62 39 94
62 41 164
62 44 140
62 45 95
62 46 175
62 47 235
62 48 135
62 49 100
62 52 235
62 53 242
62 54 177
62 57 149
62 61 155
62 65 56
62 67 291
62 69 158
62 70 277
62 73 186
62 75 135
62 77 108
62 78 171
62 81 272
62 83 229
62 84 128
62 87 293
62 88 248
62 91 241
62 92 226
62 94 190
62 95 66
62 98 144
63 1 203
63 3 167
63 4 201
63 5 206
63 6 165
63 8 169
63 11 162
63 12 32
63 13 34
63 15 127
63 16 181
63 17 42
63 19 55
63 20 174
63 21 34
63 23 227
63 26 109
63 28 161
63 30 181
63 32 283
63 33 90
63 34 181
63 35 285
63 36 293
63 38 232
63 40 205
63 43 210
63 45 275
63 49 152
63 50 154
63 51 294
63 53 61
63 54 141
63 57 137
63 58 237
63 59 156
63 60 31
63 72 287
63 73 56
63 78 212
63 79 297
63 80 293
63 81 70
63 82 94
63 84 161
63 85 64
63 86 258
63 91 131
63 96 256
64 1 76
64 2 165
64 5 83
64 6 241
64 7 296
64 8 191
64 15 295
64 17 216
64 19 80
64 21 267
64 22 138
64 25 287
64 26 118
64 27 268
64 33 34
64 39 31
64 41 67
64 44 221
64 45 37
64 49 116
64 50 92
64 51 107
64 52 271
64 53 81
64 55 120
64 57 242
64 59 128
64 66 148
64 69 79
64 71 245
64 72 197
64 73 88
64 76 112
64 77 155
64 87 291
64 88 127
64 91 65
64 92 120
64 94 224
64 95 81
64 98 122
65 1 46
65 3 172
65 4 274
65 6 144
65 8 99
65 9 117
65 10 179
65 11 108
65 12 265
65 13 119
65 14 213
65 16 241
65 17 220
65 20 75
65 21 57
65 22 106
65 23 194
65 25 281
65 26 296
65 28 154
65 31 192
65 32 251
65 36 254
65 37 290
65 39 145
65 41 264
65 45 251
65 47 223
65 49 34
65 50 173
65 51 44
65 52 161
65 54 35
65 55 77
65 58 287
65 60 47
65 61 55
65 62 56
65 68 219
65 69 180
65 70 136
65 75 283
65 76 244
65 77 98
65 82 103
65 84 228
65 85 147
65 87 127
65 88 276
65 89 244
65 90 150
65 92 87
65 93 115
65 95 148
65 96 292
65 97 56
66 1 186
66 2 100
66 4 162
66 5 69
66 10 261
66 11 146
66 13 62
66 17 113
66 18 126
66 19 168
66 23 42
66 24 235
66 29 93
66 30 54
66 33 248
66 36 115
66 37 100
66 39 218
66 40 65
66 41 179
66 45 107
66 50 175
66 53 99
66 55 300
66 57 232
66 58 276
66 59 30
66 60 164
66 64 148
66 67 139
66 70 57
66 71 160
66 72 155
66 74 39
66 75 291
66 76 191
66 77 118
66 80 221
66 81 44
66 82 179
66 83 135
66 86 188
66 87 186
66 91 204
66 96 31
66 97 123
66 98 231
66 99 55
67 3 88
67 4 150
67 5 160
67 7 256
67 13 223
67 14 291
67 16 49
67 18 49
67 24 117
67 27 51
67 31 287
67 35 47
67 37 67
67 39 122
67 40 40
67 41 148
67 43 113
67 44 67
67 46 242
67 48 146
67 50 265
67 52 122
67 54 256
67 56 84
67 58 100
67 59 131
67 60 244
67 61 59
67 62 291
67 66 139
67 72 72
67 73 156
67 75 177
67 76 34
67 79 64
67 81 161
67 82 135
67 83 184
67 84 275
67 86 126
67 88 64
67 89 210
67 90 145
67 91 99
67 94 102
67 95 186
67 96 65
67 98 265
67 99 253
68 3 290
68 10 47
68 13 35
68 14 132
68 15 280
68 17 122
68 18 276
68 19 66
68 20 295
68 22 142
68 24 199
68 29 120
68 31 89
68 33 77
68 34 148
68 38 251
68 41 196
68 42 144
68 43 290
68 44 85
68 45 174
68 46 46
68 56 206
68 59 43
68 60 187
68 65 219
68 69 80
68 71 132
68 72 253
68 73 55
68 75 86
68 76 111
68 82 163
68 90 172
68 94 49
68 95 65
68 96 92
68 97 246
69 1 68
69 2 43
69 3 110
69 5 80
69 8 134
69 9 80
69 10 281
69 11 252
69 14 94
69 15 58
69 16 217
69 22 127
69 24 175
69 25 218
69 28 210
69 34 276
69 38 95
69 39 61
69 40 253
69 43 253
69 44 157
69 45 89
69 48 216
69 49 218
69 51 219
69 52 147
69 53 108
69 54 287
69 55 300
69 56 37
69 57 77
69 58 172
69 60 260
69 62 158
69 64 79
69 65 180
69 68 80
69 70 66
69 72 151
69 73 45
69 75 276
69 80 33
69 84 198
69 86 105
69 87 295
69 88 138
69 89 142
69 91 78
69 92 268
69 93 96
69 94 262
69 96 105
70 1 231
70 2 143
70 3 36
70 9 109
70 10 236
70 11 279
70 12 206
70 13 145
70 14 38
70 15 217
70 20 282
70 21 217
70 22 37
70 24 182
70 25 97
70 26 266
70 28 110
70 29 208
70 30 241
70 31 210
70 32 63
70 34 234
70 36 154
70 37 202
70 39 172
70 42 70
70 44 272
70 46 44
70 47 122
70 49 159
70 52 105
70 54 118
70 56 107
70 57 210
70 61 77
70 62 277
70 65 136
70 66 57
70 69 66
70 72 208
70 74 95
70 75 274
70 83 274
70 84 266
70 85 191
70 87 50
70 88 129
70 90 35
70 92 68
70 93 247
70 94 242
70 95 132
70 96 88
70 99 145
71 2 156
71 8 119
71 10 151
71 14 267
71 17 174
71 20 233
71 22 192
71 24 161
71 25 291
71 26 205
71 28 66
71 29 218
71 30 243
71 34 56
71 37 112
71 39 260
71 40 284
71 47 138
71 49 105
71 50 300
71 52 257
71 53 250
71 56 207
71 57 39
71 59 268
71 60 62
71 61 226
71 64 245
71 66 160
71 68 132
71 74 61
71 76 228
71 77 147
71 78 160
71 81 202
71 82 30
71 86 39
71 87 207
71 88 185
71 89 189
71 90 43
71 95 80
71 96 223
71 97 265
71 98 155
71 99 225
72 2 207
72 5 209
72 6 160
72 8 247
72 9 197
72 13 197
72 14 94
72 15 76
72 16 147
72 18 51
72 20 225
72 21 193
72 24 95
72 26 208
72 27 74
72 30 88
72 31 239
72 32 69
72 34 279
72 36 66
72 38 133
72 39 151
72 40 208
72 41 274
72 43 210
72 44 152
72 45 295
72 46 63
72 48 210
72 49 46
72 50 207
72 51 254
72 53 216
72 56 165
72 58 67
72 59 104
72 63 287
72 64 197
72 66 155
72 67 72
72 68 253
72 69 151
72 70 208
72 75 209
72 77 205
72 78 122
72 79 158
72 81 233
72 84 150
72 86 126
72 89 274
72 94 99
73 1 241
73 3 273
73 5 157
73 8 253
73 9 127
73 11 264
73 12 150
73 14 117
73 15 217
73 18 227
73 19 250
73 22 129
73 24 186
73 27 45
73 28 284
73 30 36
73 31 203
73 33 145
73 34 195
73 36 41
73 38 158
73 39 198
73 40 76
73 44 239
73 45 47
73 46 68
73 47 46
73 48 208
73 50 229
73 51 257
73 55 246
73 56 42
73 61 284
73 62 186
73 63 56
73 64 88
73 67 156
73 68 55
73 69 45
73 74 184
73 75 263
73 76 60
73 77 167
73 78 61
73 80 64
73 84 66
73 88 67
73 89 68
73 92 233
73 96 49
73 98 171
74 2 186
74 4 124
74 5 254
74 6 147
74 11 127
74 12 69
74 13 225
74 15 39
74 19 115
74 21 197
74 23 122
74 26 226
74 27 143
74 29 227
74 31 163
74 33 219
74 34 43
74 35 242
74 36 170
74 37 247
74 38 229
74 40 66
74 42 47
74 48 115
74 50 263
74 51 212
74 52 211
74 53 97
74 54 143
74 58 219
74 59 184
74 60 195
74 66 39
74 70 95
74 71 61
74 73 184
74 76 113
74 77 109
74 79 175
74 80 300
74 83 297
74 84 281
74 85 40
74 88 93
74 91 216
74 93 190
74 94 227
74 95 212
74 96 211
74 98 286
74 99 252
75 1 125
75 2 87
75 3 295
75 5 207
75 6 234
75 7 153
75 10 118
75 12 113
75 16 166
75 18 65
75 19 143
75 21 33
75 23 278
75 24 236
75 25 51
75 26 213
75 27 112
75 31 44
75 34 48
75 35 195
75 37 84
75 39 198
75 41 94
75 42 145
75 43 101
75 45 209
75 46 120
75 49 59
75 50 188
75 51 167
75 52 162
75 53 231
75 55 66
75 57 138
75 61 185
75 62 135
75 65 283
75 66 291
75 67 177
75 68 86
75 69 276
75 70 274
75 72 209
75 73 263
75 76 268
75 78 134
75 79 97
75 82 46
75 84 96
75 85 33
75 93 248
75 95 143
75 96 98
75 97 115
75 98 188
75 99 127
76 3 216
76 4 109
76 7 58
76 8 93
76 11 233
76 14 150
76 16 206
76 19 260
76 20 118
76 21 199
76 22 129
76 23 166
76 24 94
76 25 234
76 26 135
76 27 164
76 28 59
76 29 207
76 30 52
76 31 132
76 32 67
76 34 204
76 35 237
76 36 162
76 37 170
76 38 57
76 39 207
76 42 44
76 43 56
76 45 277
76 46 181
76 48 62
76 49 128
76 50 43
76 51 211
76 53 177
76 54 182
76 55 43
76 56 96
76 64 112
76 65 244
76 66 191
76 67 34
76 68 111
76 71 228
76 73 60
76 74 113
76 75 268
76 77 54
76 78 34
76 79 93
76 80 221
76 81 287
76 82 44
76 83 116
76 84 202
76 85 197
76 91 89
76 93 280
76 95 191
76 97 171
76 98 59
77 1 268
77 2 236
77 4 140
77 5 122
77 6 158
77 7 144
77 8 131
77 10 213
77 12 262
77 16 107
77 17 37
77 25 103
77 26 275
77 28 74
77 29 33
77 32 60
77 34 144
77 37 76
77 39 143
77 42 190
77 48 219
77 52 238
77 55 156
77 59 90
77 60 51
77 62 108
77 64 155
77 65 98
77 66 118
77 71 147
77 72 205
77 73 167
77 74 109
77 76 54
77 79 67
77 80 192
77 82 145
77 85 264
77 86 263
77 87 281
77 88 288
77 89 140
77 90 120
77 92 45
77 93 300
78 6 275
78 10 232
78 11 104
78 12 134
78 15 164
78 19 202
78 21 115
78 22 126
78 23 57
78 26 132
78 27 268
78 28 206
78 32 228
78 34 36
78 35 190
78 36 255
78 37 225
78 39 275
78 40 69
78 43 180
78 45 152
78 47 47
78 48 85
78 49 237
78 51 55
78 52 209
78 54 75
78 56 179
78 57 286
78 58 170
78 60 264
78 62 171
78 63 212
78 71 160
78 72 122
78 73 61
78 75 134
78 76 34
78 80 247
78 87 55
78 88 70
78 91 30
78 98 177
78 99 32
79 2 278
79 3 142
79 6 251
79 9 263
79 10 221
79 11 166
79 14 213
79 15 152
79 20 173
79 24 74
79 26 220
79 33 126
79 35 198
79 37 60
79 38 41
79 43 273
79 44 232
79 53 216
79 56 157
79 60 213
79 61 227
79 63 297
79 67 64
79 72 158
79 74 175
79 75 97
79 76 93
79 77 67
79 80 35
79 82 88
79 83 265
79 85 227
79 86 255
79 88 198
79 89 201
79 93 84
79 95 280
79 98 83
79 99 236
80 2 299
80 3 278
80 4 255
80 5 284
80 6 141
80 7 145
80 11 289
80 13 217
80 14 224
80 15 192
80 24 269
80 25 207
80 28 146
80 29 275
80 33 272
80 34 105
80 35 278
80 36 48
80 39 147
80 41 197
80 42 35
80 44 149
80 45 164
80 47 79
80 49 86
80 50 104
80 51 156
80 52 185
80 54 101
80 55 187
80 57 58
80 58 61
80 60 278
80 63 293
80 66 221
80 69 33
80 73 64
80 74 300
80 76 221
80 77 192
80 78 247
80 79 35
80 81 291
80 82 273
80 84 239
80 85 279
80 86 196
80 90 297
80 95 105
80 97 242
80 98 75
81 2 258
81 3 34
81 4 118
81 5 176
81 7 277
81 8 41
81 13 140
81 14 88
81 16 249
81 19 53
81 20 168
81 23 190
81 24 152
81 25 236
81 27 296
81 29 138
81 31 92
81 32 125
81 33 170
81 35 191
81 36 182
81 38 259
81 39 138
81 41 178
81 42 110
81 44 102
81 45 89
81 48 153
81 49 164
81 55 96
81 56 213
81 57 294
81 58 169
81 60 217
81 62 272
81 63 70
81 66 44
81 67 161
81 71 202
81 72 233
81 76 287
81 80 291
81 82 105
81 83 216
81 85 279
81 88 206
81 89 286
81 90 165
81 92 251
81 93 160
81 97 263
81 99 191
82 1 276
82 3 149
82 4 74
82 5 191
82 8 161
82 11 47
82 12 246
82 13 158
82 14 175
82 17 100
82 20 266
82 23 246
82 24 151
82 26 45
82 28 57
82 29 288
82 30 265
82 31 209
82 33 54
82 34 58
82 39 260
82 41 230
82 43 131
82 46 146
82 47 56
82 49 36
82 50 96
82 53 42
82 54 229
82 60 163
82 61 227
82 63 94
82 65 103
82 66 179
82 67 135
82 68 163
82 71 30
82 75 46
82 76 44
82 77 145
82 79 88
82 80 273
82 81 105
82 84 56
82 85 55
82 86 107
82 87 32
82 88 257
82 91 100
82 92 164
82 93 288
82 94 98
82 96 290
82 97 66
83 1 183
83 5 159
83 7 297
83 9 60
83 10 161
83 11 53
83 12 110
83 13 247
83 16 127
83 19 142
83 20 274
83 22 262
83 23 82
83 24 248
83 25 113
83 26 284
83 28 152
83 30 165
83 35 72
83 36 154
83 37 34
83 39 296
83 43 222
83 46 112
83 49 121
83 50 38
83 51 111
83 55 196
83 57 158
83 58 159
83 59 137
83 60 290
83 61 260
83 62 229
83 66 135
83 67 184
83 70 274
83 74 297
83 76 116
83 79 265
83 81 216
83 84 158
83 85 39
83 86 296
83 92 234
83 93 79
83 94 187
83 96 238
83 97 190
83 98 285
84 2 258
84 3 33
84 4 176
84 6 114
84 7 149
84 8 277
84 10 76
84 19 279
84 21 179
84 22 293
84 25 228
84 26 77
84 28 144
84 31 275
84 32 67
84 35 260
84 39 125
84 41 125
84 47 49
84 49 173
84 51 262
84 53 285
84 60 207
84 61 52
84 62 128
84 63 161
84 65 228
84 67 275
84 69 198
84 70 266
84 72 150
84 73 66
84 74 281
84 75 96
84 76 202
84 80 239
84 82 56
84 83 158
84 86 144
84 87 204
84 88 53
84 90 151
84 94 129
84 97 256
85 1 127
85 3 85
85 5 236
85 8 31
85 11 39
85 12 63
85 18 81
85 19 278
85 22 146
85 24 245
85 25 127
85 27 148
85 28 103
85 37 87
85 41 123
85 44 74
85 47 240
85 48 64
85 49 210
85 50 228
85 51 159
85 52 272
85 53 90
85 54 54
85 55 92
85 58 56
85 59 105
85 60 42
85 63 64
85 65 147
85 70 191
85 74 40
85 75 33
85 76 197
85 77 264
85 79 227
85 80 279
85 81 279
85 82 55
85 83 39
85 88 54
85 90 235
85 91 40
85 98 115
85 99 131
86 1 33
86 2 127
86 3 266
86 9 236
86 15 185
86 16 298
86 17 35
86 18 96
86 20 115
86 21 122
86 23 44
86 24 215
86 25 165
86 29 231
86 30 111
86 34 191
86 35 88
86 36 159
86 39 206
86 40 131
86 42 276
86 43 142
86 44 73
86 45 72
86 46 254
86 49 263
86 51 275
86 52 214
86 54 90
86 57 193
86 58 292
86 61 85
86 63 258
86 66 188
86 67 126
86 69 105
86 71 39
86 72 126
86 77 263
86 79 255
86 80 196
86 82 107
86 83 296
86 84 144
86 91 93
86 94 46
87 2 69
87 3 273
87 4 270
87 5 214
87 8 274
87 12 81
87 15 259
87 16 283
87 17 53
87 19 98
87 21 32
87 26 73
87 27 299
87 28 74
87 29 278
87 30 151
87 33 288
87 36 55
87 37 42
87 38 184
87 39 258
87 40 160
87 41 233
87 43 32
87 44 293
87 45 193
87 46 273
87 49 250
87 50 128
87 55 174
87 57 102
87 58 138
87 62 293
87 64 291
87 65 127
87 66 186
87 69 295
87 70 50
87 71 207
87 77 281
87 78 55
87 82 32
87 84 204
87 88 239
87 89 177
87 93 180
87 95 226
87 96 152
87 98 68
87 99 146
88 2 130
88 4 185
88 5 208
88 8 256
88 9 175
88 10 135
88 11 137
88 12 128
88 13 89
88 17 120
88 18 297
88 19 171
88 24 268
88 26 73
88 27 166
88 28 97
88 29 134
88 37 229
88 38 33
88 42 217
88 43 181
88 49 269
88 50 98
88 51 259
88 56 118
88 57 74
88 58 274
88 59 258
88 62 248
88 64 127
88 65 276
88 67 64
88 69 138
88 70 129
88 71 185
88 73 67
88 74 93
88 77 288
88 78 70
88 79 198
88 81 206
88 82 257
88 84 53
88 85 54
88 87 239
88 93 209
88 94 63
88 95 130
89 6 102
89 13 296
89 17 203
89 18 96
89 20 250
89 24 70
89 27 64
89 29 92
89 31 231
89 34 220
89 35 294
89 36 214
89 37 264
89 38 134
89 39 216
89 41 264
89 46 95
89 47 42
89 48 197
89 50 277
89 52 300
89 57 232
89 58 185
89 60 255
89 65 244
89 67 210
89 69 142
89 71 189
89 72 274
89 73 68
89 77 140
89 79 201
89 81 286
89 87 177
89 90 155
89 92 77
89 93 71
89 94 50
89 96 95
89 97 175
89 99 113
90 2 113
90 3 148
90 6 168
90 11 122
90 12 183
90 15 199
90 16 83
90 17 66
90 19 247
90 20 55
90 22 258
90 24 117
90 29 105
90 30 279
90 35 216
90 36 86
90 37 71
90 40 124
90 46 210
90 50 151
90 51 118
90 52 248
90 54 170
90 56 294
90 57 249
90 59 90
90 60 118
90 65 150
90 67 145
90 68 172
90 70 35
90 71 43
90 77 120
90 80 297
90 81 165
90 84 151
90 85 235
90 89 155
90 92 287
90 93 189
90 94 205
90 95 101
90 96 281
91 1 230
91 3 160
91 4 200
91 5 219
91 6 277
91 11 107
91 12 65
91 13 174
91 16 257
91 20 58
91 23 201
91 26 256
91 27 124
91 30 61
91 34 47
91 35 120
91 38 288
91 41 52
91 42 73
91 43 277
91 44 183
91 45 52
91 46 88
91 47 85
91 48 40
91 49 89
91 50 44
91 51 37
91 52 180
91 53 101
91 54 150
91 55 143
91 59 265
91 60 135
91 62 241
91 63 131
91 64 65
91 66 204
91 67 99
91 69 78
91 74 216
91 76 89
91 78 30
91 82 100
91 85 40
91 86 93
91 98 233
91 99 160
92 2 94
92 4 60
92 12 199
92 13 214
92 14 292
92 18 280
92 19 74
92 20 131
92 21 283
92 22 296
92 25 300
92 27 248
92 29 129
92 31 40
92 35 150
92 36 58
92 38 144
92 39 144
92 40 298
92 41 281
92 42 54
92 44 92
92 45 273
92 46 279
92 47 163
92 48 199
92 52 228
92 54 259
92 58 145
92 59 121
92 60 84
92 62 226
92 64 120
92 65 87
92 69 268
92 70 68
92 73 233
92 77 45
92 81 251
92 82 164
92 83 234
92 89 77
92 90 287
92 94 280
93 2 108
93 6 56
93 8 236
93 9 47
93 11 219
93 14 178
93 17 88
93 18 252
93 20 46
93 21 122
93 22 191
93 27 102
93 37 298
93 41 243
93 42 131
93 43 126
93 45 185
93 48 278
93 49 195
93 52 264
93 53 176
93 55 129
93 56 147
93 59 131
93 65 115
93 69 96
93 70 247
93 74 190
93 75 248
93 76 280
93 77 300
93 79 84
93 81 160
93 82 288
93 83 79
93 87 180
93 88 209
93 89 71
93 90 189
94 1 82
94 2 268
94 6 294
94 8 164
94 13 150
94 14 52
94 15 283
94 16 272
94 18 53
94 20 113
94 21 192
94 25 246
94 26 37
94 27 284
94 30 89
94 34 265
94 35 128
94 37 43
94 38 235
94 39 278
94 42 171
94 43 120
94 45 288
94 47 82
94 49 84
94 51 212
94 52 32
94 54 80
94 55 53
94 56 101
94 58 109
94 59 254
94 60 225
94 62 190
94 64 224
94 67 102
94 68 49
94 69 262
94 70 242
94 72 99
94 74 227
94 82 98
94 83 187
94 84 129
94 86 46
94 88 63
94 89 50
94 90 205
94 92 280
95 2 253
95 4 107
95 5 103
95 8 220
95 11 66
95 12 158
95 13 156
95 16 236
95 18 165
95 20 70
95 22 81
95 26 233
95 30 121
95 33 230
95 35 230
95 38 80
95 41 268
95 42 255
95 43 215
95 45 163
95 46 37
95 47 104
95 48 155
95 50 246
95 52 203
95 53 136
95 54 163
95 57 224
95 58 57
95 60 84
95 61 52
95 62 66
95 64 81
95 65 148
95 67 186
95 68 65
95 70 132
95 71 80
95 74 212
95 75 143
95 76 191
95 79 280
95 80 105
95 87 226
95 88 130
95 90 101
95 97 81
95 99 125
96 3 75
96 5 234
96 6 136
96 8 108
96 14 53
96 15 45
96 18 161
96 24 120
96 25 87
96 26 52
96 27 43
96 31 297
96 33 89
96 35 198
96 36 60
96 37 129
96 38 140
96 39 228
96 42 86
96 43 219
96 48 33
96 50 146
96 52 194
96 53 45
96 55 237
96 56 141
96 58 138
96 59 192
96 60 197
96 63 256
96 65 292
96 66 31
96 67 65
96 68 92
96 69 105
96 70 88
96 71 223
96 73 49
96 74 211
96 75 98
96 82 290
96 83 238
96 87 152
96 89 95
96 90 281
96 97 118
96 98 92
97 1 57
97 2 93
97 3 199
97 4 156
97 5 209
97 6 144
97 9 184
97 11 136
97 12 208
97 14 154
97 15 239
97 16 85
97 18 32
97 21 205
97 22 143
97 23 174
97 24 125
97 26 81
97 27 238
97 28 286
97 30 102
97 33 54
97 35 129
97 36 207
97 37 278
97 39 263
97 40 252
97 45 161
97 46 268
97 49 216
97 51 87
97 53 79
97 54 65
97 55 142
97 61 51
97 65 56
97 66 123
97 68 246
97 71 265
97 75 115
97 76 171
97 80 242
97 81 263
97 82 66
97 83 190
97 84 256
97 89 175
97 95 81
97 96 118
97 98 187
97 99 114
98 1 209
98 4 179
98 5 222
98 9 61
98 10 71
98 13 134
98 16 154
98 18 63
98 21 202
98 26 163
98 32 197
98 33 62
98 34 97
98 35 261
98 36 114
98 37 200
98 39 223
98 40 71
98 43 111
98 45 99
98 47 243
98 49 105
98 54 254
98 55 33
98 56 229
98 57 99
98 59 296
98 60 181
98 62 144
98 64 122
98 66 231
98 67 265
98 71 155
98 73 171
98 74 286
98 75 188
98 76 59
98 78 177
98 79 83
98 80 75
98 83 285
98 85 115
98 87 68
98 91 233
98 96 92
98 97 187
98 99 150
8 t 43
10 t 192
11 t 227
13 t 67
16 t 75
20 t 209
21 t 128
22 t 282
23 t 149
26 t 118
27 t 185
28 t 272
29 t 231
30 t 149
31 t 266
38 t 241
39 t 99
42 t 114
44 t 42
46 t 112
50 t 272
51 t 75
52 t 189
53 t 148
55 t 189
57 t 145
60 t 90
66 t 55
67 t 253
70 t 145
71 t 225
74 t 252
75 t 127
78 t 32
79 t 236
81 t 191
85 t 131
87 t 146
89 t 113
91 t 160
95 t 125
97 t 114
98 t 150
