s 1 32
s 2 159
s 3 155
s 4 35
s 5 72
s 6 135
s 7 69
s 8 233
s 9 134
s 10 88
s 11 167
s 12 105
s 13 51
s 14 198
s 15 253
s 16 243
s 17 78
s 18 133
s 19 281
s 20 293
s 21 168
s 22 208
s 23 113
s 24 265
s 25 287
s 26 31
s 27 288
s 28 125
s 29 215
s 30 92
s 31 275
s 32 84
s 33 79
s 34 197
s 35 188
s 36 131
s 37 270
s 38 272
s 39 237
s 40 97
s 41 134
s 42 50
s 43 222
s 44 300
s 45 108
s 46 145
s 47 251
s 48 143
s 49 230
s 50 131
s 51 41
s 52 119
s 53 103
s 54 144
s 55 257
s 56 241
s 57 287
s 58 134
s 59 78
s 60 218
s 61 219
s 62 69
s 63 143
s 64 220
s 65 217
s 66 251
s 67 132
s 68 149
s 69 80
s 70 234
s 71 207
s 72 229
s 73 85
s 74 300
s 75 106
s 76 163
s 77 260
s 78 33
s 79 160
s 80 66
s 81 267
s 82 62
s 83 95
s 84 164
s 85 123
s 86 258
s 87 103
s 88 223
s 89 172
s 90 196
s 91 262
s 92 46
s 93 60
s 94 194
s 95 145
s 96 93
s 97 254
s 98 249
s 99 224
1 2 95
1 3 265
1 4 99
1 5 174
1 6 80
1 7 108
1 8 231
1 9 223
1 10 81
1 11 227
1 12 248
1 13 208
1 14 245
1 15 177
1 16 32
1 17 161
1 18 43
1 19 78
1 20 207
1 21 262
1 22 163
1 23 273
1 24 34
1 25 94
1 26 52
1 27 273
1 28 121
1 29 171
1 30 232
1 31 44
1 32 39
1 33 145
1 34 98
1 35 142
1 36 73
1 37 251
1 38 132
1 39 126
1 40 224
1 41 216
1 42 81
1 43 86
1 44 192
1 45 214
1 46 173
1 47 155
1 48 282
1 49 92
1 50 43
1 51 229
1 52 160
1 53 47
1 54 288
1 55 237
1 56 77
1 57 259
1 58 272
1 59 42
1 60 278
1 61 32
1 62 226
1 63 75
1 64 59
1 65 209
1 66 275
1 67 83
1 68 283
1 69 147
1 70 31
1 71 92
1 72 113
1 73 118
1 74 146
1 75 274
1 76 50
1 77 171
1 78 146
1 79 139
1 80 224
1 81 212
1 82 68
1 83 258
1 84 273
1 85 241
1 86 175
1 87 77
1 88 144
1 89 279
1 90 248
1 91 47
1 92 219
1 93 221
1 94 179
1 95 36
1 96 90
1 97 282
1 98 233
1 99 87
2 1 95
2 3 249
2 4 231
2 5 129
2 6 62
2 7 133
2 8 201
2 9 108
2 10 34
2 11 123
2 12 52
2 13 219
2 14 290
2 15 187
2 16 272
2 17 206
2 18 239
2 19 57
2 20 157
2 21 114
2 22 294
2 23 74
2 24 224
2 25 289
2 26 32
2 27 205
2 28 81
2 29 243
2 30 84
2 31 40
2 32 172
2 33 244
2 34 285
2 35 201
2 36 186
2 37 147
2 38 85
2 39 176
2 40 49
2 41 189
2 42 264
2 43 58
2 44 181
2 45 178
2 46 282
2 47 33
2 48 157
2 49 132
2 50 178
2 51 67
2 52 161
2 53 154
2 54 173
2 55 193
2 56 102
2 57 293
2 58 293
2 59 107
2 60 217
2 61 254
2 62 164
2 63 110
2 64 47
2 65 30
2 66 166
2 67 246
2 68 221
2 69 174
2 70 141
2 71 160
2 72 115
2 73 243
2 74 200
2 75 161
2 76 75
2 77 36
2 78 257
2 79 275
2 80 156
2 81 108
2 82 127
2 83 242
2 84 265
2 85 201
2 86 66
2 87 184
2 88 281
2 89 110
2 90 254
2 91 120
2 92 245
2 93 48
2 94 115
2 95 270
2 96 139
2 97 280
2 98 256
2 99 35
3 1 265
3 2 249
3 4 122
3 5 142
3 6 167
3 7 138
3 8 185
3 9 225
3 10 295
3 11 112
3 12 88
3 13 87
3 14 234
3 15 190
3 16 122
3 17 220
3 18 250
3 19 46
3 20 191
3 21 35
3 22 140
3 23 51
3 24 200
3 25 281
3 26 235
3 27 191
3 28 86
3 29 296
3 30 192
3 31 101
3 32 233
3 33 31
3 34 296
3 35 194
3 36 139
3 37 141
3 38 199
3 39 186
3 40 81
3 41 200
3 42 123
3 43 123
3 44 145
3 45 128
3 46 234
3 47 249
3 48 117
3 49 111
3 50 133
3 51 294
3 52 240
3 53 192
3 54 283
3 55 111
3 56 228
3 57 80
3 58 161
3 59 184
3 60 148
3 61 282
3 62 69
3 63 153
3 64 109
3 65 42
3 66 272
3 67 133
3 68 273
3 69 50
3 70 169
3 71 68
3 72 207
3 73 83
3 74 138
3 75 201
3 76 99
3 77 94
3 78 128
3 79 270
3 80 259
3 81 83
3 82 218
3 83 160
3 84 151
3 85 201
3 86 210
3 87 172
3 88 197
3 89 101
3 90 170
3 91 113
3 92 138
3 93 245
3 94 216
3 95 256
3 96 190
3 97 141
3 98 279
3 99 214
4 1 99
4 2 231
4 3 122
4 5 174
4 6 144
4 7 110
4 8 35
4 9 267
4 10 275
4 11 125
4 12 275
4 13 150
4 14 269
4 15 187
4 16 296
4 17 144
4 18 200
4 19 174
4 20 263
4 21 251
4 22 213
4 23 163
4 24 105
4 25 119
4 26 284
4 27 70
4 28 217
4 29 138
4 30 34
4 31 129
4 32 206
4 33 293
4 34 163
4 35 128
4 36 223
4 37 194
4 38 187
4 39 152
4 40 50
4 41 31
4 42 191
4 43 68
4 44 278
4 45 114
4 46 235
4 47 141
4 48 195
4 49 47
4 50 66
4 51 131
4 52 161
4 53 146
4 54 167
4 55 275
4 56 61
4 57 105
4 58 82
4 59 43
4 60 201
4 61 186
4 62 288
4 63 111
4 64 114
4 65 180
4 66 155
4 67 217
4 68 200
4 69 244
4 70 246
4 71 155
4 72 263
4 73 171
4 74 288
4 75 279
4 76 67
4 77 233
4 78 154
4 79 220
4 80 145
4 81 224
4 82 42
4 83 139
4 84 113
4 85 266
4 86 39
4 87 127
4 88 122
4 89 258
4 90 64
4 91 136
4 92 257
4 93 215
4 94 111
4 95 60
4 96 244
4 97 277
4 98 60
4 99 192
5 1 174
5 2 129
5 3 142
5 4 174
5 6 190
5 7 51
5 8 154
5 9 112
5 10 225
5 11 198
5 12 187
5 13 202
5 14 204
5 15 231
5 16 112
5 17 222
5 18 225
5 19 144
5 20 102
5 21 271
5 22 192
5 23 108
5 24 219
5 25 42
5 26 284
5 27 147
5 28 221
5 29 66
5 30 53
5 31 210
5 32 108
5 33 184
5 34 43
5 35 40
5 36 66
5 37 262
5 38 106
5 39 234
5 40 271
5 41 231
5 42 169
5 43 87
5 44 276
5 45 116
5 46 177
5 47 266
5 48 85
5 49 105
5 50 231
5 51 297
5 52 40
5 53 299
5 54 280
5 55 68
5 56 31
5 57 103
5 58 41
5 59 59
5 60 104
5 61 261
5 62 61
5 63 255
5 64 242
5 65 114
5 66 281
5 67 187
5 68 220
5 69 80
5 70 91
5 71 280
5 72 190
5 73 270
5 74 83
5 75 229
5 76 239
5 77 48
5 78 218
5 79 174
5 80 35
5 81 265
5 82 41
5 83 212
5 84 201
5 85 41
5 86 213
5 87 64
5 88 175
5 89 154
5 90 157
5 91 138
5 92 265
5 93 193
5 94 164
5 95 137
5 96 57
5 97 255
5 98 258
5 99 187
6 1 80
6 2 62
6 3 167
6 4 144
6 5 190
6 7 60
6 8 122
6 9 258
6 10 153
6 11 76
6 12 250
6 13 229
6 14 81
6 15 49
6 16 147
6 17 94
6 18 219
6 19 276
6 20 167
6 21 294
6 22 88
6 23 114
6 24 287
6 25 259
6 26 149
6 27 124
6 28 83
6 29 63
6 30 35
6 31 190
6 32 83
6 33 267
6 34 199
6 35 168
6 36 125
6 37 63
6 38 142
6 39 274
6 40 277
6 41 81
6 42 217
6 43 106
6 44 260
6 45 151
6 46 219
6 47 208
6 48 280
6 49 249
6 50 224
6 51 271
6 52 39
6 53 48
6 54 293
6 55 224
6 56 168
6 57 147
6 58 239
6 59 136
6 60 87
6 61 261
6 62 126
6 63 146
6 64 107
6 65 65
6 66 36
6 67 107
6 68 281
6 69 245
6 70 248
6 71 119
6 72 201
6 73 128
6 74 209
6 75 212
6 76 300
6 77 142
6 78 68
6 79 272
6 80 124
6 81 198
6 82 197
6 83 220
6 84 227
6 85 186
6 86 62
6 87 249
6 88 138
6 89 223
6 90 47
6 91 49
6 92 291
6 93 51
6 94 156
6 95 232
6 96 66
6 97 43
6 98 154
6 99 190
7 1 108
7 2 133
7 3 138
7 4 110
7 5 51
7 6 60
7 8 185
7 9 87
7 10 100
7 11 260
7 12 81
7 13 218
7 14 123
7 15 287
7 16 253
7 17 105
7 18 102
7 19 165
7 20 284
7 21 77
7 22 141
7 23 84
7 24 89
7 25 227
7 26 170
7 27 240
7 28 62
7 29 206
7 30 249
7 31 184
7 32 161
7 33 166
7 34 70
7 35 140
7 36 90
7 37 178
7 38 288
7 39 228
7 40 165
7 41 284
7 42 298
7 43 233
7 44 73
7 45 187
7 46 223
7 47 177
7 48 245
7 49 283
7 50 153
7 51 138
7 52 222
7 53 149
7 54 248
7 55 77
7 56 91
7 57 88
7 58 276
7 59 156
7 60 263
7 61 151
7 62 57
7 63 289
7 64 149
7 65 68
7 66 252
7 67 148
7 68 232
7 69 156
7 70 195
7 71 190
7 72 159
7 73 170
7 74 248
7 75 233
7 76 291
7 77 59
7 78 204
7 79 266
7 80 216
7 81 145
7 82 175
7 83 115
7 84 48
7 85 113
7 86 214
7 87 116
7 88 154
7 89 212
7 90 294
7 91 211
7 92 264
7 93 169
7 94 31
7 95 94
7 96 202
7 97 126
7 98 213
7 99 61
8 1 231
8 2 201
8 3 185
8 4 35
8 5 154
8 6 122
8 7 185
8 9 284
8 10 189
8 11 195
8 12 203
8 13 135
8 14 142
8 15 198
8 16 81
8 17 32
8 18 120
8 19 110
8 20 233
8 21 145
8 22 189
8 23 202
8 24 33
8 25 71
8 26 215
8 27 258
8 28 76
8 29 248
8 30 97
8 31 264
8 32 157
8 33 257
8 34 153
8 35 94
8 36 194
8 37 59
8 38 226
8 39 226
8 40 275
8 41 233
8 42 282
8 43 200
8 44 219
8 45 156
8 46 189
8 47 188
8 48 239
8 49 237
8 50 101
8 51 107
8 52 183
8 53 117
8 54 149
8 55 238
8 56 174
8 57 129
8 58 120
8 59 234
8 60 165
8 61 130
8 62 230
8 63 97
8 64 254
8 65 74
8 66 281
8 67 82
8 68 204
8 69 260
8 70 89
8 71 207
8 72 247
8 73 69
8 74 229
8 75 151
8 76 271
8 77 129
8 78 241
8 79 123
8 80 143
8 81 205
8 82 204
8 83 105
8 84 74
8 85 58
8 86 271
8 87 202
8 88 287
8 89 280
8 90 139
8 91 280
8 92 72
8 93 198
8 94 56
8 95 123
8 96 85
8 97 174
8 98 237
8 99 230
9 1 223
9 2 108
9 3 225
9 4 267
9 5 112
9 6 258
9 7 87
9 8 284
9 10 150
9 11 34
9 12 291
9 13 201
9 14 157
9 15 150
9 16 223
9 17 290
9 18 235
9 19 143
9 20 179
9 21 92
9 22 257
9 23 300
9 24 110
9 25 201
9 26 138
9 27 268
9 28 35
9 29 267
9 30 88
9 31 179
9 32 300
9 33 173
9 34 199
9 35 170
9 36 35
9 37 132
9 38 230
9 39 60
9 40 296
9 41 256
9 42 168
9 43 57
9 44 181
9 45 153
9 46 121
9 47 44
9 48 194
9 49 219
9 50 263
9 51 267
9 52 240
9 53 158
9 54 149
9 55 58
9 56 74
9 57 115
9 58 37
9 59 208
9 60 180
9 61 201
9 62 76
9 63 71
9 64 132
9 65 280
9 66 291
9 67 255
9 68 192
9 69 116
9 70 84
9 71 204
9 72 76
9 73 139
9 74 83
9 75 291
9 76 214
9 77 231
9 78 272
9 79 289
9 80 129
9 81 282
9 82 217
9 83 185
9 84 135
9 85 44
9 86 281
9 87 61
9 88 128
9 89 140
9 90 300
9 91 262
9 92 227
9 93 110
9 94 185
9 95 220
9 96 51
9 97 271
9 98 265
9 99 186
10 1 81
10 2 34
10 3 295
10 4 275
10 5 225
10 6 153
10 7 100
10 8 189
10 9 150
10 11 270
10 12 233
10 13 208
10 14 108
10 15 295
10 16 48
10 17 142
10 18 198
10 19 142
10 20 204
10 21 134
10 22 190
10 23 175
10 24 215
10 25 129
10 26 64
10 27 269
10 28 235
10 29 212
10 30 208
10 31 261
10 32 96
10 33 76
10 34 62
10 35 69
10 36 104
10 37 258
10 38 198
10 39 176
10 40 161
10 41 276
10 42 41
10 43 216
10 44 85
10 45 241
10 46 87
10 47 36
10 48 55
10 49 37
10 50 230
10 51 271
10 52 114
10 53 292
10 54 254
10 55 181
10 56 207
10 57 240
10 58 254
10 59 73
10 60 114
10 61 105
10 62 53
10 63 51
10 64 210
10 65 55
10 66 59
10 67 82
10 68 233
10 69 116
10 70 49
10 71 246
10 72 97
10 73 152
10 74 208
10 75 264
10 76 283
10 77 42
10 78 105
10 79 36
10 80 226
10 81 166
10 82 247
10 83 38
10 84 278
10 85 153
10 86 36
10 87 226
10 88 174
10 89 157
10 90 52
10 91 277
10 92 47
10 93 178
10 94 93
10 95 233
10 96 35
10 97 101
10 98 108
10 99 114
11 1 227
11 2 123
11 3 112
11 4 125
11 5 198
11 6 76
11 7 260
11 8 195
11 9 34
11 10 270
11 12 34
11 13 283
11 14 220
11 15 67
11 16 223
11 17 115
11 18 230
11 19 59
11 20 156
11 21 285
11 22 285
11 23 175
11 24 199
11 25 116
11 26 234
11 27 118
11 28 191
11 29 163
11 30 86
11 31 285
11 32 277
11 33 144
11 34 171
11 35 221
11 36 242
11 37 227
11 38 217
11 39 30
11 40 202
11 41 249
11 42 299
11 43 48
11 44 205
11 45 290
11 46 208
11 47 66
11 48 41
11 49 188
11 50 41
11 51 237
11 52 212
11 53 68
11 54 218
11 55 48
11 56 248
11 57 176
11 58 176
11 59 196
11 60 280
11 61 146
11 62 213
11 63 130
11 64 298
11 65 248
11 66 271
11 67 123
11 68 32
11 69 121
11 70 100
11 71 266
11 72 268
11 73 72
11 74 252
11 75 244
11 76 43
11 77 63
11 78 153
11 79 134
11 80 144
11 81 121
11 82 134
11 83 76
11 84 170
11 85 172
11 86 175
11 87 274
11 88 262
11 89 139
11 90 111
11 91 211
11 92 150
11 93 209
11 94 85
11 95 150
11 96 224
11 97 193
11 98 175
11 99 151
12 1 248
12 2 52
12 3 88
12 4 275
12 5 187
12 6 250
12 7 81
12 8 203
12 9 291
12 10 233
12 11 34
12 13 77
12 14 225
12 15 153
12 16 178
12 17 153
12 18 100
12 19 145
12 20 126
12 21 52
12 22 161
12 23 70
12 24 216
12 25 255
12 26 240
12 27 86
12 28 127
12 29 232
12 30 200
12 31 107
12 32 191
12 33 210
12 34 160
12 35 50
12 36 280
12 37 288
12 38 39
12 39 195
12 40 208
12 41 30
12 42 97
12 43 97
12 44 178
12 45 180
12 46 281
12 47 251
12 48 83
12 49 91
12 50 129
12 51 88
12 52 51
12 53 97
12 54 44
12 55 170
12 56 187
12 57 48
12 58 95
12 59 238
12 60 274
12 61 122
12 62 189
12 63 69
12 64 268
12 65 286
12 66 143
12 67 210
12 68 73
12 69 272
12 70 297
12 71 113
12 72 241
12 73 272
12 74 184
12 75 286
12 76 147
12 77 115
12 78 177
12 79 112
12 80 130
12 81 41
12 82 123
12 83 47
12 84 265
12 85 195
12 86 163
12 87 122
12 88 219
12 89 111
12 90 57
12 91 266
12 92 299
12 93 114
12 94 104
12 95 297
12 96 191
12 97 258
12 98 95
12 99 110
13 1 208
13 2 219
13 3 87
13 4 150
13 5 202
13 6 229
13 7 218
13 8 135
13 9 201
13 10 208
13 11 283
13 12 77
13 14 189
13 15 137
13 16 125
13 17 253
13 18 130
13 19 132
13 20 207
13 21 72
13 22 212
13 23 89
13 24 270
13 25 146
13 26 155
13 27 37
13 28 33
13 29 281
13 30 113
13 31 260
13 32 156
13 33 78
13 34 193
13 35 287
13 36 250
13 37 51
13 38 40
13 39 97
13 40 116
13 41 234
13 42 176
13 43 103
13 44 193
13 45 37
13 46 150
13 47 297
13 48 217
13 49 191
13 50 137
13 51 146
13 52 235
13 53 164
13 54 264
13 55 40
13 56 244
13 57 276
13 58 46
13 59 248
13 60 260
13 61 283
13 62 267
13 63 191
13 64 183
13 65 96
13 66 218
13 67 43
13 68 160
13 69 174
13 70 136
13 71 172
13 72 123
13 73 211
13 74 81
13 75 242
13 76 150
13 77 274
13 78 33
13 79 272
13 80 257
13 81 122
13 82 216
13 83 288
13 84 114
13 85 229
13 86 255
13 87 59
13 88 237
13 89 164
13 90 224
13 91 157
13 92 144
13 93 68
13 94 38
13 95 82
13 96 97
13 97 81
13 98 212
13 99 278
14 1 245
14 2 290
14 3 234
14 4 269
14 5 204
14 6 81
14 7 123
14 8 142
14 9 157
14 10 108
14 11 220
14 12 225
14 13 189
14 15 264
14 16 248
14 17 62
14 18 155
14 19 64
14 20 190
14 21 51
14 22 199
14 23 129
14 24 142
14 25 123
14 26 95
14 27 61
14 28 113
14 29 255
14 30 116
14 31 144
14 32 75
14 33 166
14 34 199
14 35 55
14 36 123
14 37 296
14 38 233
14 39 130
14 40 178
14 41 218
14 42 88
14 43 35
14 44 100
14 45 52
14 46 129
14 47 193
14 48 99
14 49 122
14 50 227
14 51 106
14 52 78
14 53 161
14 54 221
14 55 147
14 56 83
14 57 217
14 58 65
14 59 151
14 60 135
14 61 79
14 62 102
14 63 276
14 64 72
14 65 118
14 66 217
14 67 73
14 68 218
14 69 268
14 70 138
14 71 115
14 72 62
14 73 297
14 74 142
14 75 215
14 76 219
14 77 203
14 78 161
14 79 296
14 80 234
14 81 75
14 82 140
14 83 146
14 84 178
14 85 159
14 86 224
14 87 156
14 88 73
14 89 294
14 90 167
14 91 75
14 92 225
14 93 279
14 94 281
14 95 300
14 96 87
14 97 215
14 98 171
14 99 270
15 1 177
15 2 187
15 3 190
15 4 187
15 5 231
15 6 49
15 7 287
15 8 198
15 9 150
15 10 295
15 11 67
15 12 153
15 13 137
15 14 264
15 16 97
15 17 112
15 18 37
15 19 285
15 20 182
15 21 63
15 22 78
15 23 230
15 24 166
15 25 207
15 26 264
15 27 281
15 28 31
15 29 145
15 30 116
15 31 107
15 32 220
15 33 171
15 34 277
15 35 158
15 36 265
15 37 284
15 38 42
15 39 153
15 40 67
15 41 258
15 42 292
15 43 152
15 44 215
15 45 159
15 46 72
15 47 251
15 48 214
15 49 278
15 50 89
15 51 103
15 52 227
15 53 225
15 54 226
15 55 207
15 56 195
15 57 230
15 58 55
15 59 220
15 60 269
15 61 224
15 62 185
15 63 32
15 64 128
15 65 63
15 66 167
15 67 115
15 68 115
15 69 121
15 70 189
15 71 124
15 72 95
15 73 158
15 74 137
15 75 165
15 76 185
15 77 63
15 78 183
15 79 83
15 80 91
15 81 54
15 82 278
15 83 67
15 84 31
15 85 46
15 86 130
15 87 77
15 88 290
15 89 145
15 90 142
15 91 240
15 92 39
15 93 265
15 94 218
15 95 37
15 96 290
15 97 272
15 98 50
15 99 60
16 1 32
16 2 272
16 3 122
16 4 296
16 5 112
16 6 147
16 7 253
16 8 81
16 9 223
16 10 48
16 11 223
16 12 178
16 13 125
16 14 248
16 15 97
16 17 95
16 18 118
16 19 79
16 20 133
16 21 112
16 22 119
16 23 157
16 24 240
16 25 72
16 26 281
16 27 126
16 28 159
16 29 257
16 30 264
16 31 79
16 32 181
16 33 283
16 34 269
16 35 186
16 36 177
16 37 294
16 38 42
16 39 250
16 40 82
16 41 166
16 42 112
16 43 62
16 44 197
16 45 234
16 46 219
16 47 282
16 48 83
16 49 118
16 50 270
16 51 257
16 52 164
16 53 260
16 54 212
16 55 241
16 56 175
16 57 75
16 58 246
16 59 116
16 60 295
16 61 271
16 62 270
16 63 168
16 64 290
16 65 37
16 66 222
16 67 90
16 68 89
16 69 260
16 70 276
16 71 252
16 72 271
16 73 218
16 74 37
16 75 158
16 76 268
16 77 90
16 78 280
16 79 57
16 80 225
16 81 93
16 82 198
16 83 96
16 84 271
16 85 287
16 86 129
16 87 274
16 88 113
16 89 110
16 90 191
16 91 223
16 92 279
16 93 94
16 94 98
16 95 286
16 96 72
16 97 134
16 98 118
16 99 30
17 1 161
17 2 206
17 3 220
17 4 144
17 5 222
17 6 94
17 7 105
17 8 32
17 9 290
17 10 142
17 11 115
17 12 153
17 13 253
17 14 62
17 15 112
17 16 95
17 18 271
17 19 110
17 20 86
17 21 166
17 22 192
17 23 201
17 24 140
17 25 221
17 26 31
17 27 219
17 28 58
17 29 36
17 30 96
17 31 203
17 32 85
17 33 237
17 34 280
17 35 123
17 36 106
17 37 292
17 38 95
17 39 127
17 40 248
17 41 259
17 42 174
17 43 215
17 44 48
17 45 258
17 46 101
17 47 191
17 48 249
17 49 115
17 50 46
17 51 174
17 52 125
17 53 192
17 54 154
17 55 268
17 56 153
17 57 103
17 58 276
17 59 183
17 60 291
17 61 218
17 62 276
17 63 275
17 64 256
17 65 185
17 66 242
17 67 209
17 68 142
17 69 111
17 70 96
17 71 200
17 72 38
17 73 85
17 74 285
17 75 147
17 76 274
17 77 116
17 78 119
17 79 282
17 80 121
17 81 275
17 82 208
17 83 182
17 84 173
17 85 247
17 86 210
17 87 210
17 88 209
17 89 126
17 90 232
17 91 242
17 92 263
17 93 187
17 94 194
17 95 276
17 96 218
17 97 40
17 98 248
17 99 277
18 1 43
18 2 239
18 3 250
18 4 200
18 5 225
18 6 219
18 7 102
18 8 120
18 9 235
18 10 198
18 11 230
18 12 100
18 13 130
18 14 155
18 15 37
18 16 118
18 17 271
18 19 75
18 20 86
18 21 42
18 22 220
18 23 109
18 24 37
18 25 116
18 26 81
18 27 176
18 28 68
18 29 214
18 30 34
18 31 196
18 32 78
18 33 65
18 34 37
18 35 219
18 36 200
18 37 93
18 38 96
18 39 274
18 40 189
18 41 88
18 42 230
18 43 221
18 44 173
18 45 281
18 46 275
18 47 88
18 48 109
18 49 57
18 50 156
18 51 92
18 52 223
18 53 285
18 54 34
18 55 66
18 56 178
18 57 298
18 58 124
18 59 260
18 60 232
18 61 164
18 62 221
18 63 134
18 64 128
18 65 139
18 66 84
18 67 285
18 68 38
18 69 61
18 70 211
18 71 226
18 72 253
18 73 237
18 74 67
18 75 219
18 76 194
18 77 262
18 78 253
18 79 135
18 80 285
18 81 118
18 82 291
18 83 277
18 84 201
18 85 209
18 86 94
18 87 271
18 88 233
18 89 188
18 90 166
18 91 267
18 92 132
18 93 124
18 94 93
18 95 110
18 96 74
18 97 294
18 98 288
18 99 242
19 1 78
19 2 57
19 3 46
19 4 174
19 5 144
19 6 276
19 7 165
19 8 110
19 9 143
19 10 142
19 11 59
19 12 145
19 13 132
19 14 64
19 15 285
19 16 79
19 17 110
19 18 75
19 20 45
19 21 59
19 22 123
19 23 124
19 24 90
19 25 165
19 26 284
19 27 200
19 28 80
19 29 66
19 30 131
19 31 207
19 32 59
19 33 138
19 34 76
19 35 81
19 36 98
19 37 258
19 38 216
19 39 229
19 40 104
19 41 207
19 42 99
19 43 148
19 44 35
19 45 47
19 46 101
19 47 275
19 48 47
19 49 171
19 50 138
19 51 209
19 52 167
19 53 150
19 54 220
19 55 50
19 56 248
19 57 160
19 58 95
19 59 33
19 60 209
19 61 58
19 62 224
19 63 93
19 64 216
19 65 286
19 66 89
19 67 94
19 68 183
19 69 271
19 70 247
19 71 95
19 72 246
19 73 45
19 74 238
19 75 237
19 76 163
19 77 151
19 78 286
19 79 92
19 80 245
19 81 47
19 82 61
19 83 119
19 84 82
19 85 102
19 86 140
19 87 62
19 88 227
19 89 231
19 90 74
19 91 293
19 92 211
19 93 116
19 94 89
19 95 93
19 96 141
19 97 52
19 98 120
19 99 300
20 1 207
20 2 157
20 3 191
20 4 263
20 5 102
20 6 167
20 7 284
20 8 233
20 9 179
20 10 204
20 11 156
20 12 126
20 13 207
20 14 190
20 15 182
20 16 133
20 17 86
20 18 86
20 19 45
20 21 148
20 22 125
20 23 160
20 24 83
20 25 143
20 26 100
20 27 191
20 28 265
20 29 171
20 30 120
20 31 189
20 32 224
20 33 46
20 34 125
20 35 127
20 36 109
20 37 92
20 38 233
20 39 235
20 40 142
20 41 74
20 42 213
20 43 167
20 44 239
20 45 153
20 46 272
20 47 276
20 48 62
20 49 265
20 50 64
20 51 85
20 52 190
20 53 221
20 54 108
20 55 269
20 56 87
20 57 244
20 58 227
20 59 230
20 60 239
20 61 191
20 62 294
20 63 257
20 64 238
20 65 238
20 66 252
20 67 160
20 68 108
20 69 246
20 70 68
20 71 104
20 72 48
20 73 237
20 74 280
20 75 37
20 76 220
20 77 87
20 78 98
20 79 74
20 80 262
20 81 230
20 82 154
20 83 125
20 84 261
20 85 60
20 86 134
20 87 34
20 88 225
20 89 41
20 90 251
20 91 141
20 92 40
20 93 99
20 94 56
20 95 259
20 96 169
20 97 289
20 98 54
20 99 267
21 1 262
21 2 114
21 3 35
21 4 251
21 5 271
21 6 294
21 7 77
21 8 145
21 9 92
21 10 134
21 11 285
21 12 52
21 13 72
21 14 51
21 15 63
21 16 112
21 17 166
21 18 42
21 19 59
21 20 148
21 22 122
21 23 285
21 24 293
21 25 150
21 26 36
21 27 80
21 28 58
21 29 234
21 30 210
21 31 280
21 32 255
21 33 47
21 34 168
21 35 141
21 36 106
21 37 189
21 38 90
21 39 233
21 40 164
21 41 263
21 42 105
21 43 56
21 44 184
21 45 39
21 46 180
21 47 197
21 48 235
21 49 286
21 50 297
21 51 265
21 52 183
21 53 69
21 54 78
21 55 162
21 56 248
21 57 71
21 58 79
21 59 248
21 60 77
21 61 205
21 62 77
21 63 33
21 64 287
21 65 273
21 66 51
21 67 164
21 68 81
21 69 135
21 70 170
21 71 276
21 72 105
21 73 168
21 74 245
21 75 202
21 76 100
21 77 278
21 78 215
21 79 294
21 80 164
21 81 241
21 82 292
21 83 139
21 84 118
21 85 132
21 86 188
21 87 150
21 88 40
21 89 296
21 90 165
21 91 266
21 92 118
21 93 244
21 94 67
21 95 131
21 96 120
21 97 168
21 98 234
21 99 224
22 1 163
22 2 294
22 3 140
22 4 213
22 5 192
22 6 88
22 7 141
22 8 189
22 9 257
22 10 190
22 11 285
22 12 161
22 13 212
22 14 199
22 15 78
22 16 119
22 17 192
22 18 220
22 19 123
22 20 125
22 21 122
22 23 107
22 24 118
22 25 273
22 26 287
22 27 153
22 28 117
22 29 245
22 30 235
22 31 130
22 32 125
22 33 50
22 34 82
22 35 208
22 36 231
22 37 214
22 38 38
22 39 111
22 40 60
22 41 116
22 42 274
22 43 202
22 44 199
22 45 76
22 46 123
22 47 300
22 48 277
22 49 228
22 50 30
22 51 177
22 52 74
22 53 295
22 54 274
22 55 247
22 56 299
22 57 91
22 58 258
22 59 202
22 60 297
22 61 185
22 62 224
22 63 69
22 64 74
22 65 110
22 66 70
22 67 40
22 68 120
22 69 266
22 70 262
22 71 251
22 72 89
22 73 193
22 74 112
22 75 36
22 76 165
22 77 294
22 78 253
22 79 256
22 80 133
22 81 132
22 82 92
22 83 90
22 84 200
22 85 91
22 86 262
22 87 35
22 88 73
22 89 73
22 90 270
22 91 57
22 92 70
22 93 189
22 94 255
22 95 36
22 96 245
22 97 208
22 98 123
22 99 225
23 1 273
23 2 74
23 3 51
23 4 163
23 5 108
23 6 114
23 7 84
23 8 202
23 9 300
23 10 175
23 11 175
23 12 70
23 13 89
23 14 129
23 15 230
23 16 157
23 17 201
23 18 109
23 19 124
23 20 160
23 21 285
23 22 107
23 24 228
23 25 80
23 26 135
23 27 171
23 28 67
23 29 74
23 30 260
23 31 251
23 32 90
23 33 115
23 34 35
23 35 59
23 36 47
23 37 278
23 38 96
23 39 286
23 40 40
23 41 219
23 42 233
23 43 65
23 44 213
23 45 167
23 46 64
23 47 68
23 48 291
23 49 183
23 50 215
23 51 176
23 52 108
23 53 78
23 54 90
23 55 261
23 56 228
23 57 288
23 58 168
23 59 238
23 60 51
23 61 252
23 62 237
23 63 161
23 64 117
23 65 219
23 66 51
23 67 179
23 68 298
23 69 151
23 70 35
23 71 143
23 72 116
23 73 196
23 74 285
23 75 174
23 76 80
23 77 72
23 78 183
23 79 92
23 80 107
23 81 250
23 82 130
23 83 195
23 84 88
23 85 236
23 86 195
23 87 214
23 88 38
23 89 143
23 90 188
23 91 67
23 92 293
23 93 143
23 94 279
23 95 65
23 96 136
23 97 131
23 98 257
23 99 246
24 1 34
24 2 224
24 3 200
24 4 105
24 5 219
24 6 287
24 7 89
24 8 33
24 9 110
24 10 215
24 11 199
24 12 216
24 13 270
24 14 142
24 15 166
24 16 240
24 17 140
24 18 37
24 19 90
24 20 83
24 21 293
24 22 118
24 23 228
24 25 43
24 26 89
24 27 283
24 28 287
24 29 247
24 30 94
24 31 268
24 32 275
24 33 36
24 34 256
24 35 192
24 36 294
24 37 158
24 38 153
24 39 182
24 40 159
24 41 93
24 42 217
24 43 104
24 44 118
24 45 220
24 46 168
24 47 53
24 48 125
24 49 144
24 50 105
24 51 99
24 52 273
24 53 191
24 54 142
24 55 240
24 56 252
24 57 264
24 58 154
24 59 103
24 60 214
24 61 149
24 62 275
24 63 296
24 64 35
24 65 198
24 66 266
24 67 121
24 68 173
24 69 133
24 70 274
24 71 142
24 72 36
24 73 109
24 74 293
24 75 163
24 76 276
24 77 158
24 78 94
24 79 107
24 80 251
24 81 275
24 82 254
24 83 109
24 84 273
24 85 250
24 86 252
24 87 109
24 88 199
24 89 104
24 90 202
24 91 290
24 92 140
24 93 74
24 94 135
24 95 91
24 96 164
24 97 50
24 98 198
24 99 189
25 1 94
25 2 289
25 3 281
25 4 119
25 5 42
25 6 259
25 7 227
25 8 71
25 9 201
25 10 129
25 11 116
25 12 255
25 13 146
25 14 123
25 15 207
25 16 72
25 17 221
25 18 116
25 19 165
25 20 143
25 21 150
25 22 273
25 23 80
25 24 43
25 26 57
25 27 227
25 28 173
25 29 136
25 30 107
25 31 84
25 32 202
25 33 296
25 34 300
25 35 116
25 36 74
25 37 204
25 38 46
25 39 89
25 40 175
25 41 291
25 42 121
25 43 227
25 44 51
25 45 226
25 46 144
25 47 89
25 48 135
25 49 178
25 50 94
25 51 204
25 52 170
25 53 88
25 54 117
25 55 202
25 56 168
25 57 156
25 58 56
25 59 247
25 60 200
25 61 196
25 62 221
25 63 93
25 64 66
25 65 223
25 66 161
25 67 68
25 68 261
25 69 200
25 70 53
25 71 94
25 72 276
25 73 159
25 74 122
25 75 121
25 76 52
25 77 123
25 78 34
25 79 42
25 80 214
25 81 230
25 82 202
25 83 178
25 84 54
25 85 172
25 86 179
25 87 134
25 88 85
25 89 140
25 90 265
25 91 190
25 92 80
25 93 69
25 94 271
25 95 97
25 96 54
25 97 153
25 98 104
25 99 245
26 1 52
26 2 32
26 3 235
26 4 284
26 5 284
26 6 149
26 7 170
26 8 215
26 9 138
26 10 64
26 11 234
26 12 240
26 13 155
26 14 95
26 15 264
26 16 281
26 17 31
26 18 81
26 19 284
26 20 100
26 21 36
26 22 287
26 23 135
26 24 89
26 25 57
26 27 36
26 28 63
26 29 205
26 30 50
26 31 218
26 32 279
26 33 233
26 34 182
26 35 79
26 36 167
26 37 287
26 38 114
26 39 195
26 40 159
26 41 141
26 42 204
26 43 231
26 44 163
26 45 270
26 46 149
26 47 43
26 48 186
26 49 229
26 50 143
26 51 98
26 52 137
26 53 61
26 54 113
26 55 222
26 56 229
26 57 34
26 58 44
26 59 221
26 60 107
26 61 276
26 62 137
26 63 171
26 64 54
26 65 285
26 66 174
26 67 280
26 68 35
26 69 32
26 70 172
26 71 105
26 72 205
26 73 278
26 74 276
26 75 203
26 76 220
26 77 74
26 78 245
26 79 103
26 80 262
26 81 115
26 82 159
26 83 190
26 84 156
26 85 222
26 86 252
26 87 59
26 88 154
26 89 128
26 90 289
26 91 225
26 92 159
26 93 232
26 94 249
26 95 62
26 96 78
26 97 92
26 98 104
26 99 44
27 1 273
27 2 205
27 3 191
27 4 70
27 5 147
27 6 124
27 7 240
27 8 258
27 9 268
27 10 269
27 11 118
27 12 86
27 13 37
27 14 61
27 15 281
27 16 126
27 17 219
27 18 176
27 19 200
27 20 191
27 21 80
27 22 153
27 23 171
27 24 283
27 25 227
27 26 36
27 28 249
27 29 45
27 30 125
27 31 71
27 32 184
27 33 130
27 34 247
27 35 223
27 36 266
27 37 31
27 38 295
27 39 193
27 40 244
27 41 193
27 42 154
27 43 112
27 44 84
27 45 282
27 46 296
27 47 174
27 48 159
27 49 142
27 50 60
27 51 262
27 52 103
27 53 120
27 54 215
27 55 97
27 56 229
27 57 160
27 58 188
27 59 121
27 60 58
27 61 93
27 62 40
27 63 95
27 64 55
27 65 235
27 66 71
27 67 48
27 68 121
27 69 104
27 70 250
27 71 40
27 72 130
27 73 300
27 74 108
27 75 147
27 76 84
27 77 246
27 78 44
27 79 119
27 80 236
27 81 230
27 82 222
27 83 59
27 84 107
27 85 129
27 86 82
27 87 99
27 88 215
27 89 159
27 90 57
27 91 192
27 92 109
27 93 297
27 94 176
27 95 237
27 96 79
27 97 249
27 98 264
27 99 144
28 1 121
28 2 81
28 3 86
28 4 217
28 5 221
28 6 83
28 7 62
28 8 76
28 9 35
28 10 235
28 11 191
28 12 127
28 13 33
28 14 113
28 15 31
28 16 159
28 17 58
28 18 68
28 19 80
28 20 265
28 21 58
28 22 117
28 23 67
28 24 287
28 25 173
28 26 63
28 27 249
28 29 104
28 30 30
28 31 211
28 32 251
28 33 116
28 34 264
28 35 297
28 36 190
28 37 172
28 38 76
28 39 169
28 40 89
28 41 176
28 42 251
28 43 209
28 44 62
28 45 94
28 46 69
28 47 80
28 48 140
28 49 128
28 50 72
28 51 161
28 52 80
28 53 62
28 54 127
28 55 77
28 56 218
28 57 271
28 58 177
28 59 81
28 60 300
28 61 247
28 62 191
28 63 176
28 64 132
28 65 292
28 66 223
28 67 261
28 68 142
28 69 67
28 70 132
28 71 209
28 72 222
28 73 153
28 74 145
28 75 171
28 76 92
28 77 227
28 78 204
28 79 281
28 80 292
28 81 137
28 82 263
28 83 182
28 84 209
28 85 205
28 86 287
28 87 193
28 88 65
28 89 157
28 90 182
28 91 106
28 92 63
28 93 214
28 94 153
28 95 152
28 96 294
28 97 279
28 98 278
28 99 75
29 1 171
29 2 243
29 3 296
29 4 138
29 5 66
29 6 63
29 7 206
29 8 248
29 9 267
29 10 212
29 11 163
29 12 232
29 13 281
29 14 255
29 15 145
29 16 257
29 17 36
29 18 214
29 19 66
29 20 171
29 21 234
29 22 245
29 23 74
29 24 247
29 25 136
29 26 205
29 27 45
29 28 104
29 30 204
29 31 56
29 32 92
29 33 279
29 34 55
29 35 274
29 36 239
29 37 156
29 38 129
29 39 47
29 40 117
29 41 246
29 42 181
29 43 177
29 44 176
29 45 161
29 46 40
29 47 152
29 48 288
29 49 264
29 50 88
29 51 33
29 52 255
29 53 229
29 54 189
29 55 104
29 56 126
29 57 81
29 58 163
29 59 180
29 60 202
29 61 142
29 62 245
29 63 288
29 64 100
29 65 90
29 66 109
29 67 61
29 68 137
29 69 268
29 70 269
29 71 43
29 72 190
29 73 169
29 74 198
29 75 300
29 76 95
29 77 129
29 78 197
29 79 249
29 80 39
29 81 85
29 82 196
29 83 149
29 84 140
29 85 191
29 86 160
29 87 290
29 88 169
29 89 131
29 90 151
29 91 53
29 92 94
29 93 272
29 94 69
29 95 268
29 96 255
29 97 125
29 98 201
29 99 114
30 1 232
30 2 84
30 3 192
30 4 34
30 5 53
30 6 35
30 7 249
30 8 97
30 9 88
30 10 208
30 11 86
30 12 200
30 13 113
30 14 116
30 15 116
30 16 264
30 17 96
30 18 34
30 19 131
30 20 120
30 21 210
30 22 235
30 23 260
30 24 94
30 25 107
30 26 50
30 27 125
30 28 30
30 29 204
30 31 94
30 32 42
30 33 93
30 34 188
30 35 157
30 36 227
30 37 33
30 38 277
30 39 183
30 40 284
30 41 207
30 42 133
30 43 187
30 44 222
30 45 61
30 46 212
30 47 293
30 48 50
30 49 69
30 50 95
30 51 73
30 52 110
30 53 102
30 54 255
30 55 256
30 56 144
30 57 279
30 58 62
30 59 114
30 60 269
30 61 218
30 62 240
30 63 228
30 64 56
30 65 208
30 66 217
30 67 147
30 68 155
30 69 214
30 70 210
30 71 150
30 72 102
30 73 185
30 74 272
30 75 40
30 76 144
30 77 190
30 78 222
30 79 182
30 80 224
30 81 208
30 82 96
30 83 159
30 84 213
30 85 259
30 86 174
30 87 274
30 88 96
30 89 69
30 90 297
30 91 295
30 92 85
30 93 203
30 94 222
30 95 246
30 96 270
30 97 186
30 98 56
30 99 228
31 1 44
31 2 40
31 3 101
31 4 129
31 5 210
31 6 190
31 7 184
31 8 264
31 9 179
31 10 261
31 11 285
31 12 107
31 13 260
31 14 144
31 15 107
31 16 79
31 17 203
31 18 196
31 19 207
31 20 189
31 21 280
31 22 130
31 23 251
31 24 268
31 25 84
31 26 218
31 27 71
31 28 211
31 29 56
31 30 94
31 32 50
31 33 182
31 34 56
31 35 94
31 36 218
31 37 52
31 38 264
31 39 246
31 40 278
31 41 30
31 42 126
31 43 71
31 44 99
31 45 139
31 46 256
31 47 144
31 48 235
31 49 297
31 50 276
31 51 167
31 52 188
31 53 104
31 54 269
31 55 59
31 56 218
31 57 31
31 58 46
31 59 266
31 60 92
31 61 118
31 62 223
31 63 154
31 64 40
31 65 140
31 66 261
31 67 208
31 68 254
31 69 66
31 70 289
31 71 163
31 72 30
31 73 125
31 74 226
31 75 146
31 76 155
31 77 139
31 78 49
31 79 73
31 80 181
31 81 37
31 82 199
31 83 213
31 84 31
31 85 203
31 86 147
31 87 192
31 88 30
31 89 236
31 90 260
31 91 168
31 92 276
31 93 65
31 94 190
31 95 42
31 96 238
31 97 41
31 98 134
31 99 206
32 1 39
32 2 172
32 3 233
32 4 206
32 5 108
32 6 83
32 7 161
32 8 157
32 9 300
32 10 96
32 11 277
32 12 191
32 13 156
32 14 75
32 15 220
32 16 181
32 17 85
32 18 78
32 19 59
32 20 224
32 21 255
32 22 125
32 23 90
32 24 275
32 25 202
32 26 279
32 27 184
32 28 251
32 29 92
32 30 42
32 31 50
32 33 137
32 34 297
32 35 169
32 36 221
32 37 213
32 38 231
32 39 45
32 40 50
32 41 155
32 42 80
32 43 219
32 44 204
32 45 159
32 46 234
32 47 250
32 48 114
32 49 77
32 50 119
32 51 202
32 52 298
32 53 84
32 54 151
32 55 300
32 56 81
32 57 95
32 58 37
32 59 67
32 60 276
32 61 166
32 62 149
32 63 243
32 64 290
32 65 224
32 66 202
32 67 40
32 68 47
32 69 222
32 70 184
32 71 110
32 72 168
32 73 263
32 74 130
32 75 193
32 76 225
32 77 267
32 78 298
32 79 228
32 80 74
32 81 272
32 82 197
32 83 168
32 84 152
32 85 223
32 86 160
32 87 35
32 88 82
32 89 157
32 90 141
32 91 269
32 92 199
32 93 132
32 94 86
32 95 174
32 96 241
32 97 118
32 98 220
32 99 251
33 1 145
33 2 244
33 3 31
33 4 293
33 5 184
33 6 267
33 7 166
33 8 257
33 9 173
33 10 76
33 11 144
33 12 210
33 13 78
33 14 166
33 15 171
33 16 283
33 17 237
33 18 65
33 19 138
33 20 46
33 21 47
33 22 50
33 23 115
33 24 36
33 25 296
33 26 233
33 27 130
33 28 116
33 29 279
33 30 93
33 31 182
33 32 137
33 34 60
33 35 71
33 36 126
33 37 280
33 38 194
33 39 242
33 40 177
33 41 240
33 42 243
33 43 113
33 44 288
33 45 39
33 46 98
33 47 264
33 48 274
33 49 128
33 50 39
33 51 299
33 52 34
33 53 190
33 54 62
33 55 287
33 56 253
33 57 95
33 58 62
33 59 122
33 60 41
33 61 32
33 62 180
33 63 121
33 64 286
33 65 114
33 66 66
33 67 84
33 68 137
33 69 117
33 70 205
33 71 106
33 72 52
33 73 259
33 74 265
33 75 107
33 76 122
33 77 137
33 78 49
33 79 209
33 80 224
33 81 106
33 82 123
33 83 291
33 84 165
33 85 244
33 86 33
33 87 207
33 88 165
33 89 137
33 90 45
33 91 124
33 92 286
33 93 130
33 94 277
33 95 236
33 96 218
33 97 269
33 98 222
33 99 193
34 1 98
34 2 285
34 3 296
34 4 163
34 5 43
34 6 199
34 7 70
34 8 153
34 9 199
34 10 62
34 11 171
34 12 160
34 13 193
34 14 199
34 15 277
34 16 269
34 17 280
34 18 37
34 19 76
34 20 125
34 21 168
34 22 82
34 23 35
34 24 256
34 25 300
34 26 182
34 27 247
34 28 264
34 29 55
34 30 188
34 31 56
34 32 297
34 33 60
34 35 173
34 36 190
34 37 183
34 38 150
34 39 127
34 40 118
34 41 122
34 42 118
34 43 200
34 44 210
34 45 246
34 46 48
34 47 92
34 48 85
34 49 294
34 50 97
34 51 50
34 52 164
34 53 134
34 54 239
34 55 198
34 56 189
34 57 148
34 58 167
34 59 222
34 60 171
34 61 41
34 62 264
34 63 190
34 64 297
34 65 177
34 66 181
34 67 42
34 68 168
34 69 48
34 70 126
34 71 133
34 72 118
34 73 157
34 74 242
34 75 91
34 76 94
34 77 192
34 78 259
34 79 87
34 80 223
34 81 212
34 82 190
34 83 131
34 84 104
34 85 61
34 86 173
34 87 92
34 88 151
34 89 120
34 90 93
34 91 90
34 92 262
34 93 90
34 94 125
34 95 163
34 96 194
34 97 110
34 98 252
34 99 238
35 1 142
35 2 201
35 3 194
35 4 128
35 5 40
35 6 168
35 7 140
35 8 94
35 9 170
35 10 69
35 11 221
35 12 50
35 13 287
35 14 55
35 15 158
35 16 186
35 17 123
35 18 219
35 19 81
35 20 127
35 21 141
35 22 208
35 23 59
35 24 192
35 25 116
35 26 79
35 27 223
35 28 297
35 29 274
35 30 157
35 31 94
35 32 169
35 33 71
35 34 173
35 36 151
35 37 298
35 38 105
35 39 201
35 40 185
35 41 225
35 42 104
35 43 154
35 44 166
35 45 105
35 46 145
35 47 284
35 48 112
35 49 35
35 50 150
35 51 129
35 52 67
35 53 156
35 54 106
35 55 296
35 56 195
35 57 273
35 58 61
35 59 133
35 60 129
35 61 250
35 62 116
35 63 130
35 64 157
35 65 226
35 66 213
35 67 66
35 68 227
35 69 261
35 70 208
35 71 124
35 72 63
35 73 103
35 74 218
35 75 46
35 76 266
35 77 262
35 78 141
35 79 220
35 80 195
35 81 60
35 82 223
35 83 265
35 84 123
35 85 101
35 86 160
35 87 225
35 88 130
35 89 167
35 90 100
35 91 223
35 92 225
35 93 256
35 94 255
35 95 129
35 96 129
35 97 114
35 98 32
35 99 45
36 1 73
36 2 186
36 3 139
36 4 223
36 5 66
36 6 125
36 7 90
36 8 194
36 9 35
36 10 104
36 11 242
36 12 280
36 13 250
36 14 123
36 15 265
36 16 177
36 17 106
36 18 200
36 19 98
36 20 109
36 21 106
36 22 231
36 23 47
36 24 294
36 25 74
36 26 167
36 27 266
36 28 190
36 29 239
36 30 227
36 31 218
36 32 221
36 33 126
36 34 190
36 35 151
36 37 224
36 38 211
36 39 75
36 40 290
36 41 41
36 42 188
36 43 285
36 44 201
36 45 266
36 46 155
36 47 193
36 48 45
36 49 252
36 50 115
36 51 152
36 52 128
36 53 37
36 54 215
36 55 149
36 56 194
36 57 279
36 58 30
36 59 101
36 60 30
36 61 128
36 62 162
36 63 102
36 64 256
36 65 180
36 66 82
36 67 292
36 68 120
36 69 267
36 70 216
36 71 220
36 72 169
36 73 140
36 74 51
36 75 132
36 76 111
36 77 157
36 78 81
36 79 236
36 80 103
36 81 247
36 82 77
36 83 39
36 84 117
36 85 36
36 86 91
36 87 147
36 88 107
36 89 72
36 90 157
36 91 235
36 92 62
36 93 31
36 94 147
36 95 261
36 96 258
36 97 173
36 98 245
36 99 240
37 1 251
37 2 147
37 3 141
37 4 194
37 5 262
37 6 63
37 7 178
37 8 59
37 9 132
37 10 258
37 11 227
37 12 288
37 13 51
37 14 296
37 15 284
37 16 294
37 17 292
37 18 93
37 19 258
37 20 92
37 21 189
37 22 214
37 23 278
37 24 158
37 25 204
37 26 287
37 27 31
37 28 172
37 29 156
37 30 33
37 31 52
37 32 213
37 33 280
37 34 183
37 35 298
37 36 224
37 38 157
37 39 242
37 40 134
37 41 257
37 42 285
37 43 131
37 44 243
37 45 264
37 46 288
37 47 122
37 48 168
37 49 201
37 50 159
37 51 141
37 52 91
37 53 136
37 54 56
37 55 178
37 56 246
37 57 213
37 58 160
37 59 150
37 60 211
37 61 153
37 62 157
37 63 240
37 64 231
37 65 36
37 66 241
37 67 114
37 68 202
37 69 85
37 70 73
37 71 119
37 72 173
37 73 40
37 74 58
37 75 205
37 76 170
37 77 174
37 78 38
37 79 64
37 80 209
37 81 177
37 82 33
37 83 117
37 84 152
37 85 270
37 86 71
37 87 292
37 88 127
37 89 37
37 90 148
37 91 284
37 92 151
37 93 122
37 94 97
37 95 91
37 96 199
37 97 204
37 98 224
37 99 220
38 1 132
38 2 85
38 3 199
38 4 187
38 5 106
38 6 142
38 7 288
38 8 226
38 9 230
38 10 198
38 11 217
38 12 39
38 13 40
38 14 233
38 15 42
38 16 42
38 17 95
38 18 96
38 19 216
38 20 233
38 21 90
38 22 38
38 23 96
38 24 153
38 25 46
38 26 114
38 27 295
38 28 76
38 29 129
38 30 277
38 31 264
38 32 231
38 33 194
38 34 150
38 35 105
38 36 211
38 37 157
38 39 187
38 40 286
38 41 204
38 42 66
38 43 212
38 44 122
38 45 221
38 46 282
38 47 70
38 48 278
38 49 208
38 50 109
38 51 251
38 52 227
38 53 292
38 54 188
38 55 257
38 56 51
38 57 271
38 58 141
38 59 74
38 60 161
38 61 167
38 62 161
38 63 60
38 64 292
38 65 210
38 66 206
38 67 133
38 68 93
38 69 231
38 70 86
38 71 257
38 72 127
38 73 75
38 74 244
38 75 138
38 76 173
38 77 64
38 78 295
38 79 236
38 80 83
38 81 52
38 82 102
38 83 117
38 84 110
38 85 69
38 86 101
38 87 182
38 88 70
38 89 130
38 90 167
38 91 121
38 92 271
38 93 286
38 94 212
38 95 69
38 96 135
38 97 130
38 98 264
38 99 152
39 1 126
39 2 176
39 3 186
39 4 152
39 5 234
39 6 274
39 7 228
39 8 226
39 9 60
39 10 176
39 11 30
39 12 195
39 13 97
39 14 130
39 15 153
39 16 250
39 17 127
39 18 274
39 19 229
39 20 235
39 21 233
39 22 111
39 23 286
39 24 182
39 25 89
39 26 195
39 27 193
39 28 169
39 29 47
39 30 183
39 31 246
39 32 45
39 33 242
39 34 127
39 35 201
39 36 75
39 37 242
39 38 187
39 40 109
39 41 218
39 42 165
39 43 31
39 44 32
39 45 191
39 46 280
39 47 279
39 48 31
39 49 300
39 50 39
39 51 150
39 52 266
39 53 268
39 54 145
39 55 240
39 56 193
39 57 220
39 58 120
39 59 168
39 60 176
39 61 36
39 62 57
39 63 269
39 64 236
39 65 138
39 66 243
39 67 295
39 68 145
39 69 41
39 70 64
39 71 92
39 72 58
39 73 126
39 74 59
39 75 259
39 76 274
39 77 269
39 78 172
39 79 262
39 80 270
39 81 180
39 82 152
39 83 102
39 84 183
39 85 153
39 86 70
39 87 154
39 88 189
39 89 139
39 90 110
39 91 168
39 92 232
39 93 66
39 94 293
39 95 116
39 96 266
39 97 294
39 98 154
39 99 103
40 1 224
40 2 49
40 3 81
40 4 50
40 5 271
40 6 277
40 7 165
40 8 275
40 9 296
40 10 161
40 11 202
40 12 208
40 13 116
40 14 178
40 15 67
40 16 82
40 17 248
40 18 189
40 19 104
40 20 142
40 21 164
40 22 60
40 23 40
40 24 159
40 25 175
40 26 159
40 27 244
40 28 89
40 29 117
40 30 284
40 31 278
40 32 50
40 33 177
40 34 118
40 35 185
40 36 290
40 37 134
40 38 286
40 39 109
40 41 219
40 42 260
40 43 33
40 44 140
40 45 46
40 46 31
40 47 280
40 48 179
40 49 219
40 50 220
40 51 69
40 52 52
40 53 212
40 54 39
40 55 280
40 56 178
40 57 70
40 58 34
40 59 230
40 60 84
40 61 45
40 62 76
40 63 291
40 64 110
40 65 212
40 66 139
40 67 184
40 68 108
40 69 253
40 70 81
40 71 46
40 72 161
40 73 144
40 74 54
40 75 268
40 76 53
40 77 93
40 78 298
40 79 245
40 80 279
40 81 56
40 82 268
40 83 133
40 84 251
40 85 296
40 86 127
40 87 240
40 88 115
40 89 290
40 90 63
40 91 288
40 92 78
40 93 99
40 94 234
40 95 100
40 96 50
40 97 256
40 98 232
40 99 159
41 1 216
41 2 189
41 3 200
41 4 31
41 5 231
41 6 81
41 7 284
41 8 233
41 9 256
41 10 276
41 11 249
41 12 30
41 13 234
41 14 218
41 15 258
41 16 166
41 17 259
41 18 88
41 19 207
41 20 74
41 21 263
41 22 116
41 23 219
41 24 93
41 25 291
41 26 141
41 27 193
41 28 176
41 29 246
41 30 207
41 31 30
41 32 155
41 33 240
41 34 122
41 35 225
41 36 41
41 37 257
41 38 204
41 39 218
41 40 219
41 42 298
41 43 96
41 44 253
41 45 192
41 46 290
41 47 83
41 48 215
41 49 210
41 50 227
41 51 193
41 52 70
41 53 168
41 54 164
41 55 290
41 56 134
41 57 133
41 58 199
41 59 166
41 60 96
41 61 101
41 62 44
41 63 91
41 64 123
41 65 246
41 66 259
41 67 245
41 68 242
41 69 242
41 70 98
41 71 178
41 72 87
41 73 61
41 74 101
41 75 64
41 76 98
41 77 171
41 78 290
41 79 150
41 80 136
41 81 69
41 82 34
41 83 193
41 84 52
41 85 280
41 86 72
41 87 125
41 88 60
41 89 63
41 90 67
41 91 100
41 92 43
41 93 53
41 94 198
41 95 111
41 96 294
41 97 143
41 98 229
41 99 291
42 1 81
42 2 264
42 3 123
42 4 191
42 5 169
42 6 217
42 7 298
42 8 282
42 9 168
42 10 41
42 11 299
42 12 97
42 13 176
42 14 88
42 15 292
42 16 112
42 17 174
42 18 230
42 19 99
42 20 213
42 21 105
42 22 274
42 23 233
42 24 217
42 25 121
42 26 204
42 27 154
42 28 251
42 29 181
42 30 133
42 31 126
42 32 80
42 33 243
42 34 118
42 35 104
42 36 188
42 37 285
42 38 66
42 39 165
42 40 260
42 41 298
42 43 55
42 44 38
42 45 177
42 46 261
42 47 169
42 48 222
42 49 215
42 50 137
42 51 134
42 52 123
42 53 283
42 54 260
42 55 200
42 56 234
42 57 177
42 58 40
42 59 293
42 60 200
42 61 39
42 62 35
42 63 285
42 64 167
42 65 243
42 66 180
42 67 212
42 68 227
42 69 100
42 70 150
42 71 200
42 72 265
42 73 202
42 74 190
42 75 94
42 76 170
42 77 92
42 78 283
42 79 245
42 80 130
42 81 155
42 82 171
42 83 97
42 84 141
42 85 50
42 86 68
42 87 98
42 88 213
42 89 237
42 90 150
42 91 220
42 92 167
42 93 113
42 94 94
42 95 162
42 96 66
42 97 122
42 98 296
42 99 177
43 1 86
43 2 58
43 3 123
43 4 68
43 5 87
43 6 106
43 7 233
43 8 200
43 9 57
43 10 216
43 11 48
43 12 97
43 13 103
43 14 35
43 15 152
43 16 62
43 17 215
43 18 221
43 19 148
43 20 167
43 21 56
43 22 202
43 23 65
43 24 104
43 25 227
43 26 231
43 27 112
43 28 209
43 29 177
43 30 187
43 31 71
43 32 219
43 33 113
43 34 200
43 35 154
43 36 285
43 37 131
43 38 212
43 39 31
43 40 33
43 41 96
43 42 55
43 44 183
43 45 224
43 46 166
43 47 130
43 48 102
43 49 184
43 50 82
43 51 56
43 52 169
43 53 176
43 54 42
43 55 31
43 56 131
43 57 85
43 58 110
43 59 281
43 60 62
43 61 153
43 62 89
43 63 88
43 64 213
43 65 114
43 66 40
43 67 192
43 68 296
43 69 227
43 70 44
43 71 155
43 72 190
43 73 271
43 74 200
43 75 130
43 76 52
43 77 134
43 78 45
43 79 60
43 80 176
43 81 54
43 82 73
43 83 103
43 84 142
43 85 282
43 86 108
43 87 51
43 88 113
43 89 217
43 90 84
43 91 144
43 92 38
43 93 38
43 94 33
43 95 49
43 96 85
43 97 172
43 98 56
43 99 282
44 1 192
44 2 181
44 3 145
44 4 278
44 5 276
44 6 260
44 7 73
44 8 219
44 9 181
44 10 85
44 11 205
44 12 178
44 13 193
44 14 100
44 15 215
44 16 197
44 17 48
44 18 173
44 19 35
44 20 239
44 21 184
44 22 199
44 23 213
44 24 118
44 25 51
44 26 163
44 27 84
44 28 62
44 29 176
44 30 222
44 31 99
44 32 204
44 33 288
44 34 210
44 35 166
44 36 201
44 37 243
44 38 122
44 39 32
44 40 140
44 41 253
44 42 38
44 43 183
44 45 59
44 46 58
44 47 250
44 48 199
44 49 86
44 50 143
44 51 295
44 52 55
44 53 289
44 54 196
44 55 226
44 56 43
44 57 90
44 58 126
44 59 290
44 60 199
44 61 299
44 62 224
44 63 42
44 64 211
44 65 273
44 66 124
44 67 147
44 68 43
44 69 224
44 70 44
44 71 118
44 72 204
44 73 154
44 74 254
44 75 113
44 76 57
44 77 245
44 78 89
44 79 151
44 80 176
44 81 125
44 82 35
44 83 92
44 84 205
44 85 53
44 86 95
44 87 186
44 88 281
44 89 298
44 90 155
44 91 182
44 92 73
44 93 218
44 94 225
44 95 212
44 96 164
44 97 184
44 98 78
44 99 230
45 1 214
45 2 178
45 3 128
45 4 114
45 5 116
45 6 151
45 7 187
45 8 156
45 9 153
45 10 241
45 11 290
45 12 180
45 13 37
45 14 52
45 15 159
45 16 234
45 17 258
45 18 281
45 19 47
45 20 153
45 21 39
45 22 76
45 23 167
45 24 220
45 25 226
45 26 270
45 27 282
45 28 94
45 29 161
45 30 61
45 31 139
45 32 159
45 33 39
45 34 246
45 35 105
45 36 266
45 37 264
45 38 221
45 39 191
45 40 46
45 41 192
45 42 177
45 43 224
45 44 59
45 46 272
45 47 57
45 48 273
45 49 113
45 50 175
45 51 244
45 52 55
45 53 62
45 54 135
45 55 248
45 56 55
45 57 84
45 58 52
45 59 295
45 60 85
45 61 107
45 62 293
45 63 142
45 64 41
45 65 270
45 66 226
45 67 42
45 68 170
45 69 208
45 70 188
45 71 86
45 72 63
45 73 132
45 74 290
45 75 95
45 76 91
45 77 145
45 78 241
45 79 73
45 80 98
45 81 48
45 82 171
45 83 242
45 84 219
45 85 154
45 86 191
45 87 33
45 88 92
45 89 31
45 90 59
45 91 58
45 92 91
45 93 66
45 94 252
45 95 152
45 96 40
45 97 299
45 98 214
45 99 215
46 1 173
46 2 282
46 3 234
46 4 235
46 5 177
46 6 219
46 7 223
46 8 189
46 9 121
46 10 87
46 11 208
46 12 281
46 13 150
46 14 129
46 15 72
46 16 219
46 17 101
46 18 275
46 19 101
46 20 272
46 21 180
46 22 123
46 23 64
46 24 168
46 25 144
46 26 149
46 27 296
46 28 69
46 29 40
46 30 212
46 31 256
46 32 234
46 33 98
46 34 48
46 35 145
46 36 155
46 37 288
46 38 282
46 39 280
46 40 31
46 41 290
46 42 261
46 43 166
46 44 58
46 45 272
46 47 258
46 48 280
46 49 125
46 50 102
46 51 263
46 52 170
46 53 208
46 54 173
46 55 166
46 56 217
46 57 30
46 58 286
46 59 166
46 60 153
46 61 74
46 62 166
46 63 182
46 64 108
46 65 287
46 66 244
46 67 184
46 68 233
46 69 129
46 70 102
46 71 125
46 72 138
46 73 146
46 74 83
46 75 148
46 76 193
46 77 287
46 78 67
46 79 141
46 80 223
46 81 260
46 82 47
46 83 149
46 84 138
46 85 75
46 86 211
46 87 89
46 88 54
46 89 47
46 90 235
46 91 36
46 92 140
46 93 90
46 94 183
46 95 117
46 96 147
46 97 57
46 98 262
46 99 109
47 1 155
47 2 33
47 3 249
47 4 141
47 5 266
47 6 208
47 7 177
47 8 188
47 9 44
47 10 36
47 11 66
47 12 251
47 13 297
47 14 193
47 15 251
47 16 282
47 17 191
47 18 88
47 19 275
47 20 276
47 21 197
47 22 300
47 23 68
47 24 53
47 25 89
47 26 43
47 27 174
47 28 80
47 29 152
47 30 293
47 31 144
47 32 250
47 33 264
47 34 92
47 35 284
47 36 193
47 37 122
47 38 70
47 39 279
47 40 280
47 41 83
47 42 169
47 43 130
47 44 250
47 45 57
47 46 258
47 48 66
47 49 66
47 50 50
47 51 35
47 52 107
47 53 61
47 54 113
47 55 86
47 56 77
47 57 194
47 58 290
47 59 66
47 60 195
47 61 133
47 62 134
47 63 49
47 64 147
47 65 206
47 66 268
47 67 274
47 68 70
47 69 199
47 70 81
47 71 193
47 72 127
47 73 274
47 74 225
47 75 286
47 76 77
47 77 181
47 78 137
47 79 256
47 80 259
47 81 31
47 82 160
47 83 281
47 84 51
47 85 216
47 86 118
47 87 264
47 88 90
47 89 261
47 90 196
47 91 30
47 92 268
47 93 297
47 94 196
47 95 169
47 96 90
47 97 166
47 98 166
47 99 63
48 1 282
48 2 157
48 3 117
48 4 195
48 5 85
48 6 280
48 7 245
48 8 239
48 9 194
48 10 55
48 11 41
48 12 83
48 13 217
48 14 99
48 15 214
48 16 83
48 17 249
48 18 109
48 19 47
48 20 62
48 21 235
48 22 277
48 23 291
48 24 125
48 25 135
48 26 186
48 27 159
48 28 140
48 29 288
48 30 50
48 31 235
48 32 114
48 33 274
48 34 85
48 35 112
48 36 45
48 37 168
48 38 278
48 39 31
48 40 179
48 41 215
48 42 222
48 43 102
48 44 199
48 45 273
48 46 280
48 47 66
48 49 282
48 50 289
48 51 35
48 52 68
48 53 180
48 54 46
48 55 92
48 56 162
48 57 193
48 58 98
48 59 58
48 60 257
48 61 205
48 62 291
48 63 191
48 64 255
48 65 210
48 66 182
48 67 71
48 68 284
48 69 223
48 70 186
48 71 274
48 72 133
48 73 156
48 74 239
48 75 215
48 76 298
48 77 97
48 78 168
48 79 149
48 80 103
48 81 192
48 82 140
48 83 190
48 84 138
48 85 39
48 86 264
48 87 294
48 88 67
48 89 133
48 90 175
48 91 106
48 92 263
48 93 286
48 94 145
48 95 160
48 96 290
48 97 240
48 98 63
48 99 270
49 1 92
49 2 132
49 3 111
49 4 47
49 5 105
49 6 249
49 7 283
49 8 237
49 9 219
49 10 37
49 11 188
49 12 91
49 13 191
49 14 122
49 15 278
49 16 118
49 17 115
49 18 57
49 19 171
49 20 265
49 21 286
49 22 228
49 23 183
49 24 144
49 25 178
49 26 229
49 27 142
49 28 128
49 29 264
49 30 69
49 31 297
49 32 77
49 33 128
49 34 294
49 35 35
49 36 252
49 37 201
49 38 208
49 39 300
49 40 219
49 41 210
49 42 215
49 43 184
49 44 86
49 45 113
49 46 125
49 47 66
49 48 282
49 50 68
49 51 115
49 52 42
49 53 148
49 54 241
49 55 74
49 56 89
49 57 49
49 58 232
49 59 87
49 60 251
49 61 63
49 62 297
49 63 237
49 64 146
49 65 44
49 66 91
49 67 35
49 68 281
49 69 205
49 70 116
49 71 242
49 72 137
49 73 69
49 74 123
49 75 183
49 76 112
49 77 125
49 78 185
49 79 299
49 80 66
49 81 172
49 82 293
49 83 212
49 84 92
49 85 183
49 86 204
49 87 209
49 88 115
49 89 298
49 90 144
49 91 271
49 92 33
49 93 241
49 94 168
49 95 181
49 96 280
49 97 146
49 98 249
49 99 71
50 1 43
50 2 178
50 3 133
50 4 66
50 5 231
50 6 224
50 7 153
50 8 101
50 9 263
50 10 230
50 11 41
50 12 129
50 13 137
50 14 227
50 15 89
50 16 270
50 17 46
50 18 156
50 19 138
50 20 64
50 21 297
50 22 30
50 23 215
50 24 105
50 25 94
50 26 143
50 27 60
50 28 72
50 29 88
50 30 95
50 31 276
50 32 119
50 33 39
50 34 97
50 35 150
50 36 115
50 37 159
50 38 109
50 39 39
50 40 220
50 41 227
50 42 137
50 43 82
50 44 143
50 45 175
50 46 102
50 47 50
50 48 289
50 49 68
50 51 130
50 52 53
50 53 70
50 54 154
50 55 160
50 56 238
50 57 227
50 58 44
50 59 205
50 60 124
50 61 106
50 62 43
50 63 292
50 64 136
50 65 52
50 66 242
50 67 284
50 68 161
50 69 195
50 70 231
50 71 133
50 72 252
50 73 73
50 74 101
50 75 293
50 76 295
50 77 165
50 78 279
50 79 227
50 80 173
50 81 38
50 82 118
50 83 52
50 84 264
50 85 148
50 86 260
50 87 215
50 88 201
50 89 164
50 90 210
50 91 300
50 92 150
50 93 229
50 94 101
50 95 141
50 96 298
50 97 263
50 98 198
50 99 225
51 1 229
51 2 67
51 3 294
51 4 131
51 5 297
51 6 271
51 7 138
51 8 107
51 9 267
51 10 271
51 11 237
51 12 88
51 13 146
51 14 106
51 15 103
51 16 257
51 17 174
51 18 92
51 19 209
51 20 85
51 21 265
51 22 177
51 23 176
51 24 99
51 25 204
51 26 98
51 27 262
51 28 161
51 29 33
51 30 73
51 31 167
51 32 202
51 33 299
51 34 50
51 35 129
51 36 152
51 37 141
51 38 251
51 39 150
51 40 69
51 41 193
51 42 134
51 43 56
51 44 295
51 45 244
51 46 263
51 47 35
51 48 35
51 49 115
51 50 130
51 52 31
51 53 152
51 54 213
51 55 107
51 56 57
51 57 88
51 58 233
51 59 105
51 60 87
51 61 129
51 62 45
51 63 94
51 64 67
51 65 266
51 66 71
51 67 299
51 68 48
51 69 285
51 70 200
51 71 257
51 72 130
51 73 263
51 74 151
51 75 119
51 76 193
51 77 32
51 78 126
51 79 142
51 80 281
51 81 228
51 82 212
51 83 295
51 84 188
51 85 191
51 86 260
51 87 185
51 88 266
51 89 39
51 90 263
51 91 48
51 92 211
51 93 212
51 94 125
51 95 115
51 96 94
51 97 202
51 98 192
51 99 43
52 1 160
52 2 161
52 3 240
52 4 161
52 5 40
52 6 39
52 7 222
52 8 183
52 9 240
52 10 114
52 11 212
52 12 51
52 13 235
52 14 78
52 15 227
52 16 164
52 17 125
52 18 223
52 19 167
52 20 190
52 21 183
52 22 74
52 23 108
52 24 273
52 25 170
52 26 137
52 27 103
52 28 80
52 29 255
52 30 110
52 31 188
52 32 298
52 33 34
52 34 164
52 35 67
52 36 128
52 37 91
52 38 227
52 39 266
52 40 52
52 41 70
52 42 123
52 43 169
52 44 55
52 45 55
52 46 170
52 47 107
52 48 68
52 49 42
52 50 53
52 51 31
52 53 245
52 54 171
52 55 142
52 56 89
52 57 248
52 58 266
52 59 47
52 60 208
52 61 272
52 62 30
52 63 85
52 64 181
52 65 97
52 66 40
52 67 31
52 68 276
52 69 179
52 70 169
52 71 218
52 72 110
52 73 43
52 74 131
52 75 139
52 76 170
52 77 115
52 78 233
52 79 91
52 80 256
52 81 71
52 82 221
52 83 38
52 84 57
52 85 64
52 86 117
52 87 34
52 88 195
52 89 62
52 90 67
52 91 129
52 92 60
52 93 251
52 94 179
52 95 201
52 96 35
52 97 251
52 98 168
52 99 232
53 1 47
53 2 154
53 3 192
53 4 146
53 5 299
53 6 48
53 7 149
53 8 117
53 9 158
53 10 292
53 11 68
53 12 97
53 13 164
53 14 161
53 15 225
53 16 260
53 17 192
53 18 285
53 19 150
53 20 221
53 21 69
53 22 295
53 23 78
53 24 191
53 25 88
53 26 61
53 27 120
53 28 62
53 29 229
53 30 102
53 31 104
53 32 84
53 33 190
53 34 134
53 35 156
53 36 37
53 37 136
53 38 292
53 39 268
53 40 212
53 41 168
53 42 283
53 43 176
53 44 289
53 45 62
53 46 208
53 47 61
53 48 180
53 49 148
53 50 70
53 51 152
53 52 245
53 54 84
53 55 101
53 56 67
53 57 43
53 58 69
53 59 197
53 60 203
53 61 139
53 62 68
53 63 238
53 64 80
53 65 75
53 66 242
53 67 244
53 68 271
53 69 155
53 70 107
53 71 294
53 72 122
53 73 138
53 74 209
53 75 50
53 76 261
53 77 246
53 78 274
53 79 148
53 80 240
53 81 121
53 82 150
53 83 239
53 84 89
53 85 277
53 86 94
53 87 71
53 88 95
53 89 148
53 90 183
53 91 97
53 92 214
53 93 262
53 94 217
53 95 171
53 96 35
53 97 226
53 98 166
53 99 198
54 1 288
54 2 173
54 3 283
54 4 167
54 5 280
54 6 293
54 7 248
54 8 149
54 9 149
54 10 254
54 11 218
54 12 44
54 13 264
54 14 221
54 15 226
54 16 212
54 17 154
54 18 34
54 19 220
54 20 108
54 21 78
54 22 274
54 23 90
54 24 142
54 25 117
54 26 113
54 27 215
54 28 127
54 29 189
54 30 255
54 31 269
54 32 151
54 33 62
54 34 239
54 35 106
54 36 215
54 37 56
54 38 188
54 39 145
54 40 39
54 41 164
54 42 260
54 43 42
54 44 196
54 45 135
54 46 173
54 47 113
54 48 46
54 49 241
54 50 154
54 51 213
54 52 171
54 53 84
54 55 132
54 56 245
54 57 283
54 58 267
54 59 59
54 60 146
54 61 194
54 62 279
54 63 254
54 64 153
54 65 140
54 66 269
54 67 40
54 68 143
54 69 263
54 70 184
54 71 86
54 72 232
54 73 286
54 74 200
54 75 137
54 76 290
54 77 84
54 78 100
54 79 229
54 80 270
54 81 223
54 82 238
54 83 112
54 84 193
54 85 291
54 86 148
54 87 67
54 88 130
54 89 81
54 90 254
54 91 48
54 92 285
54 93 47
54 94 163
54 95 215
54 96 287
54 97 225
54 98 270
54 99 162
55 1 237
55 2 193
55 3 111
55 4 275
55 5 68
55 6 224
55 7 77
55 8 238
55 9 58
55 10 181
55 11 48
55 12 170
55 13 40
55 14 147
55 15 207
55 16 241
55 17 268
55 18 66
55 19 50
55 20 269
55 21 162
55 22 247
55 23 261
55 24 240
55 25 202
55 26 222
55 27 97
55 28 77
55 29 104
55 30 256
55 31 59
55 32 300
55 33 287
55 34 198
55 35 296
55 36 149
55 37 178
55 38 257
55 39 240
55 40 280
55 41 290
55 42 200
55 43 31
55 44 226
55 45 248
55 46 166
55 47 86
55 48 92
55 49 74
55 50 160
55 51 107
55 52 142
55 53 101
55 54 132
55 56 59
55 57 296
55 58 271
55 59 196
55 60 96
55 61 298
55 62 239
55 63 117
55 64 33
55 65 277
55 66 271
55 67 293
55 68 113
55 69 132
55 70 186
55 71 198
55 72 136
55 73 209
55 74 80
55 75 239
55 76 192
55 77 110
55 78 33
55 79 295
55 80 74
55 81 249
55 82 37
55 83 57
55 84 31
55 85 140
55 86 266
55 87 268
55 88 166
55 89 91
55 90 167
55 91 246
55 92 31
55 93 179
55 94 150
55 95 189
55 96 299
55 97 65
55 98 166
55 99 143
56 1 77
56 2 102
56 3 228
56 4 61
56 5 31
56 6 168
56 7 91
56 8 174
56 9 74
56 10 207
56 11 248
56 12 187
56 13 244
56 14 83
56 15 195
56 16 175
56 17 153
56 18 178
56 19 248
56 20 87
56 21 248
56 22 299
56 23 228
56 24 252
56 25 168
56 26 229
56 27 229
56 28 218
56 29 126
56 30 144
56 31 218
56 32 81
56 33 253
56 34 189
56 35 195
56 36 194
56 37 246
56 38 51
56 39 193
56 40 178
56 41 134
56 42 234
56 43 131
56 44 43
56 45 55
56 46 217
56 47 77
56 48 162
56 49 89
56 50 238
56 51 57
56 52 89
56 53 67
56 54 245
56 55 59
56 57 165
56 58 244
56 59 180
56 60 298
56 61 109
56 62 293
56 63 226
56 64 39
56 65 280
56 66 148
56 67 102
56 68 182
56 69 284
56 70 90
56 71 134
56 72 137
56 73 213
56 74 239
56 75 185
56 76 286
56 77 273
56 78 238
56 79 206
56 80 56
56 81 79
56 82 34
56 83 199
56 84 207
56 85 190
56 86 292
56 87 229
56 88 246
56 89 196
56 90 256
56 91 99
56 92 238
56 93 93
56 94 260
56 95 254
56 96 254
56 97 206
56 98 48
56 99 244
57 1 259
57 2 293
57 3 80
57 4 105
57 5 103
57 6 147
57 7 88
57 8 129
57 9 115
57 10 240
57 11 176
57 12 48
57 13 276
57 14 217
57 15 230
57 16 75
57 17 103
57 18 298
57 19 160
57 20 244
57 21 71
57 22 91
57 23 288
57 24 264
57 25 156
57 26 34
57 27 160
57 28 271
57 29 81
57 30 279
57 31 31
57 32 95
57 33 95
57 34 148
57 35 273
57 36 279
57 37 213
57 38 271
57 39 220
57 40 70
57 41 133
57 42 177
57 43 85
57 44 90
57 45 84
57 46 30
57 47 194
57 48 193
57 49 49
57 50 227
57 51 88
57 52 248
57 53 43
57 54 283
57 55 296
57 56 165
57 58 240
57 59 135
57 60 121
57 61 179
57 62 134
57 63 102
57 64 193
57 65 287
57 66 205
57 67 52
57 68 158
57 69 100
57 70 260
57 71 104
57 72 166
57 73 244
57 74 161
57 75 90
57 76 211
57 77 40
57 78 75
57 79 183
57 80 229
57 81 220
57 82 263
57 83 220
57 84 128
57 85 68
57 86 198
57 87 271
57 88 150
57 89 297
57 90 142
57 91 193
57 92 64
57 93 186
57 94 66
57 95 141
57 96 221
57 97 101
57 98 294
57 99 113
58 1 272
58 2 293
58 3 161
58 4 82
58 5 41
58 6 239
58 7 276
58 8 120
58 9 37
58 10 254
58 11 176
58 12 95
58 13 46
58 14 65
58 15 55
58 16 246
58 17 276
58 18 124
58 19 95
58 20 227
58 21 79
58 22 258
58 23 168
58 24 154
58 25 56
58 26 44
58 27 188
58 28 177
58 29 163
58 30 62
58 31 46
58 32 37
58 33 62
58 34 167
58 35 61
58 36 30
58 37 160
58 38 141
58 39 120
58 40 34
58 41 199
58 42 40
58 43 110
58 44 126
58 45 52
58 46 286
58 47 290
58 48 98
58 49 232
58 50 44
58 51 233
58 52 266
58 53 69
58 54 267
58 55 271
58 56 244
58 57 240
58 59 189
58 60 258
58 61 256
58 62 173
58 63 255
58 64 39
58 65 164
58 66 250
58 67 283
58 68 214
58 69 259
58 70 178
58 71 264
58 72 251
58 73 166
58 74 216
58 75 279
58 76 224
58 77 184
58 78 168
58 79 292
58 80 147
58 81 284
58 82 99
58 83 136
58 84 161
58 85 146
58 86 192
58 87 70
58 88 112
58 89 44
58 90 181
58 91 218
58 92 130
58 93 282
58 94 187
58 95 192
58 96 272
58 97 185
58 98 123
58 99 186
59 1 42
59 2 107
59 3 184
59 4 43
59 5 59
59 6 136
59 7 156
59 8 234
59 9 208
59 10 73
59 11 196
59 12 238
59 13 248
59 14 151
59 15 220
59 16 116
59 17 183
59 18 260
59 19 33
59 20 230
59 21 248
59 22 202
59 23 238
59 24 103
59 25 247
59 26 221
59 27 121
59 28 81
59 29 180
59 30 114
59 31 266
59 32 67
59 33 122
59 34 222
59 35 133
59 36 101
59 37 150
59 38 74
59 39 168
59 40 230
59 41 166
59 42 293
59 43 281
59 44 290
59 45 295
59 46 166
59 47 66
59 48 58
59 49 87
59 50 205
59 51 105
59 52 47
59 53 197
59 54 59
59 55 196
59 56 180
59 57 135
59 58 189
59 60 210
59 61 246
59 62 104
59 63 116
59 64 247
59 65 98
59 66 95
59 67 282
59 68 229
59 69 47
59 70 154
59 71 229
59 72 234
59 73 114
59 74 173
59 75 248
59 76 273
59 77 121
59 78 255
59 79 109
59 80 71
59 81 208
59 82 79
59 83 89
59 84 260
59 85 68
59 86 228
59 87 194
59 88 257
59 89 124
59 90 89
59 91 176
59 92 51
59 93 127
59 94 298
59 95 71
59 96 249
59 97 66
59 98 134
59 99 300
60 1 278
60 2 217
60 3 148
60 4 201
60 5 104
60 6 87
60 7 263
60 8 165
60 9 180
60 10 114
60 11 280
60 12 274
60 13 260
60 14 135
60 15 269
60 16 295
60 17 291
60 18 232
60 19 209
60 20 239
60 21 77
60 22 297
60 23 51
60 24 214
60 25 200
60 26 107
60 27 58
60 28 300
60 29 202
60 30 269
60 31 92
60 32 276
60 33 41
60 34 171
60 35 129
60 36 30
60 37 211
60 38 161
60 39 176
60 40 84
60 41 96
60 42 200
60 43 62
60 44 199
60 45 85
60 46 153
60 47 195
60 48 257
60 49 251
60 50 124
60 51 87
60 52 208
60 53 203
60 54 146
60 55 96
60 56 298
60 57 121
60 58 258
60 59 210
60 61 278
60 62 185
60 63 118
60 64 196
60 65 233
60 66 65
60 67 272
60 68 294
60 69 130
60 70 284
60 71 162
60 72 257
60 73 57
60 74 255
60 75 97
60 76 66
60 77 139
60 78 149
60 79 58
60 80 119
60 81 137
60 82 192
60 83 43
60 84 206
60 85 261
60 86 277
60 87 156
60 88 255
60 89 296
60 90 148
60 91 201
60 92 231
60 93 195
60 94 193
60 95 296
60 96 187
60 97 145
60 98 138
60 99 38
61 1 32
61 2 254
61 3 282
61 4 186
61 5 261
61 6 261
61 7 151
61 8 130
61 9 201
61 10 105
61 11 146
61 12 122
61 13 283
61 14 79
61 15 224
61 16 271
61 17 218
61 18 164
61 19 58
61 20 191
61 21 205
61 22 185
61 23 252
61 24 149
61 25 196
61 26 276
61 27 93
61 28 247
61 29 142
61 30 218
61 31 118
61 32 166
61 33 32
61 34 41
61 35 250
61 36 128
61 37 153
61 38 167
61 39 36
61 40 45
61 41 101
61 42 39
61 43 153
61 44 299
61 45 107
61 46 74
61 47 133
61 48 205
61 49 63
61 50 106
61 51 129
61 52 272
61 53 139
61 54 194
61 55 298
61 56 109
61 57 179
61 58 256
61 59 246
61 60 278
61 62 197
61 63 252
61 64 141
61 65 133
61 66 60
61 67 278
61 68 271
61 69 218
61 70 212
61 71 190
61 72 287
61 73 47
61 74 111
61 75 184
61 76 178
61 77 78
61 78 287
61 79 76
61 80 191
61 81 225
61 82 54
61 83 93
61 84 151
61 85 106
61 86 160
61 87 123
61 88 180
61 89 246
61 90 144
61 91 272
61 92 171
61 93 158
61 94 128
61 95 45
61 96 233
61 97 166
61 98 115
61 99 177
62 1 226
62 2 164
62 3 69
62 4 288
62 5 61
62 6 126
62 7 57
62 8 230
62 9 76
62 10 53
62 11 213
62 12 189
62 13 267
62 14 102
62 15 185
62 16 270
62 17 276
62 18 221
62 19 224
62 20 294
62 21 77
62 22 224
62 23 237
62 24 275
62 25 221
62 26 137
62 27 40
62 28 191
62 29 245
62 30 240
62 31 223
62 32 149
62 33 180
62 34 264
62 35 116
62 36 162
62 37 157
62 38 161
62 39 57
62 40 76
62 41 44
62 42 35
62 43 89
62 44 224
62 45 293
62 46 166
62 47 134
62 48 291
62 49 297
62 50 43
62 51 45
62 52 30
62 53 68
62 54 279
62 55 239
62 56 293
62 57 134
62 58 173
62 59 104
62 60 185
62 61 197
62 63 40
62 64 125
62 65 77
62 66 58
62 67 235
62 68 49
62 69 33
62 70 45
62 71 293
62 72 164
62 73 97
62 74 220
62 75 30
62 76 147
62 77 166
62 78 202
62 79 196
62 80 227
62 81 228
62 82 115
62 83 122
62 84 62
62 85 111
62 86 161
62 87 87
62 88 287
62 89 34
62 90 36
62 91 68
62 92 118
62 93 172
62 94 265
62 95 218
62 96 217
62 97 37
62 98 94
62 99 80
63 1 75
63 2 110
63 3 153
63 4 111
63 5 255
63 6 146
63 7 289
63 8 97
63 9 71
63 10 51
63 11 130
63 12 69
63 13 191
63 14 276
63 15 32
63 16 168
63 17 275
63 18 134
63 19 93
63 20 257
63 21 33
63 22 69
63 23 161
63 24 296
63 25 93
63 26 171
63 27 95
63 28 176
63 29 288
63 30 228
63 31 154
63 32 243
63 33 121
63 34 190
63 35 130
63 36 102
63 37 240
63 38 60
63 39 269
63 40 291
63 41 91
63 42 285
63 43 88
63 44 42
63 45 142
63 46 182
63 47 49
63 48 191
63 49 237
63 50 292
63 51 94
63 52 85
63 53 238
63 54 254
63 55 117
63 56 226
63 57 102
63 58 255
63 59 116
63 60 118
63 61 252
63 62 40
63 64 141
63 65 193
63 66 93
63 67 32
63 68 84
63 69 291
63 70 44
63 71 117
63 72 137
63 73 226
63 74 211
63 75 131
63 76 199
63 77 160
63 78 48
63 79 34
63 80 292
63 81 122
63 82 76
63 83 213
63 84 187
63 85 188
63 86 92
63 87 141
63 88 130
63 89 166
63 90 195
63 91 238
63 92 243
63 93 228
63 94 161
63 95 100
63 96 163
63 97 35
63 98 88
63 99 263
64 1 59
64 2 47
64 3 109
64 4 114
64 5 242
64 6 107
64 7 149
64 8 254
64 9 132
64 10 210
64 11 298
64 12 268
64 13 183
64 14 72
64 15 128
64 16 290
64 17 256
64 18 128
64 19 216
64 20 238
64 21 287
64 22 74
64 23 117
64 24 35
64 25 66
64 26 54
64 27 55
64 28 132
64 29 100
64 30 56
64 31 40
64 32 290
64 33 286
64 34 297
64 35 157
64 36 256
64 37 231
64 38 292
64 39 236
64 40 110
64 41 123
64 42 167
64 43 213
64 44 211
64 45 41
64 46 108
64 47 147
64 48 255
64 49 146
64 50 136
64 51 67
64 52 181
64 53 80
64 54 153
64 55 33
64 56 39
64 57 193
64 58 39
64 59 247
64 60 196
64 61 141
64 62 125
64 63 141
64 65 93
64 66 182
64 67 71
64 68 260
64 69 204
64 70 47
64 71 178
64 72 219
64 73 209
64 74 228
64 75 126
64 76 201
64 77 89
64 78 257
64 79 89
64 80 134
64 81 172
64 82 277
64 83 192
64 84 204
64 85 170
64 86 138
64 87 266
64 88 224
64 89 145
64 90 292
64 91 136
64 92 229
64 93 292
64 94 203
64 95 256
64 96 178
64 97 141
64 98 57
64 99 233
65 1 209
65 2 30
65 3 42
65 4 180
65 5 114
65 6 65
65 7 68
65 8 74
65 9 280
65 10 55
65 11 248
65 12 286
65 13 96
65 14 118
65 15 63
65 16 37
65 17 185
65 18 139
65 19 286
65 20 238
65 21 273
65 22 110
65 23 219
65 24 198
65 25 223
65 26 285
65 27 235
65 28 292
65 29 90
65 30 208
65 31 140
65 32 224
65 33 114
65 34 177
65 35 226
65 36 180
65 37 36
65 38 210
65 39 138
65 40 212
65 41 246
65 42 243
65 43 114
65 44 273
65 45 270
65 46 287
65 47 206
65 48 210
65 49 44
65 50 52
65 51 266
65 52 97
65 53 75
65 54 140
65 55 277
65 56 280
65 57 287
65 58 164
65 59 98
65 60 233
65 61 133
65 62 77
65 63 193
65 64 93
65 66 31
65 67 291
65 68 296
65 69 79
65 70 138
65 71 291
65 72 266
65 73 250
65 74 89
65 75 141
65 76 290
65 77 113
65 78 187
65 79 297
65 80 205
65 81 142
65 82 44
65 83 165
65 84 260
65 85 95
65 86 122
65 87 87
65 88 271
65 89 33
65 90 79
65 91 256
65 92 94
65 93 157
65 94 264
65 95 290
65 96 52
65 97 271
65 98 192
65 99 164
66 1 275
66 2 166
66 3 272
66 4 155
66 5 281
66 6 36
66 7 252
66 8 281
66 9 291
66 10 59
66 11 271
66 12 143
66 13 218
66 14 217
66 15 167
66 16 222
66 17 242
66 18 84
66 19 89
66 20 252
66 21 51
66 22 70
66 23 51
66 24 266
66 25 161
66 26 174
66 27 71
66 28 223
66 29 109
66 30 217
66 31 261
66 32 202
66 33 66
66 34 181
66 35 213
66 36 82
66 37 241
66 38 206
66 39 243
66 40 139
66 41 259
66 42 180
66 43 40
66 44 124
66 45 226
66 46 244
66 47 268
66 48 182
66 49 91
66 50 242
66 51 71
66 52 40
66 53 242
66 54 269
66 55 271
66 56 148
66 57 205
66 58 250
66 59 95
66 60 65
66 61 60
66 62 58
66 63 93
66 64 182
66 65 31
66 67 84
66 68 238
66 69 237
66 70 261
66 71 193
66 72 122
66 73 63
66 74 139
66 75 43
66 76 58
66 77 120
66 78 136
66 79 169
66 80 180
66 81 197
66 82 53
66 83 212
66 84 90
66 85 215
66 86 75
66 87 120
66 88 290
66 89 41
66 90 171
66 91 202
66 92 107
66 93 217
66 94 137
66 95 274
66 96 257
66 97 261
66 98 111
66 99 229
67 1 83
67 2 246
67 3 133
67 4 217
67 5 187
67 6 107
67 7 148
67 8 82
67 9 255
67 10 82
67 11 123
67 12 210
67 13 43
67 14 73
67 15 115
67 16 90
67 17 209
67 18 285
67 19 94
67 20 160
67 21 164
67 22 40
67 23 179
67 24 121
67 25 68
67 26 280
67 27 48
67 28 261
67 29 61
67 30 147
67 31 208
67 32 40
67 33 84
67 34 42
67 35 66
67 36 292
67 37 114
67 38 133
67 39 295
67 40 184
67 41 245
67 42 212
67 43 192
67 44 147
67 45 42
67 46 184
67 47 274
67 48 71
67 49 35
67 50 284
67 51 299
67 52 31
67 53 244
67 54 40
67 55 293
67 56 102
67 57 52
67 58 283
67 59 282
67 60 272
67 61 278
67 62 235
67 63 32
67 64 71
67 65 291
67 66 84
67 68 224
67 69 41
67 70 50
67 71 50
67 72 126
67 73 144
67 74 55
67 75 41
67 76 168
67 77 109
67 78 222
67 79 182
67 80 154
67 81 58
67 82 139
67 83 67
67 84 91
67 85 125
67 86 250
67 87 35
67 88 285
67 89 247
67 90 180
67 91 102
67 92 252
67 93 68
67 94 202
67 95 31
67 96 278
67 97 200
67 98 108
67 99 265
68 1 283
68 2 221
68 3 273
68 4 200
68 5 220
68 6 281
68 7 232
68 8 204
68 9 192
68 10 233
68 11 32
68 12 73
68 13 160
68 14 218
68 15 115
68 16 89
68 17 142
68 18 38
68 19 183
68 20 108
68 21 81
68 22 120
68 23 298
68 24 173
68 25 261
68 26 35
68 27 121
68 28 142
68 29 137
68 30 155
68 31 254
68 32 47
68 33 137
68 34 168
68 35 227
68 36 120
68 37 202
68 38 93
68 39 145
68 40 108
68 41 242
68 42 227
68 43 296
68 44 43
68 45 170
68 46 233
68 47 70
68 48 284
68 49 281
68 50 161
68 51 48
68 52 276
68 53 271
68 54 143
68 55 113
68 56 182
68 57 158
68 58 214
68 59 229
68 60 294
68 61 271
68 62 49
68 63 84
68 64 260
68 65 296
68 66 238
68 67 224
68 69 258
68 70 235
68 71 192
68 72 110
68 73 183
68 74 137
68 75 54
68 76 220
68 77 150
68 78 36
68 79 150
68 80 135
68 81 184
68 82 64
68 83 124
68 84 241
68 85 60
68 86 236
68 87 267
68 88 138
68 89 82
68 90 64
68 91 131
68 92 77
68 93 221
68 94 100
68 95 150
68 96 168
68 97 159
68 98 235
68 99 81
69 1 147
69 2 174
69 3 50
69 4 244
69 5 80
69 6 245
69 7 156
69 8 260
69 9 116
69 10 116
69 11 121
69 12 272
69 13 174
69 14 268
69 15 121
69 16 260
69 17 111
69 18 61
69 19 271
69 20 246
69 21 135
69 22 266
69 23 151
69 24 133
69 25 200
69 26 32
69 27 104
69 28 67
69 29 268
69 30 214
69 31 66
69 32 222
69 33 117
69 34 48
69 35 261
69 36 267
69 37 85
69 38 231
69 39 41
69 40 253
69 41 242
69 42 100
69 43 227
69 44 224
69 45 208
69 46 129
69 47 199
69 48 223
69 49 205
69 50 195
69 51 285
69 52 179
69 53 155
69 54 263
69 55 132
69 56 284
69 57 100
69 58 259
69 59 47
69 60 130
69 61 218
69 62 33
69 63 291
69 64 204
69 65 79
69 66 237
69 67 41
69 68 258
69 70 107
69 71 233
69 72 58
69 73 276
69 74 178
69 75 125
69 76 175
69 77 141
69 78 286
69 79 111
69 80 218
69 81 252
69 82 89
69 83 190
69 84 159
69 85 262
69 86 152
69 87 291
69 88 136
69 89 50
69 90 244
69 91 103
69 92 129
69 93 287
69 94 148
69 95 117
69 96 280
69 97 280
69 98 55
69 99 275
70 1 31
70 2 141
70 3 169
70 4 246
70 5 91
70 6 248
70 7 195
70 8 89
70 9 84
70 10 49
70 11 100
70 12 297
70 13 136
70 14 138
70 15 189
70 16 276
70 17 96
70 18 211
70 19 247
70 20 68
70 21 170
70 22 262
70 23 35
70 24 274
70 25 53
70 26 172
70 27 250
70 28 132
70 29 269
70 30 210
70 31 289
70 32 184
70 33 205
70 34 126
70 35 208
70 36 216
70 37 73
70 38 86
70 39 64
70 40 81
70 41 98
70 42 150
70 43 44
70 44 44
70 45 188
70 46 102
70 47 81
70 48 186
70 49 116
70 50 231
70 51 200
70 52 169
70 53 107
70 54 184
70 55 186
70 56 90
70 57 260
70 58 178
70 59 154
70 60 284
70 61 212
70 62 45
70 63 44
70 64 47
70 65 138
70 66 261
70 67 50
70 68 235
70 69 107
70 71 139
70 72 225
70 73 32
70 74 106
70 75 277
70 76 65
70 77 263
70 78 135
70 79 182
70 80 233
70 81 274
70 82 267
70 83 213
70 84 91
70 85 215
70 86 96
70 87 284
70 88 243
70 89 219
70 90 83
70 91 287
70 92 159
70 93 116
70 94 54
70 95 64
70 96 209
70 97 256
70 98 132
70 99 275
71 1 92
71 2 160
71 3 68
71 4 155
71 5 280
71 6 119
71 7 190
71 8 207
71 9 204
71 10 246
71 11 266
71 12 113
71 13 172
71 14 115
71 15 124
71 16 252
71 17 200
71 18 226
71 19 95
71 20 104
71 21 276
71 22 251
71 23 143
71 24 142
71 25 94
71 26 105
71 27 40
71 28 209
71 29 43
71 30 150
71 31 163
71 32 110
71 33 106
71 34 133
71 35 124
71 36 220
71 37 119
71 38 257
71 39 92
71 40 46
71 41 178
71 42 200
71 43 155
71 44 118
71 45 86
71 46 125
71 47 193
71 48 274
71 49 242
71 50 133
71 51 257
71 52 218
71 53 294
71 54 86
71 55 198
71 56 134
71 57 104
71 58 264
71 59 229
71 60 162
71 61 190
71 62 293
71 63 117
71 64 178
71 65 291
71 66 193
71 67 50
71 68 192
71 69 233
71 70 139
71 72 170
71 73 169
71 74 265
71 75 275
71 76 267
71 77 78
71 78 255
71 79 283
71 80 288
71 81 39
71 82 43
71 83 96
71 84 300
71 85 225
71 86 198
71 87 167
71 88 176
71 89 104
71 90 255
71 91 44
71 92 238
71 93 229
71 94 211
71 95 156
71 96 230
71 97 118
71 98 275
71 99 83
72 1 113
72 2 115
72 3 207
72 4 263
72 5 190
72 6 201
72 7 159
72 8 247
72 9 76
72 10 97
72 11 268
72 12 241
72 13 123
72 14 62
72 15 95
72 16 271
72 17 38
72 18 253
72 19 246
72 20 48
72 21 105
72 22 89
72 23 116
72 24 36
72 25 276
72 26 205
72 27 130
72 28 222
72 29 190
72 30 102
72 31 30
72 32 168
72 33 52
72 34 118
72 35 63
72 36 169
72 37 173
72 38 127
72 39 58
72 40 161
72 41 87
72 42 265
72 43 190
72 44 204
72 45 63
72 46 138
72 47 127
72 48 133
72 49 137
72 50 252
72 51 130
72 52 110
72 53 122
72 54 232
72 55 136
72 56 137
72 57 166
72 58 251
72 59 234
72 60 257
72 61 287
72 62 164
72 63 137
72 64 219
72 65 266
72 66 122
72 67 126
72 68 110
72 69 58
72 70 225
72 71 170
72 73 287
72 74 123
72 75 40
72 76 277
72 77 298
72 78 244
72 79 61
72 80 119
72 81 36
72 82 142
72 83 97
72 84 140
72 85 210
72 86 99
72 87 102
72 88 67
72 89 188
72 90 267
72 91 54
72 92 171
72 93 205
72 94 70
72 95 221
72 96 172
72 97 186
72 98 193
72 99 265
73 1 118
73 2 243
73 3 83
73 4 171
73 5 270
73 6 128
73 7 170
73 8 69
73 9 139
73 10 152
73 11 72
73 12 272
73 13 211
73 14 297
73 15 158
73 16 218
73 17 85
73 18 237
73 19 45
73 20 237
73 21 168
73 22 193
73 23 196
73 24 109
73 25 159
73 26 278
73 27 300
73 28 153
73 29 169
73 30 185
73 31 125
73 32 263
73 33 259
73 34 157
73 35 103
73 36 140
73 37 40
73 38 75
73 39 126
73 40 144
73 41 61
73 42 202
73 43 271
73 44 154
73 45 132
73 46 146
73 47 274
73 48 156
73 49 69
73 50 73
73 51 263
73 52 43
73 53 138
73 54 286
73 55 209
73 56 213
73 57 244
73 58 166
73 59 114
73 60 57
73 61 47
73 62 97
73 63 226
73 64 209
73 65 250
73 66 63
73 67 144
73 68 183
73 69 276
73 70 32
73 71 169
73 72 287
73 74 220
73 75 122
73 76 170
73 77 273
73 78 82
73 79 73
73 80 240
73 81 296
73 82 258
73 83 79
73 84 149
73 85 284
73 86 123
73 87 197
73 88 257
73 89 77
73 90 223
73 91 208
73 92 300
73 93 98
73 94 40
73 95 277
73 96 245
73 97 222
73 98 136
73 99 280
74 1 146
74 2 200
74 3 138
74 4 288
74 5 83
74 6 209
74 7 248
74 8 229
74 9 83
74 10 208
74 11 252
74 12 184
74 13 81
74 14 142
74 15 137
74 16 37
74 17 285
74 18 67
74 19 238
74 20 280
74 21 245
74 22 112
74 23 285
74 24 293
74 25 122
74 26 276
74 27 108
74 28 145
74 29 198
74 30 272
74 31 226
74 32 130
74 33 265
74 34 242
74 35 218
74 36 51
74 37 58
74 38 244
74 39 59
74 40 54
74 41 101
74 42 190
74 43 200
74 44 254
74 45 290
74 46 83
74 47 225
74 48 239
74 49 123
74 50 101
74 51 151
74 52 131
74 53 209
74 54 200
74 55 80
74 56 239
74 57 161
74 58 216
74 59 173
74 60 255
74 61 111
74 62 220
74 63 211
74 64 228
74 65 89
74 66 139
74 67 55
74 68 137
74 69 178
74 70 106
74 71 265
74 72 123
74 73 220
74 75 124
74 76 252
74 77 206
74 78 35
74 79 146
74 80 110
74 81 240
74 82 241
74 83 185
74 84 128
74 85 186
74 86 33
74 87 34
74 88 267
74 89 175
74 90 202
74 91 285
74 92 221
74 93 299
74 94 87
74 95 295
74 96 60
74 97 229
74 98 108
74 99 292
75 1 274
75 2 161
75 3 201
75 4 279
75 5 229
75 6 212
75 7 233
75 8 151
75 9 291
75 10 264
75 11 244
75 12 286
75 13 242
75 14 215
75 15 165
75 16 158
75 17 147
75 18 219
75 19 237
75 20 37
75 21 202
75 22 36
75 23 174
75 24 163
75 25 121
75 26 203
75 27 147
75 28 171
75 29 300
75 30 40
75 31 146
75 32 193
75 33 107
75 34 91
75 35 46
75 36 132
75 37 205
75 38 138
75 39 259
75 40 268
75 41 64
75 42 94
75 43 130
75 44 113
75 45 95
75 46 148
75 47 286
75 48 215
75 49 183
75 50 293
75 51 119
75 52 139
75 53 50
75 54 137
75 55 239
75 56 185
75 57 90
75 58 279
75 59 248
75 60 97
75 61 184
75 62 30
75 63 131
75 64 126
75 65 141
75 66 43
75 67 41
75 68 54
75 69 125
75 70 277
75 71 275
75 72 40
75 73 122
75 74 124
75 76 216
75 77 278
75 78 110
75 79 93
75 80 183
75 81 252
75 82 50
75 83 264
75 84 35
75 85 46
75 86 143
75 87 268
75 88 158
75 89 49
75 90 236
75 91 103
75 92 265
75 93 46
75 94 253
75 95 256
75 96 251
75 97 180
75 98 300
75 99 300
76 1 50
76 2 75
76 3 99
76 4 67
76 5 239
76 6 300
76 7 291
76 8 271
76 9 214
76 10 283
76 11 43
76 12 147
76 13 150
76 14 219
76 15 185
76 16 268
76 17 274
76 18 194
76 19 163
76 20 220
76 21 100
76 22 165
76 23 80
76 24 276
76 25 52
76 26 220
76 27 84
76 28 92
76 29 95
76 30 144
76 31 155
76 32 225
76 33 122
76 34 94
76 35 266
76 36 111
76 37 170
76 38 173
76 39 274
76 40 53
76 41 98
76 42 170
76 43 52
76 44 57
76 45 91
76 46 193
76 47 77
76 48 298
76 49 112
76 50 295
76 51 193
76 52 170
76 53 261
76 54 290
76 55 192
76 56 286
76 57 211
76 58 224
76 59 273
76 60 66
76 61 178
76 62 147
76 63 199
76 64 201
76 65 290
76 66 58
76 67 168
76 68 220
76 69 175
76 70 65
76 71 267
76 72 277
76 73 170
76 74 252
76 75 216
76 77 48
76 78 98
76 79 191
76 80 121
76 81 51
76 82 184
76 83 280
76 84 118
76 85 31
76 86 138
76 87 110
76 88 160
76 89 156
76 90 226
76 91 55
76 92 244
76 93 189
76 94 278
76 95 126
76 96 161
76 97 86
76 98 204
76 99 263
77 1 171
77 2 36
77 3 94
77 4 233
77 5 48
77 6 142
77 7 59
77 8 129
77 9 231
77 10 42
77 11 63
77 12 115
77 13 274
77 14 203
77 15 63
77 16 90
77 17 116
77 18 262
77 19 151
77 20 87
77 21 278
77 22 294
77 23 72
77 24 158
77 25 123
77 26 74
77 27 246
77 28 227
77 29 129
77 30 190
77 31 139
77 32 267
77 33 137
77 34 192
77 35 262
77 36 157
77 37 174
77 38 64
77 39 269
77 40 93
77 41 171
77 42 92
77 43 134
77 44 245
77 45 145
77 46 287
77 47 181
77 48 97
77 49 125
77 50 165
77 51 32
77 52 115
77 53 246
77 54 84
77 55 110
77 56 273
77 57 40
77 58 184
77 59 121
77 60 139
77 61 78
77 62 166
77 63 160
77 64 89
77 65 113
77 66 120
77 67 109
77 68 150
77 69 141
77 70 263
77 71 78
77 72 298
77 73 273
77 74 206
77 75 278
77 76 48
77 78 111
77 79 252
77 80 275
77 81 41
77 82 30
77 83 211
77 84 86
77 85 262
77 86 159
77 87 266
77 88 92
77 89 151
77 90 144
77 91 178
77 92 219
77 93 133
77 94 117
77 95 74
77 96 101
77 97 205
77 98 56
77 99 205
78 1 146
78 2 257
78 3 128
78 4 154
78 5 218
78 6 68
78 7 204
78 8 241
78 9 272
78 10 105
78 11 153
78 12 177
78 13 33
78 14 161
78 15 183
78 16 280
78 17 119
78 18 253
78 19 286
78 20 98
78 21 215
78 22 253
78 23 183
78 24 94
78 25 34
78 26 245
78 27 44
78 28 204
78 29 197
78 30 222
78 31 49
78 32 298
78 33 49
78 34 259
78 35 141
78 36 81
78 37 38
78 38 295
78 39 172
78 40 298
78 41 290
78 42 283
78 43 45
78 44 89
78 45 241
78 46 67
78 47 137
78 48 168
78 49 185
78 50 279
78 51 126
78 52 233
78 53 274
78 54 100
78 55 33
78 56 238
78 57 75
78 58 168
78 59 255
78 60 149
78 61 287
78 62 202
78 63 48
78 64 257
78 65 187
78 66 136
78 67 222
78 68 36
78 69 286
78 70 135
78 71 255
78 72 244
78 73 82
78 74 35
78 75 110
78 76 98
78 77 111
78 79 271
78 80 130
78 81 263
78 82 177
78 83 266
78 84 34
78 85 200
78 86 270
78 87 128
78 88 158
78 89 246
78 90 276
78 91 133
78 92 75
78 93 235
78 94 214
78 95 291
78 96 83
78 97 110
78 98 299
78 99 183
79 1 139
79 2 275
79 3 270
79 4 220
79 5 174
79 6 272
79 7 266
79 8 123
79 9 289
79 10 36
79 11 134
79 12 112
79 13 272
79 14 296
79 15 83
79 16 57
79 17 282
79 18 135
79 19 92
79 20 74
79 21 294
79 22 256
79 23 92
79 24 107
79 25 42
79 26 103
79 27 119
79 28 281
79 29 249
79 30 182
79 31 73
79 32 228
79 33 209
79 34 87
79 35 220
79 36 236
79 37 64
79 38 236
79 39 262
79 40 245
79 41 150
79 42 245
79 43 60
79 44 151
79 45 73
79 46 141
79 47 256
79 48 149
79 49 299
79 50 227
79 51 142
79 52 91
79 53 148
79 54 229
79 55 295
79 56 206
79 57 183
79 58 292
79 59 109
79 60 58
79 61 76
79 62 196
79 63 34
79 64 89
79 65 297
79 66 169
79 67 182
79 68 150
79 69 111
79 70 182
79 71 283
79 72 61
79 73 73
79 74 146
79 75 93
79 76 191
79 77 252
79 78 271
79 80 243
79 81 264
79 82 38
79 83 191
79 84 296
79 85 193
79 86 216
79 87 268
79 88 246
79 89 207
79 90 49
79 91 201
79 92 237
79 93 252
79 94 165
79 95 70
79 96 209
79 97 252
79 98 175
79 99 191
80 1 224
80 2 156
80 3 259
80 4 145
80 5 35
80 6 124
80 7 216
80 8 143
80 9 129
80 10 226
80 11 144
80 12 130
80 13 257
80 14 234
80 15 91
80 16 225
80 17 121
80 18 285
80 19 245
80 20 262
80 21 164
80 22 133
80 23 107
80 24 251
80 25 214
80 26 262
80 27 236
80 28 292
80 29 39
80 30 224
80 31 181
80 32 74
80 33 224
80 34 223
80 35 195
80 36 103
80 37 209
80 38 83
80 39 270
80 40 279
80 41 136
80 42 130
80 43 176
80 44 176
80 45 98
80 46 223
80 47 259
80 48 103
80 49 66
80 50 173
80 51 281
80 52 256
80 53 240
80 54 270
80 55 74
80 56 56
80 57 229
80 58 147
80 59 71
80 60 119
80 61 191
80 62 227
80 63 292
80 64 134
80 65 205
80 66 180
80 67 154
80 68 135
80 69 218
80 70 233
80 71 288
80 72 119
80 73 240
80 74 110
80 75 183
80 76 121
80 77 275
80 78 130
80 79 243
80 81 39
80 82 89
80 83 175
80 84 259
80 85 74
80 86 297
80 87 211
80 88 275
80 89 210
80 90 153
80 91 203
80 92 220
80 93 153
80 94 80
80 95 100
80 96 68
80 97 200
80 98 39
80 99 187
81 1 212
81 2 108
81 3 83
81 4 224
81 5 265
81 6 198
81 7 145
81 8 205
81 9 282
81 10 166
81 11 121
81 12 41
81 13 122
81 14 75
81 15 54
81 16 93
81 17 275
81 18 118
81 19 47
81 20 230
81 21 241
81 22 132
81 23 250
81 24 275
81 25 230
81 26 115
81 27 230
81 28 137
81 29 85
81 30 208
81 31 37
81 32 272
81 33 106
81 34 212
81 35 60
81 36 247
81 37 177
81 38 52
81 39 180
81 40 56
81 41 69
81 42 155
81 43 54
81 44 125
81 45 48
81 46 260
81 47 31
81 48 192
81 49 172
81 50 38
81 51 228
81 52 71
81 53 121
81 54 223
81 55 249
81 56 79
81 57 220
81 58 284
81 59 208
81 60 137
81 61 225
81 62 228
81 63 122
81 64 172
81 65 142
81 66 197
81 67 58
81 68 184
81 69 252
81 70 274
81 71 39
81 72 36
81 73 296
81 74 240
81 75 252
81 76 51
81 77 41
81 78 263
81 79 264
81 80 39
81 82 99
81 83 210
81 84 192
81 85 203
81 86 214
81 87 51
81 88 264
81 89 237
81 90 273
81 91 214
81 92 30
81 93 253
81 94 202
81 95 258
81 96 293
81 97 293
81 98 213
81 99 94
82 1 68
82 2 127
82 3 218
82 4 42
82 5 41
82 6 197
82 7 175
82 8 204
82 9 217
82 10 247
82 11 134
82 12 123
82 13 216
82 14 140
82 15 278
82 16 198
82 17 208
82 18 291
82 19 61
82 20 154
82 21 292
82 22 92
82 23 130
82 24 254
82 25 202
82 26 159
82 27 222
82 28 263
82 29 196
82 30 96
82 31 199
82 32 197
82 33 123
82 34 190
82 35 223
82 36 77
82 37 33
82 38 102
82 39 152
82 40 268
82 41 34
82 42 171
82 43 73
82 44 35
82 45 171
82 46 47
82 47 160
82 48 140
82 49 293
82 50 118
82 51 212
82 52 221
82 53 150
82 54 238
82 55 37
82 56 34
82 57 263
82 58 99
82 59 79
82 60 192
82 61 54
82 62 115
82 63 76
82 64 277
82 65 44
82 66 53
82 67 139
82 68 64
82 69 89
82 70 267
82 71 43
82 72 142
82 73 258
82 74 241
82 75 50
82 76 184
82 77 30
82 78 177
82 79 38
82 80 89
82 81 99
82 83 260
82 84 172
82 85 166
82 86 289
82 87 38
82 88 60
82 89 107
82 90 236
82 91 263
82 92 142
82 93 39
82 94 46
82 95 131
82 96 104
82 97 89
82 98 34
82 99 55
83 1 258
83 2 242
83 3 160
83 4 139
83 5 212
83 6 220
83 7 115
83 8 105
83 9 185
83 10 38
83 11 76
83 12 47
83 13 288
83 14 146
83 15 67
83 16 96
83 17 182
83 18 277
83 19 119
83 20 125
83 21 139
83 22 90
83 23 195
83 24 109
83 25 178
83 26 190
83 27 59
83 28 182
83 29 149
83 30 159
83 31 213
83 32 168
83 33 291
83 34 131
83 35 265
83 36 39
83 37 117
83 38 117
83 39 102
83 40 133
83 41 193
83 42 97
83 43 103
83 44 92
83 45 242
83 46 149
83 47 281
83 48 190
83 49 212
83 50 52
83 51 295
83 52 38
83 53 239
83 54 112
83 55 57
83 56 199
83 57 220
83 58 136
83 59 89
83 60 43
83 61 93
83 62 122
83 63 213
83 64 192
83 65 165
83 66 212
83 67 67
83 68 124
83 69 190
83 70 213
83 71 96
83 72 97
83 73 79
83 74 185
83 75 264
83 76 280
83 77 211
83 78 266
83 79 191
83 80 175
83 81 210
83 82 260
83 84 59
83 85 115
83 86 283
83 87 66
83 88 139
83 89 267
83 90 97
83 91 58
83 92 217
83 93 251
83 94 203
83 95 121
83 96 69
83 97 280
83 98 135
83 99 229
84 1 273
84 2 265
84 3 151
84 4 113
84 5 201
84 6 227
84 7 48
84 8 74
84 9 135
84 10 278
84 11 170
84 12 265
84 13 114
84 14 178
84 15 31
84 16 271
84 17 173
84 18 201
84 19 82
84 20 261
84 21 118
84 22 200
84 23 88
84 24 273
84 25 54
84 26 156
84 27 107
84 28 209
84 29 140
84 30 213
84 31 31
84 32 152
84 33 165
84 34 104
84 35 123
84 36 117
84 37 152
84 38 110
84 39 183
84 40 251
84 41 52
84 42 141
84 43 142
84 44 205
84 45 219
84 46 138
84 47 51
84 48 138
84 49 92
84 50 264
84 51 188
84 52 57
84 53 89
84 54 193
84 55 31
84 56 207
84 57 128
84 58 161
84 59 260
84 60 206
84 61 151
84 62 62
84 63 187
84 64 204
84 65 260
84 66 90
84 67 91
84 68 241
84 69 159
84 70 91
84 71 300
84 72 140
84 73 149
84 74 128
84 75 35
84 76 118
84 77 86
84 78 34
84 79 296
84 80 259
84 81 192
84 82 172
84 83 59
84 85 51
84 86 191
84 87 69
84 88 32
84 89 127
84 90 229
84 91 148
84 92 197
84 93 228
84 94 137
84 95 171
84 96 70
84 97 268
84 98 95
84 99 209
85 1 241
85 2 201
85 3 201
85 4 266
85 5 41
85 6 186
85 7 113
85 8 58
85 9 44
85 10 153
85 11 172
85 12 195
85 13 229
85 14 159
85 15 46
85 16 287
85 17 247
85 18 209
85 19 102
85 20 60
85 21 132
85 22 91
85 23 236
85 24 250
85 25 172
85 26 222
85 27 129
85 28 205
85 29 191
85 30 259
85 31 203
85 32 223
85 33 244
85 34 61
85 35 101
85 36 36
85 37 270
85 38 69
85 39 153
85 40 296
85 41 280
85 42 50
85 43 282
85 44 53
85 45 154
85 46 75
85 47 216
85 48 39
85 49 183
85 50 148
85 51 191
85 52 64
85 53 277
85 54 291
85 55 140
85 56 190
85 57 68
85 58 146
85 59 68
85 60 261
85 61 106
85 62 111
85 63 188
85 64 170
85 65 95
85 66 215
85 67 125
85 68 60
85 69 262
85 70 215
85 71 225
85 72 210
85 73 284
85 74 186
85 75 46
85 76 31
85 77 262
85 78 200
85 79 193
85 80 74
85 81 203
85 82 166
85 83 115
85 84 51
85 86 299
85 87 169
85 88 279
85 89 226
85 90 52
85 91 121
85 92 107
85 93 116
85 94 60
85 95 293
85 96 230
85 97 239
85 98 173
85 99 157
86 1 175
86 2 66
86 3 210
86 4 39
86 5 213
86 6 62
86 7 214
86 8 271
86 9 281
86 10 36
86 11 175
86 12 163
86 13 255
86 14 224
86 15 130
86 16 129
86 17 210
86 18 94
86 19 140
86 20 134
86 21 188
86 22 262
86 23 195
86 24 252
86 25 179
86 26 252
86 27 82
86 28 287
86 29 160
86 30 174
86 31 147
86 32 160
86 33 33
86 34 173
86 35 160
86 36 91
86 37 71
86 38 101
86 39 70
86 40 127
86 41 72
86 42 68
86 43 108
86 44 95
86 45 191
86 46 211
86 47 118
86 48 264
86 49 204
86 50 260
86 51 260
86 52 117
86 53 94
86 54 148
86 55 266
86 56 292
86 57 198
86 58 192
86 59 228
86 60 277
86 61 160
86 62 161
86 63 92
86 64 138
86 65 122
86 66 75
86 67 250
86 68 236
86 69 152
86 70 96
86 71 198
86 72 99
86 73 123
86 74 33
86 75 143
86 76 138
86 77 159
86 78 270
86 79 216
86 80 297
86 81 214
86 82 289
86 83 283
86 84 191
86 85 299
86 87 220
86 88 230
86 89 153
86 90 253
86 91 219
86 92 215
86 93 103
86 94 117
86 95 73
86 96 215
86 97 93
86 98 64
86 99 207
87 1 77
87 2 184
87 3 172
87 4 127
87 5 64
87 6 249
87 7 116
87 8 202
87 9 61
87 10 226
87 11 274
87 12 122
87 13 59
87 14 156
87 15 77
87 16 274
87 17 210
87 18 271
87 19 62
87 20 34
87 21 150
87 22 35
87 23 214
87 24 109
87 25 134
87 26 59
87 27 99
87 28 193
87 29 290
87 30 274
87 31 192
87 32 35
87 33 207
87 34 92
87 35 225
87 36 147
87 37 292
87 38 182
87 39 154
87 40 240
87 41 125
87 42 98
87 43 51
87 44 186
87 45 33
87 46 89
87 47 264
87 48 294
87 49 209
87 50 215
87 51 185
87 52 34
87 53 71
87 54 67
87 55 268
87 56 229
87 57 271
87 58 70
87 59 194
87 60 156
87 61 123
87 62 87
87 63 141
87 64 266
87 65 87
87 66 120
87 67 35
87 68 267
87 69 291
87 70 284
87 71 167
87 72 102
87 73 197
87 74 34
87 75 268
87 76 110
87 77 266
87 78 128
87 79 268
87 80 211
87 81 51
87 82 38
87 83 66
87 84 69
87 85 169
87 86 220
87 88 290
87 89 126
87 90 129
87 91 49
87 92 259
87 93 274
87 94 253
87 95 152
87 96 238
87 97 243
87 98 34
87 99 52
88 1 144
88 2 281
88 3 197
88 4 122
88 5 175
88 6 138
88 7 154
88 8 287
88 9 128
88 10 174
88 11 262
88 12 219
88 13 237
88 14 73
88 15 290
88 16 113
88 17 209
88 18 233
88 19 227
88 20 225
88 21 40
88 22 73
88 23 38
88 24 199
88 25 85
88 26 154
88 27 215
88 28 65
88 29 169
88 30 96
88 31 30
88 32 82
88 33 165
88 34 151
88 35 130
88 36 107
88 37 127
88 38 70
88 39 189
88 40 115
88 41 60
88 42 213
88 43 113
88 44 281
88 45 92
88 46 54
88 47 90
88 48 67
88 49 115
88 50 201
88 51 266
88 52 195
88 53 95
88 54 130
88 55 166
88 56 246
88 57 150
88 58 112
88 59 257
88 60 255
88 61 180
88 62 287
88 63 130
88 64 224
88 65 271
88 66 290
88 67 285
88 68 138
88 69 136
88 70 243
88 71 176
88 72 67
88 73 257
88 74 267
88 75 158
88 76 160
88 77 92
88 78 158
88 79 246
88 80 275
88 81 264
88 82 60
88 83 139
88 84 32
88 85 279
88 86 230
88 87 290
88 89 293
88 90 236
88 91 271
88 92 73
88 93 267
88 94 280
88 95 150
88 96 279
88 97 280
88 98 152
88 99 82
89 1 279
89 2 110
89 3 101
89 4 258
89 5 154
89 6 223
89 7 212
89 8 280
89 9 140
89 10 157
89 11 139
89 12 111
89 13 164
89 14 294
89 15 145
89 16 110
89 17 126
89 18 188
89 19 231
89 20 41
89 21 296
89 22 73
89 23 143
89 24 104
89 25 140
89 26 128
89 27 159
89 28 157
89 29 131
89 30 69
89 31 236
89 32 157
89 33 137
89 34 120
89 35 167
89 36 72
89 37 37
89 38 130
89 39 139
89 40 290
89 41 63
89 42 237
89 43 217
89 44 298
89 45 31
89 46 47
89 47 261
89 48 133
89 49 298
89 50 164
89 51 39
89 52 62
89 53 148
89 54 81
89 55 91
89 56 196
89 57 297
89 58 44
89 59 124
89 60 296
89 61 246
89 62 34
89 63 166
89 64 145
89 65 33
89 66 41
89 67 247
89 68 82
89 69 50
89 70 219
89 71 104
89 72 188
89 73 77
89 74 175
89 75 49
89 76 156
89 77 151
89 78 246
89 79 207
89 80 210
89 81 237
89 82 107
89 83 267
89 84 127
89 85 226
89 86 153
89 87 126
89 88 293
89 90 104
89 91 238
89 92 286
89 93 144
89 94 235
89 95 255
89 96 248
89 97 82
89 98 122
89 99 138
90 1 248
90 2 254
90 3 170
90 4 64
90 5 157
90 6 47
90 7 294
90 8 139
90 9 300
90 10 52
90 11 111
90 12 57
90 13 224
90 14 167
90 15 142
90 16 191
90 17 232
90 18 166
90 19 74
90 20 251
90 21 165
90 22 270
90 23 188
90 24 202
90 25 265
90 26 289
90 27 57
90 28 182
90 29 151
90 30 297
90 31 260
90 32 141
90 33 45
90 34 93
90 35 100
90 36 157
90 37 148
90 38 167
90 39 110
90 40 63
90 41 67
90 42 150
90 43 84
90 44 155
90 45 59
90 46 235
90 47 196
90 48 175
90 49 144
90 50 210
90 51 263
90 52 67
90 53 183
90 54 254
90 55 167
90 56 256
90 57 142
90 58 181
90 59 89
90 60 148
90 61 144
90 62 36
90 63 195
90 64 292
90 65 79
90 66 171
90 67 180
90 68 64
90 69 244
90 70 83
90 71 255
90 72 267
90 73 223
90 74 202
90 75 236
90 76 226
90 77 144
90 78 276
90 79 49
90 80 153
90 81 273
90 82 236
90 83 97
90 84 229
90 85 52
90 86 253
90 87 129
90 88 236
90 89 104
90 91 267
90 92 97
90 93 188
90 94 137
90 95 106
90 96 238
90 97 129
90 98 75
90 99 249
91 1 47
91 2 120
91 3 113
91 4 136
91 5 138
91 6 49
91 7 211
91 8 280
91 9 262
91 10 277
91 11 211
91 12 266
91 13 157
91 14 75
91 15 240
91 16 223
91 17 242
91 18 267
91 19 293
91 20 141
91 21 266
91 22 57
91 23 67
91 24 290
91 25 190
91 26 225
91 27 192
91 28 106
91 29 53
91 30 295
91 31 168
91 32 269
91 33 124
91 34 90
91 35 223
91 36 235
91 37 284
91 38 121
91 39 168
91 40 288
91 41 100
91 42 220
91 43 144
91 44 182
91 45 58
91 46 36
91 47 30
91 48 106
91 49 271
91 50 300
91 51 48
91 52 129
91 53 97
91 54 48
91 55 246
91 56 99
91 57 193
91 58 218
91 59 176
91 60 201
91 61 272
91 62 68
91 63 238
91 64 136
91 65 256
91 66 202
91 67 102
91 68 131
91 69 103
91 70 287
91 71 44
91 72 54
91 73 208
91 74 285
91 75 103
91 76 55
91 77 178
91 78 133
91 79 201
91 80 203
91 81 214
91 82 263
91 83 58
91 84 148
91 85 121
91 86 219
91 87 49
91 88 271
91 89 238
91 90 267
91 92 68
91 93 106
91 94 221
91 95 74
91 96 296
91 97 35
91 98 235
91 99 211
92 1 219
92 2 245
92 3 138
92 4 257
92 5 265
92 6 291
92 7 264
92 8 72
92 9 227
92 10 47
92 11 150
92 12 299
92 13 144
92 14 225
92 15 39
92 16 279
92 17 263
92 18 132
92 19 211
92 20 40
92 21 118
92 22 70
92 23 293
92 24 140
92 25 80
92 26 159
92 27 109
92 28 63
92 29 94
92 30 85
92 31 276
92 32 199
92 33 286
92 34 262
92 35 225
92 36 62
92 37 151
92 38 271
92 39 232
92 40 78
92 41 43
92 42 167
92 43 38
92 44 73
92 45 91
92 46 140
92 47 268
92 48 263
92 49 33
92 50 150
92 51 211
92 52 60
92 53 214
92 54 285
92 55 31
92 56 238
92 57 64
92 58 130
92 59 51
92 60 231
92 61 171
92 62 118
92 63 243
92 64 229
92 65 94
92 66 107
92 67 252
92 68 77
92 69 129
92 70 159
92 71 238
92 72 171
92 73 300
92 74 221
92 75 265
92 76 244
92 77 219
92 78 75
92 79 237
92 80 220
92 81 30
92 82 142
92 83 217
92 84 197
92 85 107
92 86 215
92 87 259
92 88 73
92 89 286
92 90 97
92 91 68
92 93 172
92 94 43
92 95 104
92 96 99
92 97 123
92 98 173
92 99 132
93 1 221
93 2 48
93 3 245
93 4 215
93 5 193
93 6 51
93 7 169
93 8 198
93 9 110
93 10 178
93 11 209
93 12 114
93 13 68
93 14 279
93 15 265
93 16 94
93 17 187
93 18 124
93 19 116
93 20 99
93 21 244
93 22 189
93 23 143
93 24 74
93 25 69
93 26 232
93 27 297
93 28 214
93 29 272
93 30 203
93 31 65
93 32 132
93 33 130
93 34 90
93 35 256
93 36 31
93 37 122
93 38 286
93 39 66
93 40 99
93 41 53
93 42 113
93 43 38
93 44 218
93 45 66
93 46 90
93 47 297
93 48 286
93 49 241
93 50 229
93 51 212
93 52 251
93 53 262
93 54 47
93 55 179
93 56 93
93 57 186
93 58 282
93 59 127
93 60 195
93 61 158
93 62 172
93 63 228
93 64 292
93 65 157
93 66 217
93 67 68
93 68 221
93 69 287
93 70 116
93 71 229
93 72 205
93 73 98
93 74 299
93 75 46
93 76 189
93 77 133
93 78 235
93 79 252
93 80 153
93 81 253
93 82 39
93 83 251
93 84 228
93 85 116
93 86 103
93 87 274
93 88 267
93 89 144
93 90 188
93 91 106
93 92 172
93 94 243
93 95 49
93 96 281
93 97 68
93 98 98
93 99 293
94 1 179
94 2 115
94 3 216
94 4 111
94 5 164
94 6 156
94 7 31
94 8 56
94 9 185
94 10 93
94 11 85
94 12 104
94 13 38
94 14 281
94 15 218
94 16 98
94 17 194
94 18 93
94 19 89
94 20 56
94 21 67
94 22 255
94 23 279
94 24 135
94 25 271
94 26 249
94 27 176
94 28 153
94 29 69
94 30 222
94 31 190
94 32 86
94 33 277
94 34 125
94 35 255
94 36 147
94 37 97
94 38 212
94 39 293
94 40 234
94 41 198
94 42 94
94 43 33
94 44 225
94 45 252
94 46 183
94 47 196
94 48 145
94 49 168
94 50 101
94 51 125
94 52 179
94 53 217
94 54 163
94 55 150
94 56 260
94 57 66
94 58 187
94 59 298
94 60 193
94 61 128
94 62 265
94 63 161
94 64 203
94 65 264
94 66 137
94 67 202
94 68 100
94 69 148
94 70 54
94 71 211
94 72 70
94 73 40
94 74 87
94 75 253
94 76 278
94 77 117
94 78 214
94 79 165
94 80 80
94 81 202
94 82 46
94 83 203
94 84 137
94 85 60
94 86 117
94 87 253
94 88 280
94 89 235
94 90 137
94 91 221
94 92 43
94 93 243
94 95 126
94 96 173
94 97 264
94 98 108
94 99 32
95 1 36
95 2 270
95 3 256
95 4 60
95 5 137
95 6 232
95 7 94
95 8 123
95 9 220
95 10 233
95 11 150
95 12 297
95 13 82
95 14 300
95 15 37
95 16 286
95 17 276
95 18 110
95 19 93
95 20 259
95 21 131
95 22 36
95 23 65
95 24 91
95 25 97
95 26 62
95 27 237
95 28 152
95 29 268
95 30 246
95 31 42
95 32 174
95 33 236
95 34 163
95 35 129
95 36 261
95 37 91
95 38 69
95 39 116
95 40 100
95 41 111
95 42 162
95 43 49
95 44 212
95 45 152
95 46 117
95 47 169
95 48 160
95 49 181
95 50 141
95 51 115
95 52 201
95 53 171
95 54 215
95 55 189
95 56 254
95 57 141
95 58 192
95 59 71
95 60 296
95 61 45
95 62 218
95 63 100
95 64 256
95 65 290
95 66 274
95 67 31
95 68 150
95 69 117
95 70 64
95 71 156
95 72 221
95 73 277
95 74 295
95 75 256
95 76 126
95 77 74
95 78 291
95 79 70
95 80 100
95 81 258
95 82 131
95 83 121
95 84 171
95 85 293
95 86 73
95 87 152
95 88 150
95 89 255
95 90 106
95 91 74
95 92 104
95 93 49
95 94 126
95 96 153
95 97 248
95 98 248
95 99 236
96 1 90
96 2 139
96 3 190
96 4 244
96 5 57
96 6 66
96 7 202
96 8 85
96 9 51
96 10 35
96 11 224
96 12 191
96 13 97
96 14 87
96 15 290
96 16 72
96 17 218
96 18 74
96 19 141
96 20 169
96 21 120
96 22 245
96 23 136
96 24 164
96 25 54
96 26 78
96 27 79
96 28 294
96 29 255
96 30 270
96 31 238
96 32 241
96 33 218
96 34 194
96 35 129
96 36 258
96 37 199
96 38 135
96 39 266
96 40 50
96 41 294
96 42 66
96 43 85
96 44 164
96 45 40
96 46 147
96 47 90
96 48 290
96 49 280
96 50 298
96 51 94
96 52 35
96 53 35
96 54 287
96 55 299
96 56 254
96 57 221
96 58 272
96 59 249
96 60 187
96 61 233
96 62 217
96 63 163
96 64 178
96 65 52
96 66 257
96 67 278
96 68 168
96 69 280
96 70 209
96 71 230
96 72 172
96 73 245
96 74 60
96 75 251
96 76 161
96 77 101
96 78 83
96 79 209
96 80 68
96 81 293
96 82 104
96 83 69
96 84 70
96 85 230
96 86 215
96 87 238
96 88 279
96 89 248
96 90 238
96 91 296
96 92 99
96 93 281
96 94 173
96 95 153
96 97 148
96 98 268
96 99 62
97 1 282
97 2 280
97 3 141
97 4 277
97 5 255
97 6 43
97 7 126
97 8 174
97 9 271
97 10 101
97 11 193
97 12 258
97 13 81
97 14 215
97 15 272
97 16 134
97 17 40
97 18 294
97 19 52
97 20 289
97 21 168
97 22 208
97 23 131
97 24 50
97 25 153
97 26 92
97 27 249
97 28 279
97 29 125
97 30 186
97 31 41
97 32 118
97 33 269
97 34 110
97 35 114
97 36 173
97 37 204
97 38 130
97 39 294
97 40 256
97 41 143
97 42 122
97 43 172
97 44 184
97 45 299
97 46 57
97 47 166
97 48 240
97 49 146
97 50 263
97 51 202
97 52 251
97 53 226
97 54 225
97 55 65
97 56 206
97 57 101
97 58 185
97 59 66
97 60 145
97 61 166
97 62 37
97 63 35
97 64 141
97 65 271
97 66 261
97 67 200
97 68 159
97 69 280
97 70 256
97 71 118
97 72 186
97 73 222
97 74 229
97 75 180
97 76 86
97 77 205
97 78 110
97 79 252
97 80 200
97 81 293
97 82 89
97 83 280
97 84 268
97 85 239
97 86 93
97 87 243
97 88 280
97 89 82
97 90 129
97 91 35
97 92 123
97 93 68
97 94 264
97 95 248
97 96 148
97 98 237
97 99 195
98 1 233
98 2 256
98 3 279
98 4 60
98 5 258
98 6 154
98 7 213
98 8 237
98 9 265
98 10 108
98 11 175
98 12 95
98 13 212
98 14 171
98 15 50
98 16 118
98 17 248
98 18 288
98 19 120
98 20 54
98 21 234
98 22 123
98 23 257
98 24 198
98 25 104
98 26 104
98 27 264
98 28 278
98 29 201
98 30 56
98 31 134
98 32 220
98 33 222
98 34 252
98 35 32
98 36 245
98 37 224
98 38 264
98 39 154
98 40 232
98 41 229
98 42 296
98 43 56
98 44 78
98 45 214
98 46 262
98 47 166
98 48 63
98 49 249
98 50 198
98 51 192
98 52 168
98 53 166
98 54 270
98 55 166
98 56 48
98 57 294
98 58 123
98 59 134
98 60 138
98 61 115
98 62 94
98 63 88
98 64 57
98 65 192
98 66 111
98 67 108
98 68 235
98 69 55
98 70 132
98 71 275
98 72 193
98 73 136
98 74 108
98 75 300
98 76 204
98 77 56
98 78 299
98 79 175
98 80 39
98 81 213
98 82 34
98 83 135
98 84 95
98 85 173
98 86 64
98 87 34
98 88 152
98 89 122
98 90 75
98 91 235
98 92 173
98 93 98
98 94 108
98 95 248
98 96 268
98 97 237
98 99 164
1 t 87
2 t 35
3 t 214
4 t 192
5 t 187
6 t 190
7 t 61
8 t 230
9 t 186
10 t 114
11 t 151
12 t 110
13 t 278
14 t 270
15 t 60
16 t 30
17 t 277
18 t 242
19 t 300
20 t 267
21 t 224
22 t 225
23 t 246
24 t 189
25 t 245
26 t 44
27 t 144
28 t 75
29 t 114
30 t 228
31 t 206
32 t 251
33 t 193
34 t 238
35 t 45
36 t 240
37 t 220
38 t 152
39 t 103
40 t 159
41 t 291
42 t 177
43 t 282
44 t 230
45 t 215
46 t 109
47 t 63
48 t 270
49 t 71
50 t 225
51 t 43
52 t 232
53 t 198
54 t 162
55 t 143
56 t 244
57 t 113
58 t 186
59 t 300
60 t 38
61 t 177
62 t 80
63 t 263
64 t 233
65 t 164
66 t 229
67 t 265
68 t 81
69 t 275
70 t 275
71 t 83
72 t 265
73 t 280
74 t 292
75 t 300
76 t 263
77 t 205
78 t 183
79 t 191
80 t 187
81 t 94
82 t 55
83 t 229
84 t 209
85 t 157
86 t 207
87 t 52
88 t 82
89 t 138
90 t 249
91 t 211
92 t 132
93 t 293
94 t 32
95 t 236
96 t 62
97 t 195
98 t 164
