s 1 239
s 2 172
s 3 164
s 4 231
s 5 214
s 6 124
s 7 107
s 8 53
s 9 212
s 10 149
s 11 202
s 12 247
s 13 76
s 14 189
s 15 299
s 16 75
s 17 257
s 18 152
s 19 264
s 20 69
s 21 185
s 22 88
s 23 48
s 24 156
s 25 208
s 26 120
s 27 237
s 28 76
s 29 219
s 30 84
s 31 235
s 32 129
s 33 187
s 34 282
s 35 172
s 36 160
s 37 52
s 38 208
s 39 36
s 40 245
s 41 64
s 42 39
s 43 264
s 44 47
s 45 110
s 46 272
s 47 184
s 48 225
s 49 167
s 50 132
s 51 132
s 52 96
s 53 253
s 54 148
s 55 209
s 56 45
s 57 232
s 58 203
s 59 116
s 60 204
s 61 167
s 62 77
s 63 68
s 64 252
s 65 121
s 66 109
s 67 63
s 68 239
s 69 290
s 70 81
s 71 38
s 72 158
s 73 148
s 74 178
s 75 42
s 76 202
s 77 155
s 78 245
s 79 297
s 80 256
s 81 75
s 82 106
s 83 228
s 84 271
s 85 298
s 86 292
s 87 36
s 88 145
s 89 169
s 90 31
s 91 286
s 92 200
s 93 196
s 94 174
s 95 153
s 96 81
s 97 130
s 98 159
s 99 294
1 2 267
1 3 153
1 4 201
1 5 271
1 6 239
1 7 52
1 8 297
1 9 43
1 10 233
1 11 204
1 12 72
1 13 157
1 14 233
1 15 270
1 16 122
1 17 238
1 18 174
1 19 260
1 20 231
1 21 56
1 22 188
1 23 71
1 24 145
1 25 145
1 26 122
1 27 35
1 28 97
1 29 282
1 30 38
1 31 295
1 32 202
1 33 164
1 34 281
1 35 183
1 36 111
1 37 243
1 38 200
1 39 280
1 40 119
1 41 259
1 42 244
1 43 49
1 44 188
1 45 50
1 46 204
1 47 206
1 48 93
1 49 151
1 50 150
1 51 279
1 52 259
1 53 299
1 54 125
1 55 222
1 56 124
1 57 203
1 58 156
1 59 222
1 60 62
1 61 169
1 62 52
1 63 200
1 64 68
1 65 189
1 66 64
1 67 185
1 68 37
1 69 88
1 70 128
1 71 71
1 72 40
1 73 55
1 74 224
1 75 128
1 76 144
1 77 159
1 78 228
1 79 155
1 80 269
1 81 177
1 82 277
1 83 282
1 84 102
1 85 80
1 86 252
1 87 224
1 88 246
1 89 259
1 90 61
1 91 69
1 92 44
1 93 143
1 94 115
1 95 44
1 96 53
1 97 286
1 98 185
1 99 87
2 1 267
2 3 162
2 4 98
2 5 227
2 6 69
2 7 219
2 8 278
2 9 134
2 10 169
2 11 139
2 12 185
2 13 123
2 14 160
2 15 59
2 16 245
2 17 116
2 18 246
2 19 85
2 20 287
2 21 274
2 22 207
2 23 139
2 24 104
2 25 118
2 26 218
2 27 181
2 28 106
2 29 123
2 30 293
2 31 86
2 32 173
2 33 61
2 34 30
2 35 142
2 36 193
2 37 138
2 38 137
2 39 66
2 40 293
2 41 247
2 42 173
2 43 260
2 44 297
2 45 178
2 46 97
2 47 201
2 48 40
2 49 228
2 50 118
2 51 127
2 52 245
2 53 218
2 54 131
2 55 32
2 56 257
2 57 147
2 58 32
2 59 262
2 60 130
2 61 144
2 62 35
2 63 298
2 64 180
2 65 126
2 66 52
2 67 283
2 68 225
2 69 167
2 70 212
2 71 79
2 72 164
2 73 267
2 74 200
2 75 194
2 76 295
2 77 173
2 78 205
2 79 100
2 80 53
2 81 189
2 82 124
2 83 119
2 84 268
2 85 112
2 86 170
2 87 212
2 88 278
2 89 147
2 90 61
2 91 97
2 92 64
2 93 60
2 94 151
2 95 67
2 96 158
2 97 88
2 98 113
2 99 89
3 1 153
3 2 162
3 4 217
3 5 132
3 6 286
3 7 56
3 8 103
3 9 170
3 10 118
3 11 52
3 12 160
3 13 91
3 14 40
3 15 256
3 16 129
3 17 30
3 18 200
3 19 105
3 20 91
3 21 252
3 22 130
3 23 59
3 24 203
3 25 67
3 26 212
3 27 262
3 28 145
3 29 213
3 30 186
3 31 215
3 32 190
3 33 63
3 34 218
3 35 175
3 36 80
3 37 48
3 38 108
3 39 41
3 40 280
3 41 34
3 42 261
3 43 46
3 44 275
3 45 181
3 46 239
3 47 116
3 48 171
3 49 284
3 50 61
3 51 247
3 52 62
3 53 114
3 54 220
3 55 288
3 56 186
3 57 90
3 58 120
3 59 38
3 60 296
3 61 113
3 62 165
3 63 94
3 64 277
3 65 175
3 66 242
3 67 71
3 68 244
3 69 49
3 70 86
3 71 193
3 72 129
3 73 43
3 74 226
3 75 223
3 76 244
3 77 232
3 78 143
3 79 206
3 80 270
3 81 205
3 82 64
3 83 155
3 84 204
3 85 251
3 86 211
3 87 32
3 88 233
3 89 69
3 90 74
3 91 264
3 92 213
3 93 99
3 94 96
3 95 280
3 96 158
3 97 104
3 98 255
3 99 131
4 1 201
4 2 98
4 3 217
4 5 85
4 6 251
4 7 144
4 8 65
4 9 251
4 10 198
4 11 251
4 12 262
4 13 178
4 14 209
4 15 224
4 16 185
4 17 264
4 18 114
4 19 246
4 20 284
4 21 177
4 22 168
4 23 104
4 24 224
4 25 205
4 26 170
4 27 160
4 28 205
4 29 282
4 30 102
4 31 108
4 32 178
4 33 195
4 34 195
4 35 171
4 36 296
4 37 273
4 38 79
4 39 138
4 40 246
4 41 208
4 42 78
4 43 45
4 44 256
4 45 218
4 46 191
4 47 185
4 48 89
4 49 179
4 50 192
4 51 291
4 52 121
4 53 231
4 54 110
4 55 36
4 56 105
4 57 184
4 58 229
4 59 70
4 60 85
4 61 165
4 62 293
4 63 199
4 64 82
4 65 125
4 66 254
4 67 268
4 68 226
4 69 288
4 70 122
4 71 276
4 72 135
4 73 262
4 74 243
4 75 111
4 76 268
4 77 123
4 78 191
4 79 234
4 80 116
4 81 72
4 82 70
4 83 277
4 84 113
4 85 37
4 86 244
4 87 110
4 88 93
4 89 130
4 90 82
4 91 105
4 92 225
4 93 137
4 94 105
4 95 244
4 96 220
4 97 258
4 98 87
4 99 236
5 1 271
5 2 227
5 3 132
5 4 85
5 6 176
5 7 77
5 8 288
5 9 247
5 10 244
5 11 121
5 12 104
5 13 231
5 14 275
5 15 118
5 16 262
5 17 125
5 18 93
5 19 188
5 20 51
5 21 288
5 22 94
5 23 62
5 24 184
5 25 68
5 26 187
5 27 143
5 28 266
5 29 190
5 30 149
5 31 102
5 32 62
5 33 233
5 34 278
5 35 219
5 36 39
5 37 246
5 38 187
5 39 289
5 40 36
5 41 114
5 42 156
5 43 89
5 44 72
5 45 123
5 46 260
5 47 196
5 48 187
5 49 205
5 50 218
5 51 223
5 52 137
5 53 212
5 54 173
5 55 216
5 56 289
5 57 191
5 58 176
5 59 110
5 60 118
5 61 62
5 62 248
5 63 53
5 64 69
5 65 165
5 66 146
5 67 94
5 68 55
5 69 120
5 70 296
5 71 119
5 72 145
5 73 213
5 74 95
5 75 57
5 76 82
5 77 39
5 78 135
5 79 96
5 80 113
5 81 141
5 82 224
5 83 170
5 84 94
5 85 108
5 86 133
5 87 53
5 88 239
5 89 31
5 90 156
5 91 235
5 92 74
5 93 30
5 94 201
5 95 45
5 96 114
5 97 189
5 98 194
5 99 73
6 1 239
6 2 69
6 3 286
6 4 251
6 5 176
6 7 159
6 8 251
6 9 192
6 10 52
6 11 92
6 12 227
6 13 35
6 14 105
6 15 174
6 16 239
6 17 261
6 18 75
6 19 232
6 20 70
6 21 111
6 22 194
6 23 68
6 24 87
6 25 69
6 26 39
6 27 145
6 28 236
6 29 200
6 30 97
6 31 246
6 32 47
6 33 108
6 34 142
6 35 126
6 36 91
6 37 55
6 38 236
6 39 97
6 40 212
6 41 188
6 42 38
6 43 157
6 44 116
6 45 244
6 46 216
6 47 201
6 48 183
6 49 291
6 50 106
6 51 179
6 52 230
6 53 44
6 54 194
6 55 196
6 56 194
6 57 124
6 58 298
6 59 251
6 60 268
6 61 86
6 62 145
6 63 42
6 64 62
6 65 145
6 66 190
6 67 205
6 68 119
6 69 222
6 70 87
6 71 43
6 72 263
6 73 50
6 74 246
6 75 191
6 76 263
6 77 280
6 78 278
6 79 110
6 80 154
6 81 66
6 82 270
6 83 136
6 84 44
6 85 292
6 86 118
6 87 61
6 88 91
6 89 207
6 90 222
6 91 100
6 92 236
6 93 174
6 94 217
6 95 165
6 96 158
6 97 53
6 98 175
6 99 281
7 1 52
7 2 219
7 3 56
7 4 144
7 5 77
7 6 159
7 8 164
7 9 40
7 10 132
7 11 130
7 12 77
7 13 267
7 14 65
7 15 296
7 16 209
7 17 191
7 18 88
7 19 100
7 20 211
7 21 141
7 22 127
7 23 165
7 24 151
7 25 203
7 26 60
7 27 34
7 28 127
7 29 240
7 30 79
7 31 102
7 32 137
7 33 174
7 34 172
7 35 126
7 36 199
7 37 253
7 38 271
7 39 67
7 40 130
7 41 165
7 42 199
7 43 299
7 44 238
7 45 47
7 46 184
7 47 126
7 48 153
7 49 89
7 50 55
7 51 66
7 52 270
7 53 132
7 54 188
7 55 296
7 56 122
7 57 91
7 58 213
7 59 56
7 60 223
7 61 261
7 62 138
7 63 126
7 64 157
7 65 235
7 66 287
7 67 128
7 68 39
7 69 35
7 70 158
7 71 143
7 72 132
7 73 235
7 74 168
7 75 32
7 76 241
7 77 200
7 78 98
7 79 220
7 80 270
7 81 153
7 82 135
7 83 171
7 84 289
7 85 239
7 86 160
7 87 84
7 88 208
7 89 96
7 90 187
7 91 168
7 92 88
7 93 163
7 94 244
7 95 123
7 96 112
7 97 268
7 98 223
7 99 220
8 1 297
8 2 278
8 3 103
8 4 65
8 5 288
8 6 251
8 7 164
8 9 298
8 10 46
8 11 272
8 12 58
8 13 174
8 14 90
8 15 110
8 16 121
8 17 139
8 18 266
8 19 118
8 20 49
8 21 230
8 22 287
8 23 210
8 24 171
8 25 157
8 26 145
8 27 95
8 28 50
8 29 238
8 30 121
8 31 169
8 32 185
8 33 189
8 34 275
8 35 126
8 36 199
8 37 240
8 38 236
8 39 153
8 40 230
8 41 100
8 42 122
8 43 116
8 44 299
8 45 34
8 46 197
8 47 151
8 48 292
8 49 50
8 50 293
8 51 234
8 52 226
8 53 229
8 54 113
8 55 235
8 56 92
8 57 218
8 58 49
8 59 147
8 60 81
8 61 223
8 62 119
8 63 72
8 64 236
8 65 184
8 66 272
8 67 169
8 68 210
8 69 247
8 70 173
8 71 224
8 72 159
8 73 32
8 74 91
8 75 148
8 76 229
8 77 188
8 78 272
8 79 127
8 80 212
8 81 300
8 82 201
8 83 57
8 84 71
8 85 34
8 86 241
8 87 147
8 88 115
8 89 266
8 90 233
8 91 112
8 92 204
8 93 210
8 94 165
8 95 109
8 96 298
8 97 267
8 98 224
8 99 252
9 1 43
9 2 134
9 3 170
9 4 251
9 5 247
9 6 192
9 7 40
9 8 298
9 10 110
9 11 196
9 12 248
9 13 49
9 14 296
9 15 177
9 16 234
9 17 226
9 18 65
9 19 44
9 20 124
9 21 178
9 22 243
9 23 68
9 24 97
9 25 181
9 26 298
9 27 222
9 28 131
9 29 58
9 30 145
9 31 179
9 32 124
9 33 296
9 34 224
9 35 93
9 36 200
9 37 252
9 38 299
9 39 90
9 40 166
9 41 270
9 42 267
9 43 123
9 44 235
9 45 276
9 46 151
9 47 111
9 48 204
9 49 254
9 50 295
9 51 65
9 52 134
9 53 235
9 54 154
9 55 64
9 56 213
9 57 53
9 58 51
9 59 119
9 60 238
9 61 110
9 62 296
9 63 206
9 64 85
9 65 107
9 66 50
9 67 215
9 68 92
9 69 38
9 70 126
9 71 264
9 72 218
9 73 252
9 74 293
9 75 203
9 76 158
9 77 65
9 78 263
9 79 177
9 80 142
9 81 172
9 82 84
9 83 159
9 84 204
9 85 82
9 86 86
9 87 217
9 88 123
9 89 77
9 90 37
9 91 143
9 92 250
9 93 203
9 94 159
9 95 217
9 96 228
9 97 149
9 98 265
9 99 190
10 1 233
10 2 169
10 3 118
10 4 198
10 5 244
10 6 52
10 7 132
10 8 46
10 9 110
10 11 255
10 12 74
10 13 156
10 14 228
10 15 133
10 16 247
10 17 177
10 18 248
10 19 46
10 20 231
10 21 127
10 22 224
10 23 51
10 24 215
10 25 171
10 26 213
10 27 196
10 28 89
10 29 256
10 30 84
10 31 282
10 32 165
10 33 246
10 34 252
10 35 71
10 36 74
10 37 175
10 38 101
10 39 37
10 40 169
10 41 93
10 42 202
10 43 67
10 44 255
10 45 233
10 46 46
10 47 46
10 48 120
10 49 300
10 50 94
10 51 86
10 52 56
10 53 219
10 54 154
10 55 298
10 56 281
10 57 148
10 58 57
10 59 191
10 60 237
10 61 34
10 62 288
10 63 113
10 64 129
10 65 89
10 66 61
10 67 155
10 68 171
10 69 97
10 70 137
10 71 82
10 72 177
10 73 138
10 74 191
10 75 146
10 76 260
10 77 235
10 78 252
10 79 130
10 80 141
10 81 44
10 82 50
10 83 204
10 84 298
10 85 182
10 86 270
10 87 80
10 88 255
10 89 276
10 90 103
10 91 44
10 92 75
10 93 105
10 94 183
10 95 122
10 96 187
10 97 60
10 98 155
10 99 291
11 1 204
11 2 139
11 3 52
11 4 251
11 5 121
11 6 92
11 7 130
11 8 272
11 9 196
11 10 255
11 12 260
11 13 57
11 14 258
11 15 101
11 16 265
11 17 195
11 18 195
11 19 199
11 20 191
11 21 240
11 22 208
11 23 93
11 24 228
11 25 171
11 26 192
11 27 97
11 28 66
11 29 121
11 30 103
11 31 55
11 32 226
11 33 268
11 34 206
11 35 145
11 36 257
11 37 42
11 38 138
11 39 257
11 40 284
11 41 266
11 42 120
11 43 293
11 44 178
11 45 197
11 46 54
11 47 246
11 48 248
11 49 271
11 50 253
11 51 230
11 52 160
11 53 255
11 54 85
11 55 177
11 56 192
11 57 286
11 58 282
11 59 292
11 60 279
11 61 237
11 62 40
11 63 200
11 64 253
11 65 253
11 66 167
11 67 241
11 68 123
11 69 294
11 70 189
11 71 199
11 72 173
11 73 299
11 74 148
11 75 68
11 76 201
11 77 60
11 78 121
11 79 169
11 80 52
11 81 174
11 82 282
11 83 202
11 84 269
11 85 277
11 86 248
11 87 221
11 88 219
11 89 236
11 90 117
11 91 227
11 92 288
11 93 255
11 94 295
11 95 252
11 96 287
11 97 73
11 98 116
11 99 298
12 1 72
12 2 185
12 3 160
12 4 262
12 5 104
12 6 227
12 7 77
12 8 58
12 9 248
12 10 74
12 11 260
12 13 185
12 14 289
12 15 121
12 16 235
12 17 290
12 18 119
12 19 37
12 20 139
12 21 80
12 22 213
12 23 173
12 24 164
12 25 221
12 26 249
12 27 97
12 28 216
12 29 101
12 30 74
12 31 231
12 32 268
12 33 50
12 34 152
12 35 273
12 36 178
12 37 107
12 38 218
12 39 66
12 40 216
12 41 217
12 42 204
12 43 94
12 44 91
12 45 52
12 46 221
12 47 51
12 48 98
12 49 148
12 50 179
12 51 34
12 52 255
12 53 195
12 54 289
12 55 293
12 56 223
12 57 257
12 58 264
12 59 203
12 60 33
12 61 235
12 62 90
12 63 237
12 64 111
12 65 145
12 66 55
12 67 276
12 68 292
12 69 53
12 70 259
12 71 293
12 72 114
12 73 270
12 74 176
12 75 191
12 76 125
12 77 140
12 78 62
12 79 34
12 80 199
12 81 79
12 82 199
12 83 105
12 84 299
12 85 117
12 86 236
12 87 213
12 88 281
12 89 294
12 90 73
12 91 203
12 92 30
12 93 93
12 94 147
12 95 300
12 96 81
12 97 237
12 98 190
12 99 109
13 1 157
13 2 123
13 3 91
13 4 178
13 5 231
13 6 35
13 7 267
13 8 174
13 9 49
13 10 156
13 11 57
13 12 185
13 14 57
13 15 185
13 16 253
13 17 150
13 18 178
13 19 267
13 20 254
13 21 222
13 22 49
13 23 160
13 24 111
13 25 90
13 26 67
13 27 131
13 28 74
13 29 199
13 30 148
13 31 110
13 32 242
13 33 300
13 34 33
13 35 252
13 36 213
13 37 36
13 38 235
13 39 42
13 40 236
13 41 289
13 42 128
13 43 189
13 44 179
13 45 38
13 46 142
13 47 144
13 48 228
13 49 68
13 50 179
13 51 173
13 52 112
13 53 262
13 54 69
13 55 104
13 56 197
13 57 99
13 58 131
13 59 35
13 60 168
13 61 300
13 62 93
13 63 259
13 64 173
13 65 196
13 66 263
13 67 220
13 68 46
13 69 279
13 70 63
13 71 170
13 72 90
13 73 294
13 74 34
13 75 201
13 76 48
13 77 243
13 78 135
13 79 37
13 80 293
13 81 112
13 82 175
13 83 289
13 84 126
13 85 115
13 86 187
13 87 57
13 88 70
13 89 50
13 90 77
13 91 272
13 92 227
13 93 231
13 94 49
13 95 121
13 96 271
13 97 70
13 98 60
13 99 287
14 1 233
14 2 160
14 3 40
14 4 209
14 5 275
14 6 105
14 7 65
14 8 90
14 9 296
14 10 228
14 11 258
14 12 289
14 13 57
14 15 295
14 16 32
14 17 51
14 18 192
14 19 278
14 20 270
14 21 244
14 22 98
14 23 218
14 24 270
14 25 219
14 26 91
14 27 173
14 28 104
14 29 240
14 30 38
14 31 291
14 32 42
14 33 162
14 34 261
14 35 217
14 36 58
14 37 215
14 38 31
14 39 128
14 40 210
14 41 204
14 42 286
14 43 78
14 44 167
14 45 232
14 46 170
14 47 45
14 48 63
14 49 289
14 50 127
14 51 205
14 52 188
14 53 175
14 54 234
14 55 186
14 56 72
14 57 263
14 58 116
14 59 266
14 60 152
14 61 130
14 62 94
14 63 194
14 64 89
14 65 111
14 66 35
14 67 110
14 68 197
14 69 160
14 70 201
14 71 42
14 72 196
14 73 203
14 74 233
14 75 38
14 76 113
14 77 114
14 78 163
14 79 208
14 80 49
14 81 267
14 82 190
14 83 76
14 84 190
14 85 130
14 86 179
14 87 288
14 88 296
14 89 84
14 90 109
14 91 280
14 92 146
14 93 62
14 94 72
14 95 254
14 96 39
14 97 133
14 98 147
14 99 31
15 1 270
15 2 59
15 3 256
15 4 224
15 5 118
15 6 174
15 7 296
15 8 110
15 9 177
15 10 133
15 11 101
15 12 121
15 13 185
15 14 295
15 16 280
15 17 153
15 18 206
15 19 53
15 20 136
15 21 117
15 22 291
15 23 187
15 24 38
15 25 225
15 26 36
15 27 41
15 28 115
15 29 214
15 30 116
15 31 115
15 32 183
15 33 138
15 34 190
15 35 56
15 36 235
15 37 198
15 38 266
15 39 45
15 40 200
15 41 284
15 42 248
15 43 235
15 44 147
15 45 267
15 46 103
15 47 67
15 48 61
15 49 265
15 50 190
15 51 130
15 52 64
15 53 180
15 54 219
15 55 167
15 56 273
15 57 52
15 58 67
15 59 289
15 60 210
15 61 74
15 62 186
15 63 65
15 64 123
15 65 204
15 66 200
15 67 256
15 68 51
15 69 209
15 70 101
15 71 223
15 72 299
15 73 79
15 74 263
15 75 250
15 76 149
15 77 34
15 78 87
15 79 166
15 80 53
15 81 149
15 82 282
15 83 287
15 84 191
15 85 79
15 86 113
15 87 65
15 88 88
15 89 244
15 90 250
15 91 116
15 92 133
15 93 98
15 94 194
15 95 195
15 96 30
15 97 289
15 98 194
15 99 151
16 1 122
16 2 245
16 3 129
16 4 185
16 5 262
16 6 239
16 7 209
16 8 121
16 9 234
16 10 247
16 11 265
16 12 235
16 13 253
16 14 32
16 15 280
16 17 173
16 18 142
16 19 288
16 20 144
16 21 271
16 22 84
16 23 296
16 24 293
16 25 242
16 26 241
16 27 69
16 28 42
16 29 65
16 30 209
16 31 189
16 32 108
16 33 71
16 34 79
16 35 241
16 36 287
16 37 209
16 38 260
16 39 77
16 40 229
16 41 236
16 42 133
16 43 298
16 44 212
16 45 294
16 46 168
16 47 146
16 48 60
16 49 83
16 50 148
16 51 135
16 52 157
16 53 271
16 54 223
16 55 188
16 56 131
16 57 93
16 58 217
16 59 114
16 60 239
16 61 117
16 62 239
16 63 58
16 64 201
16 65 201
16 66 174
16 67 104
16 68 173
16 69 300
16 70 214
16 71 217
16 72 132
16 73 164
16 74 230
16 75 193
16 76 76
16 77 261
16 78 215
16 79 46
16 80 268
16 81 144
16 82 152
16 83 261
16 84 246
16 85 174
16 86 173
16 87 65
16 88 288
16 89 205
16 90 110
16 91 288
16 92 110
16 93 198
16 94 167
16 95 289
16 96 121
16 97 159
16 98 242
16 99 36
17 1 238
17 2 116
17 3 30
17 4 264
17 5 125
17 6 261
17 7 191
17 8 139
17 9 226
17 10 177
17 11 195
17 12 290
17 13 150
17 14 51
17 15 153
17 16 173
17 18 234
17 19 288
17 20 176
17 21 220
17 22 177
17 23 108
17 24 155
17 25 268
17 26 209
17 27 244
17 28 285
17 29 97
17 30 31
17 31 116
17 32 30
17 33 223
17 34 269
17 35 131
17 36 260
17 37 107
17 38 110
17 39 114
17 40 125
17 41 253
17 42 224
17 43 178
17 44 170
17 45 148
17 46 65
17 47 277
17 48 264
17 49 144
17 50 112
17 51 36
17 52 193
17 53 61
17 54 90
17 55 215
17 56 184
17 57 225
17 58 262
17 59 292
17 60 129
17 61 90
17 62 65
17 63 100
17 64 94
17 65 64
17 66 240
17 67 122
17 68 150
17 69 179
17 70 124
17 71 241
17 72 300
17 73 174
17 74 270
17 75 219
17 76 64
17 77 163
17 78 131
17 79 269
17 80 146
17 81 239
17 82 271
17 83 179
17 84 193
17 85 154
17 86 58
17 87 129
17 88 36
17 89 232
17 90 48
17 91 256
17 92 93
17 93 117
17 94 164
17 95 207
17 96 110
17 97 109
17 98 270
17 99 145
18 1 174
18 2 246
18 3 200
18 4 114
18 5 93
18 6 75
18 7 88
18 8 266
18 9 65
18 10 248
18 11 195
18 12 119
18 13 178
18 14 192
18 15 206
18 16 142
18 17 234
18 19 196
18 20 134
18 21 123
18 22 68
18 23 300
18 24 53
18 25 132
18 26 215
18 27 77
18 28 290
18 29 150
18 30 131
18 31 272
18 32 114
18 33 256
18 34 239
18 35 251
18 36 238
18 37 101
18 38 37
18 39 183
18 40 87
18 41 294
18 42 205
18 43 36
18 44 107
18 45 204
18 46 65
18 47 130
18 48 248
18 49 135
18 50 33
18 51 194
18 52 120
18 53 240
18 54 79
18 55 43
18 56 145
18 57 52
18 58 55
18 59 84
18 60 158
18 61 240
18 62 123
18 63 107
18 64 250
18 65 230
18 66 125
18 67 140
18 68 162
18 69 123
18 70 193
18 71 208
18 72 120
18 73 52
18 74 220
18 75 180
18 76 153
18 77 105
18 78 105
18 79 264
18 80 36
18 81 170
18 82 48
18 83 65
18 84 158
18 85 85
18 86 62
18 87 74
18 88 209
18 89 291
18 90 149
18 91 58
18 92 245
18 93 203
18 94 209
18 95 138
18 96 265
18 97 83
18 98 74
18 99 185
19 1 260
19 2 85
19 3 105
19 4 246
19 5 188
19 6 232
19 7 100
19 8 118
19 9 44
19 10 46
19 11 199
19 12 37
19 13 267
19 14 278
19 15 53
19 16 288
19 17 288
19 18 196
19 20 263
19 21 87
19 22 179
19 23 114
19 24 98
19 25 214
19 26 299
19 27 240
19 28 204
19 29 271
19 30 127
19 31 192
19 32 40
19 33 168
19 34 279
19 35 90
19 36 171
19 37 266
19 38 81
19 39 188
19 40 227
19 41 107
19 42 67
19 43 46
19 44 182
19 45 212
19 46 157
19 47 46
19 48 187
19 49 247
19 50 114
19 51 115
19 52 171
19 53 255
19 54 33
19 55 220
19 56 35
19 57 250
19 58 89
19 59 131
19 60 73
19 61 88
19 62 73
19 63 40
19 64 247
19 65 59
19 66 197
19 67 161
19 68 263
19 69 111
19 70 253
19 71 233
19 72 82
19 73 196
19 74 43
19 75 117
19 76 138
19 77 293
19 78 204
19 79 215
19 80 230
19 81 239
19 82 47
19 83 141
19 84 121
19 85 119
19 86 91
19 87 270
19 88 59
19 89 98
19 90 286
19 91 149
19 92 180
19 93 282
19 94 293
19 95 182
19 96 111
19 97 298
19 98 188
19 99 179
20 1 231
20 2 287
20 3 91
20 4 284
20 5 51
20 6 70
20 7 211
20 8 49
20 9 124
20 10 231
20 11 191
20 12 139
20 13 254
20 14 270
20 15 136
20 16 144
20 17 176
20 18 134
20 19 263
20 21 246
20 22 293
20 23 246
20 24 199
20 25 231
20 26 93
20 27 112
20 28 116
20 29 242
20 30 212
20 31 171
20 32 264
20 33 242
20 34 274
20 35 185
20 36 256
20 37 297
20 38 90
20 39 32
20 40 93
20 41 287
20 42 207
20 43 141
20 44 151
20 45 64
20 46 144
20 47 68
20 48 180
20 49 32
20 50 172
20 51 236
20 52 179
20 53 100
20 54 186
20 55 256
20 56 132
20 57 54
20 58 81
20 59 88
20 60 222
20 61 241
20 62 111
20 63 69
20 64 223
20 65 199
20 66 91
20 67 260
20 68 260
20 69 175
20 70 102
20 71 79
20 72 83
20 73 188
20 74 289
20 75 268
20 76 84
20 77 262
20 78 76
20 79 224
20 80 252
20 81 85
20 82 246
20 83 277
20 84 54
20 85 138
20 86 81
20 87 104
20 88 83
20 89 44
20 90 284
20 91 256
20 92 35
20 93 127
20 94 182
20 95 193
20 96 275
20 97 63
20 98 265
20 99 296
21 1 56
21 2 274
21 3 252
21 4 177
21 5 288
21 6 111
21 7 141
21 8 230
21 9 178
21 10 127
21 11 240
21 12 80
21 13 222
21 14 244
21 15 117
21 16 271
21 17 220
21 18 123
21 19 87
21 20 246
21 22 66
21 23 118
21 24 31
21 25 225
21 26 145
21 27 160
21 28 228
21 29 40
21 30 79
21 31 143
21 32 140
21 33 223
21 34 209
21 35 229
21 36 44
21 37 122
21 38 62
21 39 245
21 40 292
21 41 46
21 42 50
21 43 292
21 44 75
21 45 280
21 46 214
21 47 161
21 48 186
21 49 60
21 50 82
21 51 108
21 52 76
21 53 178
21 54 101
21 55 126
21 56 45
21 57 96
21 58 100
21 59 225
21 60 214
21 61 47
21 62 213
21 63 110
21 64 299
21 65 54
21 66 122
21 67 49
21 68 83
21 69 106
21 70 229
21 71 104
21 72 296
21 73 178
21 74 179
21 75 44
21 76 34
21 77 199
21 78 33
21 79 263
21 80 78
21 81 128
21 82 159
21 83 111
21 84 72
21 85 149
21 86 257
21 87 218
21 88 75
21 89 254
21 90 84
21 91 45
21 92 114
21 93 139
21 94 139
21 95 293
21 96 186
21 97 72
21 98 60
21 99 164
22 1 188
22 2 207
22 3 130
22 4 168
22 5 94
22 6 194
22 7 127
22 8 287
22 9 243
22 10 224
22 11 208
22 12 213
22 13 49
22 14 98
22 15 291
22 16 84
22 17 177
22 18 68
22 19 179
22 20 293
22 21 66
22 23 115
22 24 269
22 25 245
22 26 277
22 27 62
22 28 214
22 29 181
22 30 184
22 31 167
22 32 275
22 33 245
22 34 70
22 35 111
22 36 299
22 37 179
22 38 140
22 39 55
22 40 255
22 41 78
22 42 182
22 43 88
22 44 94
22 45 245
22 46 53
22 47 279
22 48 175
22 49 75
22 50 156
22 51 127
22 52 269
22 53 291
22 54 239
22 55 289
22 56 155
22 57 213
22 58 251
22 59 179
22 60 298
22 61 188
22 62 98
22 63 235
22 64 299
22 65 45
22 66 239
22 67 176
22 68 115
22 69 66
22 70 97
22 71 161
22 72 109
22 73 198
22 74 270
22 75 159
22 76 218
22 77 57
22 78 200
22 79 244
22 80 98
22 81 94
22 82 186
22 83 257
22 84 151
22 85 85
22 86 192
22 87 64
22 88 206
22 89 124
22 90 263
22 91 62
22 92 199
22 93 130
22 94 208
22 95 263
22 96 171
22 97 107
22 98 100
22 99 127
23 1 71
23 2 139
23 3 59
23 4 104
23 5 62
23 6 68
23 7 165
23 8 210
23 9 68
23 10 51
23 11 93
23 12 173
23 13 160
23 14 218
23 15 187
23 16 296
23 17 108
23 18 300
23 19 114
23 20 246
23 21 118
23 22 115
23 24 289
23 25 297
23 26 78
23 27 264
23 28 72
23 29 37
23 30 162
23 31 265
23 32 90
23 33 178
23 34 99
23 35 76
23 36 277
23 37 201
23 38 253
23 39 79
23 40 48
23 41 207
23 42 47
23 43 157
23 44 152
23 45 46
23 46 187
23 47 75
23 48 202
23 49 112
23 50 232
23 51 70
23 52 63
23 53 149
23 54 30
23 55 83
23 56 294
23 57 61
23 58 87
23 59 63
23 60 278
23 61 113
23 62 89
23 63 117
23 64 137
23 65 33
23 66 67
23 67 133
23 68 91
23 69 43
23 70 245
23 71 181
23 72 243
23 73 114
23 74 94
23 75 200
23 76 60
23 77 185
23 78 285
23 79 214
23 80 54
23 81 257
23 82 166
23 83 146
23 84 126
23 85 126
23 86 227
23 87 198
23 88 143
23 89 58
23 90 56
23 91 36
23 92 50
23 93 82
23 94 111
23 95 118
23 96 268
23 97 281
23 98 146
23 99 297
24 1 145
24 2 104
24 3 203
24 4 224
24 5 184
24 6 87
24 7 151
24 8 171
24 9 97
24 10 215
24 11 228
24 12 164
24 13 111
24 14 270
24 15 38
24 16 293
24 17 155
24 18 53
24 19 98
24 20 199
24 21 31
24 22 269
24 23 289
24 25 136
24 26 215
24 27 237
24 28 162
24 29 278
24 30 274
24 31 212
24 32 275
24 33 83
24 34 300
24 35 297
24 36 143
24 37 246
24 38 204
24 39 60
24 40 215
24 41 248
24 42 255
24 43 137
24 44 162
24 45 156
24 46 179
24 47 95
24 48 157
24 49 210
24 50 263
24 51 105
24 52 175
24 53 102
24 54 241
24 55 38
24 56 118
24 57 246
24 58 77
24 59 141
24 60 83
24 61 86
24 62 137
24 63 110
24 64 249
24 65 63
24 66 268
24 67 142
24 68 190
24 69 68
24 70 287
24 71 271
24 72 83
24 73 154
24 74 282
24 75 253
24 76 94
24 77 249
24 78 164
24 79 271
24 80 284
24 81 62
24 82 224
24 83 70
24 84 256
24 85 225
24 86 82
24 87 208
24 88 163
24 89 94
24 90 69
24 91 264
24 92 123
24 93 163
24 94 93
24 95 184
24 96 136
24 97 154
24 98 133
24 99 75
25 1 145
25 2 118
25 3 67
25 4 205
25 5 68
25 6 69
25 7 203
25 8 157
25 9 181
25 10 171
25 11 171
25 12 221
25 13 90
25 14 219
25 15 225
25 16 242
25 17 268
25 18 132
25 19 214
25 20 231
25 21 225
25 22 245
25 23 297
25 24 136
25 26 79
25 27 268
25 28 150
25 29 187
25 30 138
25 31 189
25 32 239
25 33 194
25 34 265
25 35 49
25 36 211
25 37 55
25 38 244
25 39 224
25 40 36
25 41 153
25 42 157
25 43 55
25 44 218
25 45 129
25 46 231
25 47 110
25 48 189
25 49 218
25 50 206
25 51 295
25 52 217
25 53 158
25 54 269
25 55 79
25 56 194
25 57 151
25 58 158
25 59 216
25 60 205
25 61 215
25 62 174
25 63 196
25 64 55
25 65 215
25 66 110
25 67 209
25 68 118
25 69 131
25 70 65
25 71 107
25 72 267
25 73 220
25 74 248
25 75 181
25 76 38
25 77 174
25 78 113
25 79 113
25 80 107
25 81 203
25 82 287
25 83 206
25 84 104
25 85 63
25 86 139
25 87 65
25 88 155
25 89 197
25 90 41
25 91 219
25 92 280
25 93 141
25 94 237
25 95 270
25 96 288
25 97 173
25 98 110
25 99 84
26 1 122
26 2 218
26 3 212
26 4 170
26 5 187
26 6 39
26 7 60
26 8 145
26 9 298
26 10 213
26 11 192
26 12 249
26 13 67
26 14 91
26 15 36
26 16 241
26 17 209
26 18 215
26 19 299
26 20 93
26 21 145
26 22 277
26 23 78
26 24 215
26 25 79
26 27 91
26 28 189
26 29 230
26 30 96
26 31 89
26 32 107
26 33 245
26 34 230
26 35 126
26 36 129
26 37 247
26 38 271
26 39 86
26 40 270
26 41 139
26 42 188
26 43 176
26 44 266
26 45 212
26 46 256
26 47 216
26 48 124
26 49 75
26 50 203
26 51 287
26 52 294
26 53 275
26 54 133
26 55 248
26 56 252
26 57 235
26 58 62
26 59 131
26 60 260
26 61 296
26 62 41
26 63 123
26 64 224
26 65 71
26 66 250
26 67 297
26 68 202
26 69 279
26 70 248
26 71 121
26 72 34
26 73 145
26 74 53
26 75 212
26 76 230
26 77 141
26 78 40
26 79 85
26 80 85
26 81 214
26 82 209
26 83 60
26 84 35
26 85 242
26 86 58
26 87 205
26 88 234
26 89 218
26 90 31
26 91 108
26 92 264
26 93 180
26 94 283
26 95 217
26 96 238
26 97 172
26 98 202
26 99 158
27 1 35
27 2 181
27 3 262
27 4 160
27 5 143
27 6 145
27 7 34
27 8 95
27 9 222
27 10 196
27 11 97
27 12 97
27 13 131
27 14 173
27 15 41
27 16 69
27 17 244
27 18 77
27 19 240
27 20 112
27 21 160
27 22 62
27 23 264
27 24 237
27 25 268
27 26 91
27 28 279
27 29 188
27 30 91
27 31 56
27 32 69
27 33 116
27 34 255
27 35 179
27 36 124
27 37 119
27 38 245
27 39 160
27 40 96
27 41 259
27 42 279
27 43 280
27 44 85
27 45 84
27 46 288
27 47 55
27 48 147
27 49 152
27 50 239
27 51 50
27 52 129
27 53 120
27 54 58
27 55 40
27 56 64
27 57 248
27 58 231
27 59 249
27 60 273
27 61 281
27 62 102
27 63 259
27 64 42
27 65 212
27 66 234
27 67 182
27 68 85
27 69 221
27 70 46
27 71 168
27 72 156
27 73 185
27 74 77
27 75 293
27 76 290
27 77 189
27 78 48
27 79 211
27 80 205
27 81 256
27 82 298
27 83 30
27 84 135
27 85 40
27 86 82
27 87 91
27 88 33
27 89 253
27 90 213
27 91 144
27 92 232
27 93 285
27 94 171
27 95 149
27 96 148
27 97 187
27 98 248
27 99 267
28 1 97
28 2 106
28 3 145
28 4 205
28 5 266
28 6 236
28 7 127
28 8 50
28 9 131
28 10 89
28 11 66
28 12 216
28 13 74
28 14 104
28 15 115
28 16 42
28 17 285
28 18 290
28 19 204
28 20 116
28 21 228
28 22 214
28 23 72
28 24 162
28 25 150
28 26 189
28 27 279
28 29 287
28 30 99
28 31 80
28 32 105
28 33 164
28 34 265
28 35 166
28 36 152
28 37 233
28 38 84
28 39 42
28 40 249
28 41 115
28 42 78
28 43 199
28 44 217
28 45 110
28 46 90
28 47 122
28 48 36
28 49 163
28 50 206
28 51 232
28 52 283
28 53 109
28 54 108
28 55 173
28 56 151
28 57 67
28 58 238
28 59 297
28 60 30
28 61 121
28 62 273
28 63 98
28 64 175
28 65 239
28 66 222
28 67 87
28 68 214
28 69 153
28 70 254
28 71 30
28 72 259
28 73 145
28 74 113
28 75 236
28 76 190
28 77 96
28 78 294
28 79 228
28 80 207
28 81 297
28 82 92
28 83 162
28 84 296
28 85 180
28 86 198
28 87 250
28 88 48
28 89 102
28 90 108
28 91 174
28 92 278
28 93 94
28 94 271
28 95 36
28 96 200
28 97 88
28 98 165
28 99 257
29 1 282
29 2 123
29 3 213
29 4 282
29 5 190
29 6 200
29 7 240
29 8 238
29 9 58
29 10 256
29 11 121
29 12 101
29 13 199
29 14 240
29 15 214
29 16 65
29 17 97
29 18 150
29 19 271
29 20 242
29 21 40
29 22 181
29 23 37
29 24 278
29 25 187
29 26 230
29 27 188
29 28 287
29 30 255
29 31 223
29 32 154
29 33 295
29 34 76
29 35 84
29 36 262
29 37 290
29 38 84
29 39 289
29 40 64
29 41 66
29 42 215
29 43 167
29 44 163
29 45 272
29 46 96
29 47 284
29 48 116
29 49 57
29 50 195
29 51 56
29 52 116
29 53 131
29 54 161
29 55 207
29 56 273
29 57 193
29 58 177
29 59 264
29 60 209
29 61 164
29 62 59
29 63 140
29 64 89
29 65 280
29 66 89
29 67 83
29 68 50
29 69 60
29 70 202
29 71 219
29 72 189
29 73 30
29 74 225
29 75 80
29 76 84
29 77 258
29 78 230
29 79 208
29 80 115
29 81 299
29 82 83
29 83 146
29 84 239
29 85 103
29 86 290
29 87 261
29 88 52
29 89 59
29 90 76
29 91 198
29 92 74
29 93 208
29 94 113
29 95 228
29 96 89
29 97 178
29 98 77
29 99 55
30 1 38
30 2 293
30 3 186
30 4 102
30 5 149
30 6 97
30 7 79
30 8 121
30 9 145
30 10 84
30 11 103
30 12 74
30 13 148
30 14 38
30 15 116
30 16 209
30 17 31
30 18 131
30 19 127
30 20 212
30 21 79
30 22 184
30 23 162
30 24 274
30 25 138
30 26 96
30 27 91
30 28 99
30 29 255
30 31 131
30 32 269
30 33 264
30 34 195
30 35 105
30 36 66
30 37 168
30 38 139
30 39 193
30 40 76
30 41 204
30 42 290
30 43 178
30 44 184
30 45 172
30 46 67
30 47 219
30 48 168
30 49 263
30 50 76
30 51 48
30 52 117
30 53 81
30 54 262
30 55 199
30 56 255
30 57 285
30 58 74
30 59 202
30 60 233
30 61 156
30 62 116
30 63 216
30 64 85
30 65 109
30 66 234
30 67 58
30 68 72
30 69 255
30 70 75
30 71 75
30 72 239
30 73 79
30 74 190
30 75 158
30 76 206
30 77 224
30 78 286
30 79 287
30 80 284
30 81 61
30 82 247
30 83 142
30 84 258
30 85 136
30 86 86
30 87 240
30 88 125
30 89 225
30 90 283
30 91 174
30 92 39
30 93 80
30 94 33
30 95 74
30 96 41
30 97 60
30 98 123
30 99 200
31 1 295
31 2 86
31 3 215
31 4 108
31 5 102
31 6 246
31 7 102
31 8 169
31 9 179
31 10 282
31 11 55
31 12 231
31 13 110
31 14 291
31 15 115
31 16 189
31 17 116
31 18 272
31 19 192
31 20 171
31 21 143
31 22 167
31 23 265
31 24 212
31 25 189
31 26 89
31 27 56
31 28 80
31 29 223
31 30 131
31 32 41
31 33 111
31 34 37
31 35 48
31 36 120
31 37 176
31 38 278
31 39 35
31 40 31
31 41 108
31 42 70
31 43 87
31 44 198
31 45 178
31 46 202
31 47 151
31 48 158
31 49 37
31 50 208
31 51 42
31 52 174
31 53 114
31 54 166
31 55 46
31 56 183
31 57 42
31 58 74
31 59 239
31 60 165
31 61 193
31 62 181
31 63 96
31 64 113
31 65 211
31 66 294
31 67 232
31 68 263
31 69 118
31 70 216
31 71 171
31 72 248
31 73 181
31 74 270
31 75 260
31 76 227
31 77 66
31 78 262
31 79 175
31 80 297
31 81 231
31 82 294
31 83 209
31 84 275
31 85 269
31 86 62
31 87 208
31 88 92
31 89 165
31 90 255
31 91 200
31 92 267
31 93 239
31 94 149
31 95 250
31 96 287
31 97 248
31 98 187
31 99 82
32 1 202
32 2 173
32 3 190
32 4 178
32 5 62
32 6 47
32 7 137
32 8 185
32 9 124
32 10 165
32 11 226
32 12 268
32 13 242
32 14 42
32 15 183
32 16 108
32 17 30
32 18 114
32 19 40
32 20 264
32 21 140
32 22 275
32 23 90
32 24 275
32 25 239
32 26 107
32 27 69
32 28 105
32 29 154
32 30 269
32 31 41
32 33 116
32 34 160
32 35 229
32 36 133
32 37 285
32 38 158
32 39 154
32 40 226
32 41 54
32 42 207
32 43 66
32 44 263
32 45 235
32 46 87
32 47 31
32 48 150
32 49 296
32 50 212
32 51 172
32 52 222
32 53 237
32 54 164
32 55 87
32 56 257
32 57 199
32 58 245
32 59 80
32 60 289
32 61 234
32 62 32
32 63 57
32 64 122
32 65 136
32 66 31
32 67 111
32 68 163
32 69 260
32 70 174
32 71 50
32 72 152
32 73 89
32 74 44
32 75 33
32 76 280
32 77 115
32 78 198
32 79 145
32 80 180
32 81 291
32 82 106
32 83 88
32 84 108
32 85 60
32 86 265
32 87 270
32 88 239
32 89 63
32 90 122
32 91 238
32 92 220
32 93 73
32 94 271
32 95 229
32 96 102
32 97 129
32 98 55
32 99 77
33 1 164
33 2 61
33 3 63
33 4 195
33 5 233
33 6 108
33 7 174
33 8 189
33 9 296
33 10 246
33 11 268
33 12 50
33 13 300
33 14 162
33 15 138
33 16 71
33 17 223
33 18 256
33 19 168
33 20 242
33 21 223
33 22 245
33 23 178
33 24 83
33 25 194
33 26 245
33 27 116
33 28 164
33 29 295
33 30 264
33 31 111
33 32 116
33 34 195
33 35 90
33 36 123
33 37 76
33 38 241
33 39 114
33 40 224
33 41 121
33 42 130
33 43 147
33 44 222
33 45 35
33 46 232
33 47 202
33 48 132
33 49 87
33 50 166
33 51 154
33 52 222
33 53 295
33 54 185
33 55 32
33 56 93
33 57 283
33 58 283
33 59 190
33 60 77
33 61 44
33 62 30
33 63 243
33 64 61
33 65 293
33 66 110
33 67 79
33 68 260
33 69 40
33 70 292
33 71 63
33 72 299
33 73 61
33 74 50
33 75 203
33 76 233
33 77 253
33 78 116
33 79 55
33 80 171
33 81 207
33 82 40
33 83 84
33 84 259
33 85 160
33 86 258
33 87 198
33 88 33
33 89 38
33 90 77
33 91 45
33 92 165
33 93 68
33 94 285
33 95 264
33 96 97
33 97 88
33 98 161
33 99 283
34 1 281
34 2 30
34 3 218
34 4 195
34 5 278
34 6 142
34 7 172
34 8 275
34 9 224
34 10 252
34 11 206
34 12 152
34 13 33
34 14 261
34 15 190
34 16 79
34 17 269
34 18 239
34 19 279
34 20 274
34 21 209
34 22 70
34 23 99
34 24 300
34 25 265
34 26 230
34 27 255
34 28 265
34 29 76
34 30 195
34 31 37
34 32 160
34 33 195
34 35 183
34 36 71
34 37 98
34 38 155
34 39 288
34 40 224
34 41 289
34 42 201
34 43 60
34 44 37
34 45 163
34 46 200
34 47 277
34 48 155
34 49 137
34 50 85
34 51 130
34 52 241
34 53 32
34 54 117
34 55 75
34 56 90
34 57 230
34 58 77
34 59 84
34 60 270
34 61 267
34 62 195
34 63 260
34 64 217
34 65 197
34 66 202
34 67 231
34 68 211
34 69 85
34 70 199
34 71 101
34 72 240
34 73 202
34 74 31
34 75 58
34 76 217
34 77 97
34 78 268
34 79 69
34 80 124
34 81 219
34 82 104
34 83 176
34 84 280
34 85 232
34 86 42
34 87 253
34 88 201
34 89 94
34 90 137
34 91 191
34 92 246
34 93 258
34 94 30
34 95 186
34 96 158
34 97 202
34 98 270
34 99 32
35 1 183
35 2 142
35 3 175
35 4 171
35 5 219
35 6 126
35 7 126
35 8 126
35 9 93
35 10 71
35 11 145
35 12 273
35 13 252
35 14 217
35 15 56
35 16 241
35 17 131
35 18 251
35 19 90
35 20 185
35 21 229
35 22 111
35 23 76
35 24 297
35 25 49
35 26 126
35 27 179
35 28 166
35 29 84
35 30 105
35 31 48
35 32 229
35 33 90
35 34 183
35 36 40
35 37 32
35 38 281
35 39 136
35 40 204
35 41 283
35 42 68
35 43 241
35 44 146
35 45 161
35 46 276
35 47 165
35 48 76
35 49 153
35 50 254
35 51 250
35 52 269
35 53 245
35 54 237
35 55 143
35 56 180
35 57 87
35 58 299
35 59 90
35 60 280
35 61 146
35 62 45
35 63 173
35 64 34
35 65 36
35 66 290
35 67 56
35 68 117
35 69 220
35 70 150
35 71 184
35 72 105
35 73 168
35 74 152
35 75 284
35 76 109
35 77 87
35 78 293
35 79 257
35 80 283
35 81 289
35 82 141
35 83 109
35 84 76
35 85 35
35 86 100
35 87 45
35 88 274
35 89 177
35 90 259
35 91 294
35 92 188
35 93 296
35 94 215
35 95 262
35 96 283
35 97 53
35 98 86
35 99 48
36 1 111
36 2 193
36 3 80
36 4 296
36 5 39
36 6 91
36 7 199
36 8 199
36 9 200
36 10 74
36 11 257
36 12 178
36 13 213
36 14 58
36 15 235
36 16 287
36 17 260
36 18 238
36 19 171
36 20 256
36 21 44
36 22 299
36 23 277
36 24 143
36 25 211
36 26 129
36 27 124
36 28 152
36 29 262
36 30 66
36 31 120
36 32 133
36 33 123
36 34 71
36 35 40
36 37 103
36 38 260
36 39 31
36 40 205
36 41 210
36 42 178
36 43 83
36 44 290
36 45 134
36 46 75
36 47 86
36 48 225
36 49 156
36 50 45
36 51 60
36 52 268
36 53 144
36 54 49
36 55 97
36 56 58
36 57 157
36 58 273
36 59 294
36 60 92
36 61 88
36 62 281
36 63 273
36 64 203
36 65 159
36 66 169
36 67 267
36 68 168
36 69 120
36 70 211
36 71 45
36 72 113
36 73 192
36 74 180
36 75 190
36 76 294
36 77 126
36 78 193
36 79 141
36 80 90
36 81 141
36 82 96
36 83 256
36 84 199
36 85 289
36 86 246
36 87 38
36 88 52
36 89 154
36 90 49
36 91 103
36 92 200
36 93 58
36 94 72
36 95 231
36 96 167
36 97 64
36 98 261
36 99 272
37 1 243
37 2 138
37 3 48
37 4 273
37 5 246
37 6 55
37 7 253
37 8 240
37 9 252
37 10 175
37 11 42
37 12 107
37 13 36
37 14 215
37 15 198
37 16 209
37 17 107
37 18 101
37 19 266
37 20 297
37 21 122
37 22 179
37 23 201
37 24 246
37 25 55
37 26 247
37 27 119
37 28 233
37 29 290
37 30 168
37 31 176
37 32 285
37 33 76
37 34 98
37 35 32
37 36 103
37 38 37
37 39 93
37 40 138
37 41 270
37 42 82
37 43 230
37 44 70
37 45 94
37 46 178
37 47 125
37 48 176
37 49 147
37 50 175
37 51 112
37 52 221
37 53 185
37 54 230
37 55 36
37 56 255
37 57 94
37 58 182
37 59 93
37 60 217
37 61 225
37 62 268
37 63 146
37 64 114
37 65 285
37 66 232
37 67 203
37 68 299
37 69 63
37 70 90
37 71 237
37 72 202
37 73 37
37 74 135
37 75 102
37 76 230
37 77 162
37 78 131
37 79 100
37 80 232
37 81 69
37 82 81
37 83 79
37 84 83
37 85 300
37 86 120
37 87 129
37 88 262
37 89 32
37 90 204
37 91 276
37 92 133
37 93 210
37 94 120
37 95 290
37 96 266
37 97 166
37 98 275
37 99 219
38 1 200
38 2 137
38 3 108
38 4 79
38 5 187
38 6 236
38 7 271
38 8 236
38 9 299
38 10 101
38 11 138
38 12 218
38 13 235
38 14 31
38 15 266
38 16 260
38 17 110
38 18 37
38 19 81
38 20 90
38 21 62
38 22 140
38 23 253
38 24 204
38 25 244
38 26 271
38 27 245
38 28 84
38 29 84
38 30 139
38 31 278
38 32 158
38 33 241
38 34 155
38 35 281
38 36 260
38 37 37
38 39 63
38 40 62
38 41 125
38 42 154
38 43 186
38 44 275
38 45 114
38 46 271
38 47 129
38 48 61
38 49 285
38 50 131
38 51 125
38 52 295
38 53 102
38 54 206
38 55 191
38 56 272
38 57 162
38 58 175
38 59 92
38 60 292
38 61 275
38 62 242
38 63 187
38 64 43
38 65 79
38 66 73
38 67 233
38 68 60
38 69 296
38 70 135
38 71 94
38 72 128
38 73 217
38 74 263
38 75 127
38 76 245
38 77 170
38 78 103
38 79 215
38 80 189
38 81 73
38 82 239
38 83 244
38 84 296
38 85 61
38 86 55
38 87 144
38 88 137
38 89 218
38 90 271
38 91 57
38 92 241
38 93 129
38 94 60
38 95 41
38 96 108
38 97 236
38 98 93
38 99 111
39 1 280
39 2 66
39 3 41
39 4 138
39 5 289
39 6 97
39 7 67
39 8 153
39 9 90
39 10 37
39 11 257
39 12 66
39 13 42
39 14 128
39 15 45
39 16 77
39 17 114
39 18 183
39 19 188
39 20 32
39 21 245
39 22 55
39 23 79
39 24 60
39 25 224
39 26 86
39 27 160
39 28 42
39 29 289
39 30 193
39 31 35
39 32 154
39 33 114
39 34 288
39 35 136
39 36 31
39 37 93
39 38 63
39 40 140
39 41 117
39 42 38
39 43 191
39 44 286
39 45 183
39 46 166
39 47 185
39 48 187
39 49 59
39 50 48
39 51 245
39 52 217
39 53 296
39 54 62
39 55 190
39 56 155
39 57 268
39 58 288
39 59 128
39 60 291
39 61 41
39 62 255
39 63 102
39 64 157
39 65 258
39 66 279
39 67 191
39 68 238
39 69 36
39 70 41
39 71 257
39 72 66
39 73 80
39 74 58
39 75 123
39 76 162
39 77 51
39 78 265
39 79 39
39 80 208
39 81 45
39 82 236
39 83 297
39 84 50
39 85 237
39 86 157
39 87 292
39 88 73
39 89 114
39 90 91
39 91 117
39 92 268
39 93 141
39 94 158
39 95 46
39 96 34
39 97 98
39 98 177
39 99 129
40 1 119
40 2 293
40 3 280
40 4 246
40 5 36
40 6 212
40 7 130
40 8 230
40 9 166
40 10 169
40 11 284
40 12 216
40 13 236
40 14 210
40 15 200
40 16 229
40 17 125
40 18 87
40 19 227
40 20 93
40 21 292
40 22 255
40 23 48
40 24 215
40 25 36
40 26 270
40 27 96
40 28 249
40 29 64
40 30 76
40 31 31
40 32 226
40 33 224
40 34 224
40 35 204
40 36 205
40 37 138
40 38 62
40 39 140
40 41 35
40 42 116
40 43 124
40 44 104
40 45 156
40 46 146
40 47 165
40 48 71
40 49 223
40 50 280
40 51 280
40 52 236
40 53 34
40 54 164
40 55 231
40 56 41
40 57 181
40 58 206
40 59 111
40 60 250
40 61 111
40 62 135
40 63 100
40 64 85
40 65 124
40 66 263
40 67 270
40 68 138
40 69 117
40 70 124
40 71 91
40 72 74
40 73 31
40 74 145
40 75 206
40 76 225
40 77 279
40 78 238
40 79 35
40 80 98
40 81 233
40 82 54
40 83 32
40 84 175
40 85 136
40 86 277
40 87 155
40 88 297
40 89 65
40 90 215
40 91 102
40 92 280
40 93 182
40 94 179
40 95 206
40 96 257
40 97 68
40 98 155
40 99 255
41 1 259
41 2 247
41 3 34
41 4 208
41 5 114
41 6 188
41 7 165
41 8 100
41 9 270
41 10 93
41 11 266
41 12 217
41 13 289
41 14 204
41 15 284
41 16 236
41 17 253
41 18 294
41 19 107
41 20 287
41 21 46
41 22 78
41 23 207
41 24 248
41 25 153
41 26 139
41 27 259
41 28 115
41 29 66
41 30 204
41 31 108
41 32 54
41 33 121
41 34 289
41 35 283
41 36 210
41 37 270
41 38 125
41 39 117
41 40 35
41 42 127
41 43 270
41 44 100
41 45 119
41 46 151
41 47 128
41 48 163
41 49 126
41 50 186
41 51 148
41 52 178
41 53 32
41 54 59
41 55 232
41 56 174
41 57 237
41 58 300
41 59 239
41 60 185
41 61 178
41 62 101
41 63 92
41 64 284
41 65 39
41 66 214
41 67 101
41 68 92
41 69 256
41 70 83
41 71 50
41 72 273
41 73 225
41 74 205
41 75 82
41 76 226
41 77 88
41 78 252
41 79 275
41 80 156
41 81 39
41 82 173
41 83 239
41 84 213
41 85 98
41 86 199
41 87 174
41 88 267
41 89 78
41 90 241
41 91 267
41 92 195
41 93 49
41 94 180
41 95 121
41 96 104
41 97 267
41 98 122
41 99 227
42 1 244
42 2 173
42 3 261
42 4 78
42 5 156
42 6 38
42 7 199
42 8 122
42 9 267
42 10 202
42 11 120
42 12 204
42 13 128
42 14 286
42 15 248
42 16 133
42 17 224
42 18 205
42 19 67
42 20 207
42 21 50
42 22 182
42 23 47
42 24 255
42 25 157
42 26 188
42 27 279
42 28 78
42 29 215
42 30 290
42 31 70
42 32 207
42 33 130
42 34 201
42 35 68
42 36 178
42 37 82
42 38 154
42 39 38
42 40 116
42 41 127
42 43 123
42 44 270
42 45 191
42 46 264
42 47 90
42 48 196
42 49 226
42 50 148
42 51 233
42 52 255
42 53 291
42 54 129
42 55 96
42 56 130
42 57 186
42 58 274
42 59 274
42 60 244
42 61 120
42 62 94
42 63 45
42 64 89
42 65 58
42 66 172
42 67 50
42 68 57
42 69 69
42 70 274
42 71 225
42 72 210
42 73 238
42 74 153
42 75 105
42 76 147
42 77 93
42 78 182
42 79 53
42 80 143
42 81 94
42 82 162
42 83 233
42 84 159
42 85 170
42 86 276
42 87 246
42 88 210
42 89 203
42 90 273
42 91 145
42 92 105
42 93 223
42 94 230
42 95 265
42 96 158
42 97 221
42 98 57
42 99 87
43 1 49
43 2 260
43 3 46
43 4 45
43 5 89
43 6 157
43 7 299
43 8 116
43 9 123
43 10 67
43 11 293
43 12 94
43 13 189
43 14 78
43 15 235
43 16 298
43 17 178
43 18 36
43 19 46
43 20 141
43 21 292
43 22 88
43 23 157
43 24 137
43 25 55
43 26 176
43 27 280
43 28 199
43 29 167
43 30 178
43 31 87
43 32 66
43 33 147
43 34 60
43 35 241
43 36 83
43 37 230
43 38 186
43 39 191
43 40 124
43 41 270
43 42 123
43 44 220
43 45 62
43 46 219
43 47 188
43 48 152
43 49 251
43 50 172
43 51 77
43 52 144
43 53 136
43 54 263
43 55 228
43 56 219
43 57 255
43 58 284
43 59 279
43 60 207
43 61 238
43 62 121
43 63 147
43 64 223
43 65 135
43 66 56
43 67 208
43 68 64
43 69 134
43 70 245
43 71 31
43 72 211
43 73 65
43 74 193
43 75 238
43 76 59
43 77 33
43 78 264
43 79 212
43 80 254
43 81 63
43 82 50
43 83 212
43 84 181
43 85 113
43 86 237
43 87 116
43 88 285
43 89 216
43 90 255
43 91 53
43 92 60
43 93 212
43 94 32
43 95 215
43 96 73
43 97 246
43 98 33
43 99 143
44 1 188
44 2 297
44 3 275
44 4 256
44 5 72
44 6 116
44 7 238
44 8 299
44 9 235
44 10 255
44 11 178
44 12 91
44 13 179
44 14 167
44 15 147
44 16 212
44 17 170
44 18 107
44 19 182
44 20 151
44 21 75
44 22 94
44 23 152
44 24 162
44 25 218
44 26 266
44 27 85
44 28 217
44 29 163
44 30 184
44 31 198
44 32 263
44 33 222
44 34 37
44 35 146
44 36 290
44 37 70
44 38 275
44 39 286
44 40 104
44 41 100
44 42 270
44 43 220
44 45 284
44 46 88
44 47 246
44 48 192
44 49 275
44 50 145
44 51 278
44 52 35
44 53 259
44 54 188
44 55 56
44 56 101
44 57 259
44 58 41
44 59 139
44 60 184
44 61 189
44 62 170
44 63 291
44 64 129
44 65 31
44 66 233
44 67 263
44 68 161
44 69 51
44 70 232
44 71 148
44 72 250
44 73 263
44 74 290
44 75 73
44 76 270
44 77 239
44 78 69
44 79 262
44 80 299
44 81 98
44 82 103
44 83 271
44 84 289
44 85 256
44 86 40
44 87 70
44 88 292
44 89 179
44 90 91
44 91 125
44 92 145
44 93 275
44 94 112
44 95 201
44 96 110
44 97 275
44 98 109
44 99 202
45 1 50
45 2 178
45 3 181
45 4 218
45 5 123
45 6 244
45 7 47
45 8 34
45 9 276
45 10 233
45 11 197
45 12 52
45 13 38
45 14 232
45 15 267
45 16 294
45 17 148
45 18 204
45 19 212
45 20 64
45 21 280
45 22 245
45 23 46
45 24 156
45 25 129
45 26 212
45 27 84
45 28 110
45 29 272
45 30 172
45 31 178
45 32 235
45 33 35
45 34 163
45 35 161
45 36 134
45 37 94
45 38 114
45 39 183
45 40 156
45 41 119
45 42 191
45 43 62
45 44 284
45 46 180
45 47 217
45 48 258
45 49 210
45 50 79
45 51 65
45 52 219
45 53 155
45 54 139
45 55 239
45 56 215
45 57 219
45 58 105
45 59 55
45 60 199
45 61 158
45 62 289
45 63 232
45 64 166
45 65 201
45 66 207
45 67 160
45 68 280
45 69 64
45 70 141
45 71 263
45 72 271
45 73 174
45 74 54
45 75 142
45 76 253
45 77 203
45 78 241
45 79 109
45 80 231
45 81 48
45 82 149
45 83 52
45 84 46
45 85 193
45 86 211
45 87 151
45 88 145
45 89 199
45 90 153
45 91 111
45 92 210
45 93 57
45 94 125
45 95 68
45 96 170
45 97 240
45 98 75
45 99 236
46 1 204
46 2 97
46 3 239
46 4 191
46 5 260
46 6 216
46 7 184
46 8 197
46 9 151
46 10 46
46 11 54
46 12 221
46 13 142
46 14 170
46 15 103
46 16 168
46 17 65
46 18 65
46 19 157
46 20 144
46 21 214
46 22 53
46 23 187
46 24 179
46 25 231
46 26 256
46 27 288
46 28 90
46 29 96
46 30 67
46 31 202
46 32 87
46 33 232
46 34 200
46 35 276
46 36 75
46 37 178
46 38 271
46 39 166
46 40 146
46 41 151
46 42 264
46 43 219
46 44 88
46 45 180
46 47 195
46 48 106
46 49 179
46 50 182
46 51 121
46 52 87
46 53 73
46 54 58
46 55 47
46 56 159
46 57 88
46 58 205
46 59 87
46 60 95
46 61 253
46 62 263
46 63 210
46 64 191
46 65 46
46 66 72
46 67 57
46 68 296
46 69 59
46 70 289
46 71 258
46 72 155
46 73 147
46 74 225
46 75 132
46 76 185
46 77 214
46 78 98
46 79 53
46 80 233
46 81 78
46 82 214
46 83 274
46 84 56
46 85 123
46 86 46
46 87 195
46 88 140
46 89 264
46 90 32
46 91 49
46 92 73
46 93 117
46 94 93
46 95 91
46 96 274
46 97 197
46 98 131
46 99 234
47 1 206
47 2 201
47 3 116
47 4 185
47 5 196
47 6 201
47 7 126
47 8 151
47 9 111
47 10 46
47 11 246
47 12 51
47 13 144
47 14 45
47 15 67
47 16 146
47 17 277
47 18 130
47 19 46
47 20 68
47 21 161
47 22 279
47 23 75
47 24 95
47 25 110
47 26 216
47 27 55
47 28 122
47 29 284
47 30 219
47 31 151
47 32 31
47 33 202
47 34 277
47 35 165
47 36 86
47 37 125
47 38 129
47 39 185
47 40 165
47 41 128
47 42 90
47 43 188
47 44 246
47 45 217
47 46 195
47 48 77
47 49 214
47 50 257
47 51 161
47 52 38
47 53 85
47 54 199
47 55 35
47 56 231
47 57 78
47 58 143
47 59 100
47 60 46
47 61 175
47 62 213
47 63 296
47 64 208
47 65 53
47 66 238
47 67 233
47 68 297
47 69 244
47 70 113
47 71 194
47 72 150
47 73 294
47 74 207
47 75 163
47 76 178
47 77 225
47 78 164
47 79 298
47 80 53
47 81 159
47 82 254
47 83 130
47 84 186
47 85 236
47 86 112
47 87 98
47 88 281
47 89 126
47 90 262
47 91 110
47 92 202
47 93 73
47 94 216
47 95 65
47 96 295
47 97 126
47 98 106
47 99 103
48 1 93
48 2 40
48 3 171
48 4 89
48 5 187
48 6 183
48 7 153
48 8 292
48 9 204
48 10 120
48 11 248
48 12 98
48 13 228
48 14 63
48 15 61
48 16 60
48 17 264
48 18 248
48 19 187
48 20 180
48 21 186
48 22 175
48 23 202
48 24 157
48 25 189
48 26 124
48 27 147
48 28 36
48 29 116
48 30 168
48 31 158
48 32 150
48 33 132
48 34 155
48 35 76
48 36 225
48 37 176
48 38 61
48 39 187
48 40 71
48 41 163
48 42 196
48 43 152
48 44 192
48 45 258
48 46 106
48 47 77
48 49 58
48 50 165
48 51 36
48 52 272
48 53 236
48 54 261
48 55 58
48 56 222
48 57 88
48 58 165
48 59 207
48 60 111
48 61 270
48 62 208
48 63 156
48 64 218
48 65 222
48 66 260
48 67 195
48 68 114
48 69 40
48 70 289
48 71 194
48 72 298
48 73 256
48 74 146
48 75 124
48 76 290
48 77 193
48 78 183
48 79 38
48 80 145
48 81 293
48 82 240
48 83 141
48 84 296
48 85 276
48 86 256
48 87 172
48 88 155
48 89 142
48 90 104
48 91 246
48 92 166
48 93 108
48 94 87
48 95 77
48 96 182
48 97 34
48 98 47
48 99 182
49 1 151
49 2 228
49 3 284
49 4 179
49 5 205
49 6 291
49 7 89
49 8 50
49 9 254
49 10 300
49 11 271
49 12 148
49 13 68
49 14 289
49 15 265
49 16 83
49 17 144
49 18 135
49 19 247
49 20 32
49 21 60
49 22 75
49 23 112
49 24 210
49 25 218
49 26 75
49 27 152
49 28 163
49 29 57
49 30 263
49 31 37
49 32 296
49 33 87
49 34 137
49 35 153
49 36 156
49 37 147
49 38 285
49 39 59
49 40 223
49 41 126
49 42 226
49 43 251
49 44 275
49 45 210
49 46 179
49 47 214
49 48 58
49 50 47
49 51 198
49 52 170
49 53 177
49 54 134
49 55 187
49 56 211
49 57 56
49 58 167
49 59 86
49 60 217
49 61 181
49 62 131
49 63 289
49 64 300
49 65 134
49 66 108
49 67 69
49 68 115
49 69 298
49 70 211
49 71 120
49 72 72
49 73 233
49 74 98
49 75 139
49 76 50
49 77 222
49 78 152
49 79 156
49 80 262
49 81 170
49 82 290
49 83 156
49 84 123
49 85 133
49 86 219
49 87 237
49 88 179
49 89 170
49 90 277
49 91 213
49 92 258
49 93 148
49 94 135
49 95 185
49 96 205
49 97 193
49 98 91
49 99 109
50 1 150
50 2 118
50 3 61
50 4 192
50 5 218
50 6 106
50 7 55
50 8 293
50 9 295
50 10 94
50 11 253
50 12 179
50 13 179
50 14 127
50 15 190
50 16 148
50 17 112
50 18 33
50 19 114
50 20 172
50 21 82
50 22 156
50 23 232
50 24 263
50 25 206
50 26 203
50 27 239
50 28 206
50 29 195
50 30 76
50 31 208
50 32 212
50 33 166
50 34 85
50 35 254
50 36 45
50 37 175
50 38 131
50 39 48
50 40 280
50 41 186
50 42 148
50 43 172
50 44 145
50 45 79
50 46 182
50 47 257
50 48 165
50 49 47
50 51 98
50 52 51
50 53 175
50 54 97
50 55 155
50 56 148
50 57 80
50 58 174
50 59 231
50 60 117
50 61 102
50 62 270
50 63 130
50 64 72
50 65 61
50 66 260
50 67 63
50 68 84
50 69 196
50 70 93
50 71 145
50 72 85
50 73 223
50 74 168
50 75 244
50 76 124
50 77 69
50 78 51
50 79 94
50 80 280
50 81 132
50 82 237
50 83 79
50 84 169
50 85 127
50 86 234
50 87 203
50 88 299
50 89 48
50 90 189
50 91 226
50 92 154
50 93 174
50 94 100
50 95 229
50 96 87
50 97 37
50 98 62
50 99 282
51 1 279
51 2 127
51 3 247
51 4 291
51 5 223
51 6 179
51 7 66
51 8 234
51 9 65
51 10 86
51 11 230
51 12 34
51 13 173
51 14 205
51 15 130
51 16 135
51 17 36
51 18 194
51 19 115
51 20 236
51 21 108
51 22 127
51 23 70
51 24 105
51 25 295
51 26 287
51 27 50
51 28 232
51 29 56
51 30 48
51 31 42
51 32 172
51 33 154
51 34 130
51 35 250
51 36 60
51 37 112
51 38 125
51 39 245
51 40 280
51 41 148
51 42 233
51 43 77
51 44 278
51 45 65
51 46 121
51 47 161
51 48 36
51 49 198
51 50 98
51 52 91
51 53 51
51 54 296
51 55 72
51 56 251
51 57 187
51 58 289
51 59 236
51 60 101
51 61 295
51 62 39
51 63 134
51 64 219
51 65 247
51 66 36
51 67 54
51 68 270
51 69 278
51 70 178
51 71 281
51 72 208
51 73 118
51 74 55
51 75 227
51 76 81
51 77 196
51 78 261
51 79 44
51 80 75
51 81 150
51 82 57
51 83 58
51 84 120
51 85 210
51 86 172
51 87 138
51 88 296
51 89 133
51 90 154
51 91 191
51 92 284
51 93 138
51 94 67
51 95 245
51 96 289
51 97 92
51 98 194
51 99 239
52 1 259
52 2 245
52 3 62
52 4 121
52 5 137
52 6 230
52 7 270
52 8 226
52 9 134
52 10 56
52 11 160
52 12 255
52 13 112
52 14 188
52 15 64
52 16 157
52 17 193
52 18 120
52 19 171
52 20 179
52 21 76
52 22 269
52 23 63
52 24 175
52 25 217
52 26 294
52 27 129
52 28 283
52 29 116
52 30 117
52 31 174
52 32 222
52 33 222
52 34 241
52 35 269
52 36 268
52 37 221
52 38 295
52 39 217
52 40 236
52 41 178
52 42 255
52 43 144
52 44 35
52 45 219
52 46 87
52 47 38
52 48 272
52 49 170
52 50 51
52 51 91
52 53 193
52 54 134
52 55 159
52 56 53
52 57 66
52 58 192
52 59 144
52 60 139
52 61 240
52 62 169
52 63 215
52 64 289
52 65 227
52 66 214
52 67 234
52 68 84
52 69 266
52 70 176
52 71 96
52 72 182
52 73 89
52 74 240
52 75 286
52 76 126
52 77 125
52 78 195
52 79 277
52 80 152
52 81 35
52 82 209
52 83 90
52 84 155
52 85 87
52 86 279
52 87 165
52 88 233
52 89 195
52 90 156
52 91 101
52 92 61
52 93 203
52 94 186
52 95 279
52 96 156
52 97 61
52 98 123
52 99 233
53 1 299
53 2 218
53 3 114
53 4 231
53 5 212
53 6 44
53 7 132
53 8 229
53 9 235
53 10 219
53 11 255
53 12 195
53 13 262
53 14 175
53 15 180
53 16 271
53 17 61
53 18 240
53 19 255
53 20 100
53 21 178
53 22 291
53 23 149
53 24 102
53 25 158
53 26 275
53 27 120
53 28 109
53 29 131
53 30 81
53 31 114
53 32 237
53 33 295
53 34 32
53 35 245
53 36 144
53 37 185
53 38 102
53 39 296
53 40 34
53 41 32
53 42 291
53 43 136
53 44 259
53 45 155
53 46 73
53 47 85
53 48 236
53 49 177
53 50 175
53 51 51
53 52 193
53 54 277
53 55 284
53 56 235
53 57 200
53 58 148
53 59 68
53 60 63
53 61 300
53 62 252
53 63 64
53 64 234
53 65 66
53 66 288
53 67 152
53 68 205
53 69 134
53 70 185
53 71 132
53 72 226
53 73 140
53 74 119
53 75 218
53 76 90
53 77 154
53 78 225
53 79 129
53 80 272
53 81 173
53 82 189
53 83 214
53 84 44
53 85 220
53 86 187
53 87 102
53 88 44
53 89 260
53 90 185
53 91 113
53 92 64
53 93 173
53 94 34
53 95 279
53 96 77
53 97 180
53 98 50
53 99 227
54 1 125
54 2 131
54 3 220
54 4 110
54 5 173
54 6 194
54 7 188
54 8 113
54 9 154
54 10 154
54 11 85
54 12 289
54 13 69
54 14 234
54 15 219
54 16 223
54 17 90
54 18 79
54 19 33
54 20 186
54 21 101
54 22 239
54 23 30
54 24 241
54 25 269
54 26 133
54 27 58
54 28 108
54 29 161
54 30 262
54 31 166
54 32 164
54 33 185
54 34 117
54 35 237
54 36 49
54 37 230
54 38 206
54 39 62
54 40 164
54 41 59
54 42 129
54 43 263
54 44 188
54 45 139
54 46 58
54 47 199
54 48 261
54 49 134
54 50 97
54 51 296
54 52 134
54 53 277
54 55 240
54 56 172
54 57 217
54 58 221
54 59 153
54 60 282
54 61 45
54 62 270
54 63 222
54 64 78
54 65 177
54 66 166
54 67 277
54 68 190
54 69 151
54 70 257
54 71 170
54 72 36
54 73 285
54 74 299
54 75 293
54 76 140
54 77 156
54 78 250
54 79 195
54 80 291
54 81 36
54 82 183
54 83 169
54 84 233
54 85 146
54 86 136
54 87 224
54 88 48
54 89 236
54 90 105
54 91 237
54 92 36
54 93 160
54 94 129
54 95 159
54 96 287
54 97 256
54 98 67
54 99 158
55 1 222
55 2 32
55 3 288
55 4 36
55 5 216
55 6 196
55 7 296
55 8 235
55 9 64
55 10 298
55 11 177
55 12 293
55 13 104
55 14 186
55 15 167
55 16 188
55 17 215
55 18 43
55 19 220
55 20 256
55 21 126
55 22 289
55 23 83
55 24 38
55 25 79
55 26 248
55 27 40
55 28 173
55 29 207
55 30 199
55 31 46
55 32 87
55 33 32
55 34 75
55 35 143
55 36 97
55 37 36
55 38 191
55 39 190
55 40 231
55 41 232
55 42 96
55 43 228
55 44 56
55 45 239
55 46 47
55 47 35
55 48 58
55 49 187
55 50 155
55 51 72
55 52 159
55 53 284
55 54 240
55 56 105
55 57 129
55 58 113
55 59 178
55 60 221
55 61 118
55 62 47
55 63 93
55 64 196
55 65 235
55 66 171
55 67 62
55 68 235
55 69 44
55 70 172
55 71 86
55 72 65
55 73 230
55 74 218
55 75 197
55 76 96
55 77 263
55 78 201
55 79 123
55 80 276
55 81 247
55 82 86
55 83 206
55 84 199
55 85 243
55 86 51
55 87 240
55 88 279
55 89 115
55 90 125
55 91 227
55 92 183
55 93 115
55 94 270
55 95 91
55 96 288
55 97 130
55 98 111
55 99 176
56 1 124
56 2 257
56 3 186
56 4 105
56 5 289
56 6 194
56 7 122
56 8 92
56 9 213
56 10 281
56 11 192
56 12 223
56 13 197
56 14 72
56 15 273
56 16 131
56 17 184
56 18 145
56 19 35
56 20 132
56 21 45
56 22 155
56 23 294
56 24 118
56 25 194
56 26 252
56 27 64
56 28 151
56 29 273
56 30 255
56 31 183
56 32 257
56 33 93
56 34 90
56 35 180
56 36 58
56 37 255
56 38 272
56 39 155
56 40 41
56 41 174
56 42 130
56 43 219
56 44 101
56 45 215
56 46 159
56 47 231
56 48 222
56 49 211
56 50 148
56 51 251
56 52 53
56 53 235
56 54 172
56 55 105
56 57 180
56 58 125
56 59 290
56 60 65
56 61 115
56 62 281
56 63 279
56 64 236
56 65 57
56 66 270
56 67 90
56 68 118
56 69 95
56 70 91
56 71 225
56 72 237
56 73 276
56 74 246
56 75 256
56 76 111
56 77 298
56 78 186
56 79 287
56 80 269
56 81 106
56 82 168
56 83 230
56 84 257
56 85 179
56 86 203
56 87 201
56 88 128
56 89 226
56 90 144
56 91 114
56 92 202
56 93 251
56 94 265
56 95 218
56 96 179
56 97 280
56 98 254
56 99 128
57 1 203
57 2 147
57 3 90
57 4 184
57 5 191
57 6 124
57 7 91
57 8 218
57 9 53
57 10 148
57 11 286
57 12 257
57 13 99
57 14 263
57 15 52
57 16 93
57 17 225
57 18 52
57 19 250
57 20 54
57 21 96
57 22 213
57 23 61
57 24 246
57 25 151
57 26 235
57 27 248
57 28 67
57 29 193
57 30 285
57 31 42
57 32 199
57 33 283
57 34 230
57 35 87
57 36 157
57 37 94
57 38 162
57 39 268
57 40 181
57 41 237
57 42 186
57 43 255
57 44 259
57 45 219
57 46 88
57 47 78
57 48 88
57 49 56
57 50 80
57 51 187
57 52 66
57 53 200
57 54 217
57 55 129
57 56 180
57 58 135
57 59 200
57 60 198
57 61 143
57 62 103
57 63 175
57 64 259
57 65 160
57 66 92
57 67 37
57 68 52
57 69 272
57 70 156
57 71 175
57 72 123
57 73 194
57 74 125
57 75 131
57 76 101
57 77 178
57 78 129
57 79 242
57 80 230
57 81 151
57 82 281
57 83 44
57 84 139
57 85 276
57 86 66
57 87 213
57 88 256
57 89 101
57 90 216
57 91 248
57 92 71
57 93 202
57 94 41
57 95 73
57 96 40
57 97 176
57 98 137
57 99 286
58 1 156
58 2 32
58 3 120
58 4 229
58 5 176
58 6 298
58 7 213
58 8 49
58 9 51
58 10 57
58 11 282
58 12 264
58 13 131
58 14 116
58 15 67
58 16 217
58 17 262
58 18 55
58 19 89
58 20 81
58 21 100
58 22 251
58 23 87
58 24 77
58 25 158
58 26 62
58 27 231
58 28 238
58 29 177
58 30 74
58 31 74
58 32 245
58 33 283
58 34 77
58 35 299
58 36 273
58 37 182
58 38 175
58 39 288
58 40 206
58 41 300
58 42 274
58 43 284
58 44 41
58 45 105
58 46 205
58 47 143
58 48 165
58 49 167
58 50 174
58 51 289
58 52 192
58 53 148
58 54 221
58 55 113
58 56 125
58 57 135
58 59 245
58 60 207
58 61 132
58 62 190
58 63 130
58 64 253
58 65 81
58 66 299
58 67 85
58 68 98
58 69 142
58 70 132
58 71 195
58 72 151
58 73 189
58 74 290
58 75 36
58 76 87
58 77 260
58 78 183
58 79 202
58 80 50
58 81 274
58 82 69
58 83 300
58 84 251
58 85 300
58 86 126
58 87 128
58 88 223
58 89 79
58 90 137
58 91 147
58 92 197
58 93 172
58 94 280
58 95 157
58 96 289
58 97 196
58 98 55
58 99 184
59 1 222
59 2 262
59 3 38
59 4 70
59 5 110
59 6 251
59 7 56
59 8 147
59 9 119
59 10 191
59 11 292
59 12 203
59 13 35
59 14 266
59 15 289
59 16 114
59 17 292
59 18 84
59 19 131
59 20 88
59 21 225
59 22 179
59 23 63
59 24 141
59 25 216
59 26 131
59 27 249
59 28 297
59 29 264
59 30 202
59 31 239
59 32 80
59 33 190
59 34 84
59 35 90
59 36 294
59 37 93
59 38 92
59 39 128
59 40 111
59 41 239
59 42 274
59 43 279
59 44 139
59 45 55
59 46 87
59 47 100
59 48 207
59 49 86
59 50 231
59 51 236
59 52 144
59 53 68
59 54 153
59 55 178
59 56 290
59 57 200
59 58 245
59 60 206
59 61 59
59 62 228
59 63 59
59 64 164
59 65 39
59 66 135
59 67 213
59 68 213
59 69 299
59 70 96
59 71 235
59 72 105
59 73 101
59 74 59
59 75 160
59 76 162
59 77 231
59 78 58
59 79 161
59 80 74
59 81 239
59 82 109
59 83 32
59 84 294
59 85 124
59 86 51
59 87 233
59 88 81
59 89 172
59 90 66
59 91 68
59 92 243
59 93 154
59 94 271
59 95 121
59 96 167
59 97 88
59 98 265
59 99 288
60 1 62
60 2 130
60 3 296
60 4 85
60 5 118
60 6 268
60 7 223
60 8 81
60 9 238
60 10 237
60 11 279
60 12 33
60 13 168
60 14 152
60 15 210
60 16 239
60 17 129
60 18 158
60 19 73
60 20 222
60 21 214
60 22 298
60 23 278
60 24 83
60 25 205
60 26 260
60 27 273
60 28 30
60 29 209
60 30 233
60 31 165
60 32 289
60 33 77
60 34 270
60 35 280
60 36 92
60 37 217
60 38 292
60 39 291
60 40 250
60 41 185
60 42 244
60 43 207
60 44 184
60 45 199
60 46 95
60 47 46
60 48 111
60 49 217
60 50 117
60 51 101
60 52 139
60 53 63
60 54 282
60 55 221
60 56 65
60 57 198
60 58 207
60 59 206
60 61 298
60 62 209
60 63 98
60 64 181
60 65 279
60 66 201
60 67 292
60 68 195
60 69 87
60 70 208
60 71 292
60 72 137
60 73 178
60 74 41
60 75 172
60 76 249
60 77 247
60 78 156
60 79 200
60 80 31
60 81 113
60 82 97
60 83 77
60 84 241
60 85 207
60 86 179
60 87 145
60 88 63
60 89 81
60 90 38
60 91 144
60 92 38
60 93 60
60 94 102
60 95 114
60 96 105
60 97 115
60 98 121
60 99 285
61 1 169
61 2 144
61 3 113
61 4 165
61 5 62
61 6 86
61 7 261
61 8 223
61 9 110
61 10 34
61 11 237
61 12 235
61 13 300
61 14 130
61 15 74
61 16 117
61 17 90
61 18 240
61 19 88
61 20 241
61 21 47
61 22 188
61 23 113
61 24 86
61 25 215
61 26 296
61 27 281
61 28 121
61 29 164
61 30 156
61 31 193
61 32 234
61 33 44
61 34 267
61 35 146
61 36 88
61 37 225
61 38 275
61 39 41
61 40 111
61 41 178
61 42 120
61 43 238
61 44 189
61 45 158
61 46 253
61 47 175
61 48 270
61 49 181
61 50 102
61 51 295
61 52 240
61 53 300
61 54 45
61 55 118
61 56 115
61 57 143
61 58 132
61 59 59
61 60 298
61 62 98
61 63 59
61 64 99
61 65 33
61 66 80
61 67 107
61 68 216
61 69 226
61 70 249
61 71 180
61 72 204
61 73 129
61 74 134
61 75 115
61 76 103
61 77 103
61 78 61
61 79 46
61 80 248
61 81 194
61 82 106
61 83 74
61 84 149
61 85 297
61 86 263
61 87 86
61 88 66
61 89 110
61 90 58
61 91 170
61 92 156
61 93 270
61 94 158
61 95 184
61 96 132
61 97 227
61 98 179
61 99 289
62 1 52
62 2 35
62 3 165
62 4 293
62 5 248
62 6 145
62 7 138
62 8 119
62 9 296
62 10 288
62 11 40
62 12 90
62 13 93
62 14 94
62 15 186
62 16 239
62 17 65
62 18 123
62 19 73
62 20 111
62 21 213
62 22 98
62 23 89
62 24 137
62 25 174
62 26 41
62 27 102
62 28 273
62 29 59
62 30 116
62 31 181
62 32 32
62 33 30
62 34 195
62 35 45
62 36 281
62 37 268
62 38 242
62 39 255
62 40 135
62 41 101
62 42 94
62 43 121
62 44 170
62 45 289
62 46 263
62 47 213
62 48 208
62 49 131
62 50 270
62 51 39
62 52 169
62 53 252
62 54 270
62 55 47
62 56 281
62 57 103
62 58 190
62 59 228
62 60 209
62 61 98
62 63 92
62 64 108
62 65 243
62 66 160
62 67 122
62 68 52
62 69 272
62 70 245
62 71 88
62 72 266
62 73 270
62 74 34
62 75 108
62 76 234
62 77 94
62 78 162
62 79 152
62 80 278
62 81 138
62 82 87
62 83 32
62 84 129
62 85 106
62 86 115
62 87 118
62 88 292
62 89 248
62 90 224
62 91 295
62 92 268
62 93 234
62 94 162
62 95 63
62 96 109
62 97 149
62 98 236
62 99 160
63 1 200
63 2 298
63 3 94
63 4 199
63 5 53
63 6 42
63 7 126
63 8 72
63 9 206
63 10 113
63 11 200
63 12 237
63 13 259
63 14 194
63 15 65
63 16 58
63 17 100
63 18 107
63 19 40
63 20 69
63 21 110
63 22 235
63 23 117
63 24 110
63 25 196
63 26 123
63 27 259
63 28 98
63 29 140
63 30 216
63 31 96
63 32 57
63 33 243
63 34 260
63 35 173
63 36 273
63 37 146
63 38 187
63 39 102
63 40 100
63 41 92
63 42 45
63 43 147
63 44 291
63 45 232
63 46 210
63 47 296
63 48 156
63 49 289
63 50 130
63 51 134
63 52 215
63 53 64
63 54 222
63 55 93
63 56 279
63 57 175
63 58 130
63 59 59
63 60 98
63 61 59
63 62 92
63 64 151
63 65 137
63 66 195
63 67 232
63 68 118
63 69 286
63 70 197
63 71 89
63 72 233
63 73 115
63 74 117
63 75 254
63 76 34
63 77 73
63 78 177
63 79 78
63 80 226
63 81 263
63 82 199
63 83 77
63 84 280
63 85 292
63 86 183
63 87 245
63 88 254
63 89 221
63 90 152
63 91 103
63 92 70
63 93 282
63 94 118
63 95 97
63 96 134
63 97 108
63 98 59
63 99 221
64 1 68
64 2 180
64 3 277
64 4 82
64 5 69
64 6 62
64 7 157
64 8 236
64 9 85
64 10 129
64 11 253
64 12 111
64 13 173
64 14 89
64 15 123
64 16 201
64 17 94
64 18 250
64 19 247
64 20 223
64 21 299
64 22 299
64 23 137
64 24 249
64 25 55
64 26 224
64 27 42
64 28 175
64 29 89
64 30 85
64 31 113
64 32 122
64 33 61
64 34 217
64 35 34
64 36 203
64 37 114
64 38 43
64 39 157
64 40 85
64 41 284
64 42 89
64 43 223
64 44 129
64 45 166
64 46 191
64 47 208
64 48 218
64 49 300
64 50 72
64 51 219
64 52 289
64 53 234
64 54 78
64 55 196
64 56 236
64 57 259
64 58 253
64 59 164
64 60 181
64 61 99
64 62 108
64 63 151
64 65 87
64 66 99
64 67 152
64 68 289
64 69 159
64 70 300
64 71 160
64 72 131
64 73 83
64 74 140
64 75 195
64 76 208
64 77 53
64 78 271
64 79 85
64 80 101
64 81 58
64 82 117
64 83 288
64 84 203
64 85 149
64 86 242
64 87 243
64 88 55
64 89 204
64 90 185
64 91 144
64 92 68
64 93 291
64 94 121
64 95 156
64 96 106
64 97 258
64 98 119
64 99 284
65 1 189
65 2 126
65 3 175
65 4 125
65 5 165
65 6 145
65 7 235
65 8 184
65 9 107
65 10 89
65 11 253
65 12 145
65 13 196
65 14 111
65 15 204
65 16 201
65 17 64
65 18 230
65 19 59
65 20 199
65 21 54
65 22 45
65 23 33
65 24 63
65 25 215
65 26 71
65 27 212
65 28 239
65 29 280
65 30 109
65 31 211
65 32 136
65 33 293
65 34 197
65 35 36
65 36 159
65 37 285
65 38 79
65 39 258
65 40 124
65 41 39
65 42 58
65 43 135
65 44 31
65 45 201
65 46 46
65 47 53
65 48 222
65 49 134
65 50 61
65 51 247
65 52 227
65 53 66
65 54 177
65 55 235
65 56 57
65 57 160
65 58 81
65 59 39
65 60 279
65 61 33
65 62 243
65 63 137
65 64 87
65 66 98
65 67 255
65 68 142
65 69 235
65 70 212
65 71 297
65 72 282
65 73 91
65 74 59
65 75 238
65 76 295
65 77 179
65 78 299
65 79 180
65 80 133
65 81 154
65 82 248
65 83 126
65 84 166
65 85 203
65 86 74
65 87 257
65 88 41
65 89 80
65 90 263
65 91 138
65 92 219
65 93 249
65 94 37
65 95 299
65 96 180
65 97 48
65 98 132
65 99 114
66 1 64
66 2 52
66 3 242
66 4 254
66 5 146
66 6 190
66 7 287
66 8 272
66 9 50
66 10 61
66 11 167
66 12 55
66 13 263
66 14 35
66 15 200
66 16 174
66 17 240
66 18 125
66 19 197
66 20 91
66 21 122
66 22 239
66 23 67
66 24 268
66 25 110
66 26 250
66 27 234
66 28 222
66 29 89
66 30 234
66 31 294
66 32 31
66 33 110
66 34 202
66 35 290
66 36 169
66 37 232
66 38 73
66 39 279
66 40 263
66 41 214
66 42 172
66 43 56
66 44 233
66 45 207
66 46 72
66 47 238
66 48 260
66 49 108
66 50 260
66 51 36
66 52 214
66 53 288
66 54 166
66 55 171
66 56 270
66 57 92
66 58 299
66 59 135
66 60 201
66 61 80
66 62 160
66 63 195
66 64 99
66 65 98
66 67 231
66 68 105
66 69 294
66 70 166
66 71 105
66 72 33
66 73 209
66 74 79
66 75 103
66 76 181
66 77 165
66 78 73
66 79 70
66 80 232
66 81 92
66 82 266
66 83 277
66 84 212
66 85 103
66 86 149
66 87 221
66 88 142
66 89 206
66 90 166
66 91 253
66 92 247
66 93 134
66 94 279
66 95 239
66 96 69
66 97 258
66 98 30
66 99 115
67 1 185
67 2 283
67 3 71
67 4 268
67 5 94
67 6 205
67 7 128
67 8 169
67 9 215
67 10 155
67 11 241
67 12 276
67 13 220
67 14 110
67 15 256
67 16 104
67 17 122
67 18 140
67 19 161
67 20 260
67 21 49
67 22 176
67 23 133
67 24 142
67 25 209
67 26 297
67 27 182
67 28 87
67 29 83
67 30 58
67 31 232
67 32 111
67 33 79
67 34 231
67 35 56
67 36 267
67 37 203
67 38 233
67 39 191
67 40 270
67 41 101
67 42 50
67 43 208
67 44 263
67 45 160
67 46 57
67 47 233
67 48 195
67 49 69
67 50 63
67 51 54
67 52 234
67 53 152
67 54 277
67 55 62
67 56 90
67 57 37
67 58 85
67 59 213
67 60 292
67 61 107
67 62 122
67 63 232
67 64 152
67 65 255
67 66 231
67 68 166
67 69 145
67 70 281
67 71 223
67 72 234
67 73 290
67 74 60
67 75 69
67 76 54
67 77 30
67 78 47
67 79 169
67 80 295
67 81 224
67 82 240
67 83 253
67 84 233
67 85 279
67 86 257
67 87 121
67 88 261
67 89 288
67 90 119
67 91 164
67 92 277
67 93 292
67 94 32
67 95 124
67 96 148
67 97 83
67 98 163
67 99 260
68 1 37
68 2 225
68 3 244
68 4 226
68 5 55
68 6 119
68 7 39
68 8 210
68 9 92
68 10 171
68 11 123
68 12 292
68 13 46
68 14 197
68 15 51
68 16 173
68 17 150
68 18 162
68 19 263
68 20 260
68 21 83
68 22 115
68 23 91
68 24 190
68 25 118
68 26 202
68 27 85
68 28 214
68 29 50
68 30 72
68 31 263
68 32 163
68 33 260
68 34 211
68 35 117
68 36 168
68 37 299
68 38 60
68 39 238
68 40 138
68 41 92
68 42 57
68 43 64
68 44 161
68 45 280
68 46 296
68 47 297
68 48 114
68 49 115
68 50 84
68 51 270
68 52 84
68 53 205
68 54 190
68 55 235
68 56 118
68 57 52
68 58 98
68 59 213
68 60 195
68 61 216
68 62 52
68 63 118
68 64 289
68 65 142
68 66 105
68 67 166
68 69 168
68 70 269
68 71 122
68 72 265
68 73 162
68 74 63
68 75 46
68 76 290
68 77 211
68 78 63
68 79 130
68 80 80
68 81 112
68 82 38
68 83 210
68 84 244
68 85 82
68 86 170
68 87 56
68 88 262
68 89 173
68 90 64
68 91 146
68 92 228
68 93 49
68 94 296
68 95 273
68 96 239
68 97 243
68 98 78
68 99 59
69 1 88
69 2 167
69 3 49
69 4 288
69 5 120
69 6 222
69 7 35
69 8 247
69 9 38
69 10 97
69 11 294
69 12 53
69 13 279
69 14 160
69 15 209
69 16 300
69 17 179
69 18 123
69 19 111
69 20 175
69 21 106
69 22 66
69 23 43
69 24 68
69 25 131
69 26 279
69 27 221
69 28 153
69 29 60
69 30 255
69 31 118
69 32 260
69 33 40
69 34 85
69 35 220
69 36 120
69 37 63
69 38 296
69 39 36
69 40 117
69 41 256
69 42 69
69 43 134
69 44 51
69 45 64
69 46 59
69 47 244
69 48 40
69 49 298
69 50 196
69 51 278
69 52 266
69 53 134
69 54 151
69 55 44
69 56 95
69 57 272
69 58 142
69 59 299
69 60 87
69 61 226
69 62 272
69 63 286
69 64 159
69 65 235
69 66 294
69 67 145
69 68 168
69 70 241
69 71 120
69 72 182
69 73 227
69 74 142
69 75 237
69 76 59
69 77 148
69 78 41
69 79 78
69 80 41
69 81 225
69 82 182
69 83 188
69 84 296
69 85 297
69 86 36
69 87 60
69 88 264
69 89 118
69 90 177
69 91 124
69 92 135
69 93 182
69 94 116
69 95 120
69 96 203
69 97 221
69 98 131
69 99 241
70 1 128
70 2 212
70 3 86
70 4 122
70 5 296
70 6 87
70 7 158
70 8 173
70 9 126
70 10 137
70 11 189
70 12 259
70 13 63
70 14 201
70 15 101
70 16 214
70 17 124
70 18 193
70 19 253
70 20 102
70 21 229
70 22 97
70 23 245
70 24 287
70 25 65
70 26 248
70 27 46
70 28 254
70 29 202
70 30 75
70 31 216
70 32 174
70 33 292
70 34 199
70 35 150
70 36 211
70 37 90
70 38 135
70 39 41
70 40 124
70 41 83
70 42 274
70 43 245
70 44 232
70 45 141
70 46 289
70 47 113
70 48 289
70 49 211
70 50 93
70 51 178
70 52 176
70 53 185
70 54 257
70 55 172
70 56 91
70 57 156
70 58 132
70 59 96
70 60 208
70 61 249
70 62 245
70 63 197
70 64 300
70 65 212
70 66 166
70 67 281
70 68 269
70 69 241
70 71 53
70 72 105
70 73 218
70 74 186
70 75 148
70 76 265
70 77 169
70 78 159
70 79 280
70 80 117
70 81 207
70 82 43
70 83 202
70 84 158
70 85 210
70 86 164
70 87 229
70 88 164
70 89 253
70 90 267
70 91 277
70 92 171
70 93 201
70 94 206
70 95 33
70 96 135
70 97 163
70 98 185
70 99 237
71 1 71
71 2 79
71 3 193
71 4 276
71 5 119
71 6 43
71 7 143
71 8 224
71 9 264
71 10 82
71 11 199
71 12 293
71 13 170
71 14 42
71 15 223
71 16 217
71 17 241
71 18 208
71 19 233
71 20 79
71 21 104
71 22 161
71 23 181
71 24 271
71 25 107
71 26 121
71 27 168
71 28 30
71 29 219
71 30 75
71 31 171
71 32 50
71 33 63
71 34 101
71 35 184
71 36 45
71 37 237
71 38 94
71 39 257
71 40 91
71 41 50
71 42 225
71 43 31
71 44 148
71 45 263
71 46 258
71 47 194
71 48 194
71 49 120
71 50 145
71 51 281
71 52 96
71 53 132
71 54 170
71 55 86
71 56 225
71 57 175
71 58 195
71 59 235
71 60 292
71 61 180
71 62 88
71 63 89
71 64 160
71 65 297
71 66 105
71 67 223
71 68 122
71 69 120
71 70 53
71 72 222
71 73 267
71 74 271
71 75 264
71 76 170
71 77 197
71 78 60
71 79 276
71 80 90
71 81 67
71 82 36
71 83 300
71 84 216
71 85 48
71 86 51
71 87 103
71 88 277
71 89 187
71 90 185
71 91 177
71 92 177
71 93 211
71 94 118
71 95 288
71 96 130
71 97 263
71 98 119
71 99 75
72 1 40
72 2 164
72 3 129
72 4 135
72 5 145
72 6 263
72 7 132
72 8 159
72 9 218
72 10 177
72 11 173
72 12 114
72 13 90
72 14 196
72 15 299
72 16 132
72 17 300
72 18 120
72 19 82
72 20 83
72 21 296
72 22 109
72 23 243
72 24 83
72 25 267
72 26 34
72 27 156
72 28 259
72 29 189
72 30 239
72 31 248
72 32 152
72 33 299
72 34 240
72 35 105
72 36 113
72 37 202
72 38 128
72 39 66
72 40 74
72 41 273
72 42 210
72 43 211
72 44 250
72 45 271
72 46 155
72 47 150
72 48 298
72 49 72
72 50 85
72 51 208
72 52 182
72 53 226
72 54 36
72 55 65
72 56 237
72 57 123
72 58 151
72 59 105
72 60 137
72 61 204
72 62 266
72 63 233
72 64 131
72 65 282
72 66 33
72 67 234
72 68 265
72 69 182
72 70 105
72 71 222
72 73 162
72 74 253
72 75 193
72 76 293
72 77 264
72 78 59
72 79 60
72 80 261
72 81 114
72 82 178
72 83 141
72 84 122
72 85 278
72 86 108
72 87 113
72 88 67
72 89 236
72 90 69
72 91 283
72 92 281
72 93 271
72 94 56
72 95 288
72 96 224
72 97 279
72 98 151
72 99 65
73 1 55
73 2 267
73 3 43
73 4 262
73 5 213
73 6 50
73 7 235
73 8 32
73 9 252
73 10 138
73 11 299
73 12 270
73 13 294
73 14 203
73 15 79
73 16 164
73 17 174
73 18 52
73 19 196
73 20 188
73 21 178
73 22 198
73 23 114
73 24 154
73 25 220
73 26 145
73 27 185
73 28 145
73 29 30
73 30 79
73 31 181
73 32 89
73 33 61
73 34 202
73 35 168
73 36 192
73 37 37
73 38 217
73 39 80
73 40 31
73 41 225
73 42 238
73 43 65
73 44 263
73 45 174
73 46 147
73 47 294
73 48 256
73 49 233
73 50 223
73 51 118
73 52 89
73 53 140
73 54 285
73 55 230
73 56 276
73 57 194
73 58 189
73 59 101
73 60 178
73 61 129
73 62 270
73 63 115
73 64 83
73 65 91
73 66 209
73 67 290
73 68 162
73 69 227
73 70 218
73 71 267
73 72 162
73 74 272
73 75 248
73 76 293
73 77 67
73 78 102
73 79 171
73 80 200
73 81 293
73 82 102
73 83 235
73 84 38
73 85 167
73 86 253
73 87 135
73 88 79
73 89 139
73 90 216
73 91 271
73 92 205
73 93 75
73 94 121
73 95 190
73 96 166
73 97 163
73 98 91
73 99 283
74 1 224
74 2 200
74 3 226
74 4 243
74 5 95
74 6 246
74 7 168
74 8 91
74 9 293
74 10 191
74 11 148
74 12 176
74 13 34
74 14 233
74 15 263
74 16 230
74 17 270
74 18 220
74 19 43
74 20 289
74 21 179
74 22 270
74 23 94
74 24 282
74 25 248
74 26 53
74 27 77
74 28 113
74 29 225
74 30 190
74 31 270
74 32 44
74 33 50
74 34 31
74 35 152
74 36 180
74 37 135
74 38 263
74 39 58
74 40 145
74 41 205
74 42 153
74 43 193
74 44 290
74 45 54
74 46 225
74 47 207
74 48 146
74 49 98
74 50 168
74 51 55
74 52 240
74 53 119
74 54 299
74 55 218
74 56 246
74 57 125
74 58 290
74 59 59
74 60 41
74 61 134
74 62 34
74 63 117
74 64 140
74 65 59
74 66 79
74 67 60
74 68 63
74 69 142
74 70 186
74 71 271
74 72 253
74 73 272
74 75 170
74 76 272
74 77 181
74 78 88
74 79 140
74 80 220
74 81 87
74 82 206
74 83 106
74 84 199
74 85 82
74 86 138
74 87 120
74 88 249
74 89 120
74 90 158
74 91 268
74 92 72
74 93 156
74 94 119
74 95 266
74 96 70
74 97 45
74 98 275
74 99 35
75 1 128
75 2 194
75 3 223
75 4 111
75 5 57
75 6 191
75 7 32
75 8 148
75 9 203
75 10 146
75 11 68
75 12 191
75 13 201
75 14 38
75 15 250
75 16 193
75 17 219
75 18 180
75 19 117
75 20 268
75 21 44
75 22 159
75 23 200
75 24 253
75 25 181
75 26 212
75 27 293
75 28 236
75 29 80
75 30 158
75 31 260
75 32 33
75 33 203
75 34 58
75 35 284
75 36 190
75 37 102
75 38 127
75 39 123
75 40 206
75 41 82
75 42 105
75 43 238
75 44 73
75 45 142
75 46 132
75 47 163
75 48 124
75 49 139
75 50 244
75 51 227
75 52 286
75 53 218
75 54 293
75 55 197
75 56 256
75 57 131
75 58 36
75 59 160
75 60 172
75 61 115
75 62 108
75 63 254
75 64 195
75 65 238
75 66 103
75 67 69
75 68 46
75 69 237
75 70 148
75 71 264
75 72 193
75 73 248
75 74 170
75 76 155
75 77 37
75 78 200
75 79 109
75 80 205
75 81 186
75 82 134
75 83 297
75 84 48
75 85 184
75 86 215
75 87 150
75 88 257
75 89 284
75 90 198
75 91 47
75 92 208
75 93 72
75 94 67
75 95 273
75 96 31
75 97 43
75 98 48
75 99 192
76 1 144
76 2 295
76 3 244
76 4 268
76 5 82
76 6 263
76 7 241
76 8 229
76 9 158
76 10 260
76 11 201
76 12 125
76 13 48
76 14 113
76 15 149
76 16 76
76 17 64
76 18 153
76 19 138
76 20 84
76 21 34
76 22 218
76 23 60
76 24 94
76 25 38
76 26 230
76 27 290
76 28 190
76 29 84
76 30 206
76 31 227
76 32 280
76 33 233
76 34 217
76 35 109
76 36 294
76 37 230
76 38 245
76 39 162
76 40 225
76 41 226
76 42 147
76 43 59
76 44 270
76 45 253
76 46 185
76 47 178
76 48 290
76 49 50
76 50 124
76 51 81
76 52 126
76 53 90
76 54 140
76 55 96
76 56 111
76 57 101
76 58 87
76 59 162
76 60 249
76 61 103
76 62 234
76 63 34
76 64 208
76 65 295
76 66 181
76 67 54
76 68 290
76 69 59
76 70 265
76 71 170
76 72 293
76 73 293
76 74 272
76 75 155
76 77 277
76 78 59
76 79 183
76 80 154
76 81 167
76 82 31
76 83 232
76 84 105
76 85 164
76 86 72
76 87 297
76 88 153
76 89 270
76 90 89
76 91 84
76 92 167
76 93 116
76 94 136
76 95 32
76 96 99
76 97 114
76 98 83
76 99 111
77 1 159
77 2 173
77 3 232
77 4 123
77 5 39
77 6 280
77 7 200
77 8 188
77 9 65
77 10 235
77 11 60
77 12 140
77 13 243
77 14 114
77 15 34
77 16 261
77 17 163
77 18 105
77 19 293
77 20 262
77 21 199
77 22 57
77 23 185
77 24 249
77 25 174
77 26 141
77 27 189
77 28 96
77 29 258
77 30 224
77 31 66
77 32 115
77 33 253
77 34 97
77 35 87
77 36 126
77 37 162
77 38 170
77 39 51
77 40 279
77 41 88
77 42 93
77 43 33
77 44 239
77 45 203
77 46 214
77 47 225
77 48 193
77 49 222
77 50 69
77 51 196
77 52 125
77 53 154
77 54 156
77 55 263
77 56 298
77 57 178
77 58 260
77 59 231
77 60 247
77 61 103
77 62 94
77 63 73
77 64 53
77 65 179
77 66 165
77 67 30
77 68 211
77 69 148
77 70 169
77 71 197
77 72 264
77 73 67
77 74 181
77 75 37
77 76 277
77 78 190
77 79 218
77 80 74
77 81 211
77 82 72
77 83 35
77 84 152
77 85 221
77 86 210
77 87 202
77 88 228
77 89 105
77 90 78
77 91 47
77 92 193
77 93 117
77 94 197
77 95 233
77 96 48
77 97 131
77 98 275
77 99 210
78 1 228
78 2 205
78 3 143
78 4 191
78 5 135
78 6 278
78 7 98
78 8 272
78 9 263
78 10 252
78 11 121
78 12 62
78 13 135
78 14 163
78 15 87
78 16 215
78 17 131
78 18 105
78 19 204
78 20 76
78 21 33
78 22 200
78 23 285
78 24 164
78 25 113
78 26 40
78 27 48
78 28 294
78 29 230
78 30 286
78 31 262
78 32 198
78 33 116
78 34 268
78 35 293
78 36 193
78 37 131
78 38 103
78 39 265
78 40 238
78 41 252
78 42 182
78 43 264
78 44 69
78 45 241
78 46 98
78 47 164
78 48 183
78 49 152
78 50 51
78 51 261
78 52 195
78 53 225
78 54 250
78 55 201
78 56 186
78 57 129
78 58 183
78 59 58
78 60 156
78 61 61
78 62 162
78 63 177
78 64 271
78 65 299
78 66 73
78 67 47
78 68 63
78 69 41
78 70 159
78 71 60
78 72 59
78 73 102
78 74 88
78 75 200
78 76 59
78 77 190
78 79 216
78 80 179
78 81 118
78 82 63
78 83 187
78 84 199
78 85 133
78 86 222
78 87 188
78 88 154
78 89 43
78 90 176
78 91 80
78 92 30
78 93 215
78 94 145
78 95 47
78 96 41
78 97 95
78 98 104
78 99 293
79 1 155
79 2 100
79 3 206
79 4 234
79 5 96
79 6 110
79 7 220
79 8 127
79 9 177
79 10 130
79 11 169
79 12 34
79 13 37
79 14 208
79 15 166
79 16 46
79 17 269
79 18 264
79 19 215
79 20 224
79 21 263
79 22 244
79 23 214
79 24 271
79 25 113
79 26 85
79 27 211
79 28 228
79 29 208
79 30 287
79 31 175
79 32 145
79 33 55
79 34 69
79 35 257
79 36 141
79 37 100
79 38 215
79 39 39
79 40 35
79 41 275
79 42 53
79 43 212
79 44 262
79 45 109
79 46 53
79 47 298
79 48 38
79 49 156
79 50 94
79 51 44
79 52 277
79 53 129
79 54 195
79 55 123
79 56 287
79 57 242
79 58 202
79 59 161
79 60 200
79 61 46
79 62 152
79 63 78
79 64 85
79 65 180
79 66 70
79 67 169
79 68 130
79 69 78
79 70 280
79 71 276
79 72 60
79 73 171
79 74 140
79 75 109
79 76 183
79 77 218
79 78 216
79 80 276
79 81 218
79 82 239
79 83 141
79 84 123
79 85 195
79 86 56
79 87 214
79 88 50
79 89 114
79 90 154
79 91 179
79 92 187
79 93 239
79 94 246
79 95 238
79 96 83
79 97 202
79 98 174
79 99 220
80 1 269
80 2 53
80 3 270
80 4 116
80 5 113
80 6 154
80 7 270
80 8 212
80 9 142
80 10 141
80 11 52
80 12 199
80 13 293
80 14 49
80 15 53
80 16 268
80 17 146
80 18 36
80 19 230
80 20 252
80 21 78
80 22 98
80 23 54
80 24 284
80 25 107
80 26 85
80 27 205
80 28 207
80 29 115
80 30 284
80 31 297
80 32 180
80 33 171
80 34 124
80 35 283
80 36 90
80 37 232
80 38 189
80 39 208
80 40 98
80 41 156
80 42 143
80 43 254
80 44 299
80 45 231
80 46 233
80 47 53
80 48 145
80 49 262
80 50 280
80 51 75
80 52 152
80 53 272
80 54 291
80 55 276
80 56 269
80 57 230
80 58 50
80 59 74
80 60 31
80 61 248
80 62 278
80 63 226
80 64 101
80 65 133
80 66 232
80 67 295
80 68 80
80 69 41
80 70 117
80 71 90
80 72 261
80 73 200
80 74 220
80 75 205
80 76 154
80 77 74
80 78 179
80 79 276
80 81 50
80 82 210
80 83 146
80 84 213
80 85 161
80 86 213
80 87 297
80 88 214
80 89 141
80 90 84
80 91 48
80 92 74
80 93 277
80 94 74
80 95 244
80 96 81
80 97 197
80 98 111
80 99 225
81 1 177
81 2 189
81 3 205
81 4 72
81 5 141
81 6 66
81 7 153
81 8 300
81 9 172
81 10 44
81 11 174
81 12 79
81 13 112
81 14 267
81 15 149
81 16 144
81 17 239
81 18 170
81 19 239
81 20 85
81 21 128
81 22 94
81 23 257
81 24 62
81 25 203
81 26 214
81 27 256
81 28 297
81 29 299
81 30 61
81 31 231
81 32 291
81 33 207
81 34 219
81 35 289
81 36 141
81 37 69
81 38 73
81 39 45
81 40 233
81 41 39
81 42 94
81 43 63
81 44 98
81 45 48
81 46 78
81 47 159
81 48 293
81 49 170
81 50 132
81 51 150
81 52 35
81 53 173
81 54 36
81 55 247
81 56 106
81 57 151
81 58 274
81 59 239
81 60 113
81 61 194
81 62 138
81 63 263
81 64 58
81 65 154
81 66 92
81 67 224
81 68 112
81 69 225
81 70 207
81 71 67
81 72 114
81 73 293
81 74 87
81 75 186
81 76 167
81 77 211
81 78 118
81 79 218
81 80 50
81 82 62
81 83 129
81 84 257
81 85 115
81 86 257
81 87 43
81 88 244
81 89 218
81 90 51
81 91 159
81 92 68
81 93 138
81 94 172
81 95 135
81 96 50
81 97 89
81 98 124
81 99 66
82 1 277
82 2 124
82 3 64
82 4 70
82 5 224
82 6 270
82 7 135
82 8 201
82 9 84
82 10 50
82 11 282
82 12 199
82 13 175
82 14 190
82 15 282
82 16 152
82 17 271
82 18 48
82 19 47
82 20 246
82 21 159
82 22 186
82 23 166
82 24 224
82 25 287
82 26 209
82 27 298
82 28 92
82 29 83
82 30 247
82 31 294
82 32 106
82 33 40
82 34 104
82 35 141
82 36 96
82 37 81
82 38 239
82 39 236
82 40 54
82 41 173
82 42 162
82 43 50
82 44 103
82 45 149
82 46 214
82 47 254
82 48 240
82 49 290
82 50 237
82 51 57
82 52 209
82 53 189
82 54 183
82 55 86
82 56 168
82 57 281
82 58 69
82 59 109
82 60 97
82 61 106
82 62 87
82 63 199
82 64 117
82 65 248
82 66 266
82 67 240
82 68 38
82 69 182
82 70 43
82 71 36
82 72 178
82 73 102
82 74 206
82 75 134
82 76 31
82 77 72
82 78 63
82 79 239
82 80 210
82 81 62
82 83 133
82 84 154
82 85 287
82 86 269
82 87 212
82 88 95
82 89 251
82 90 198
82 91 97
82 92 227
82 93 212
82 94 245
82 95 121
82 96 216
82 97 145
82 98 103
82 99 286
83 1 282
83 2 119
83 3 155
83 4 277
83 5 170
83 6 136
83 7 171
83 8 57
83 9 159
83 10 204
83 11 202
83 12 105
83 13 289
83 14 76
83 15 287
83 16 261
83 17 179
83 18 65
83 19 141
83 20 277
83 21 111
83 22 257
83 23 146
83 24 70
83 25 206
83 26 60
83 27 30
83 28 162
83 29 146
83 30 142
83 31 209
83 32 88
83 33 84
83 34 176
83 35 109
83 36 256
83 37 79
83 38 244
83 39 297
83 40 32
83 41 239
83 42 233
83 43 212
83 44 271
83 45 52
83 46 274
83 47 130
83 48 141
83 49 156
83 50 79
83 51 58
83 52 90
83 53 214
83 54 169
83 55 206
83 56 230
83 57 44
83 58 300
83 59 32
83 60 77
83 61 74
83 62 32
83 63 77
83 64 288
83 65 126
83 66 277
83 67 253
83 68 210
83 69 188
83 70 202
83 71 300
83 72 141
83 73 235
83 74 106
83 75 297
83 76 232
83 77 35
83 78 187
83 79 141
83 80 146
83 81 129
83 82 133
83 84 142
83 85 237
83 86 232
83 87 105
83 88 269
83 89 124
83 90 60
83 91 167
83 92 177
83 93 177
83 94 42
83 95 87
83 96 251
83 97 50
83 98 188
83 99 88
84 1 102
84 2 268
84 3 204
84 4 113
84 5 94
84 6 44
84 7 289
84 8 71
84 9 204
84 10 298
84 11 269
84 12 299
84 13 126
84 14 190
84 15 191
84 16 246
84 17 193
84 18 158
84 19 121
84 20 54
84 21 72
84 22 151
84 23 126
84 24 256
84 25 104
84 26 35
84 27 135
84 28 296
84 29 239
84 30 258
84 31 275
84 32 108
84 33 259
84 34 280
84 35 76
84 36 199
84 37 83
84 38 296
84 39 50
84 40 175
84 41 213
84 42 159
84 43 181
84 44 289
84 45 46
84 46 56
84 47 186
84 48 296
84 49 123
84 50 169
84 51 120
84 52 155
84 53 44
84 54 233
84 55 199
84 56 257
84 57 139
84 58 251
84 59 294
84 60 241
84 61 149
84 62 129
84 63 280
84 64 203
84 65 166
84 66 212
84 67 233
84 68 244
84 69 296
84 70 158
84 71 216
84 72 122
84 73 38
84 74 199
84 75 48
84 76 105
84 77 152
84 78 199
84 79 123
84 80 213
84 81 257
84 82 154
84 83 142
84 85 282
84 86 277
84 87 234
84 88 107
84 89 153
84 90 223
84 91 120
84 92 175
84 93 162
84 94 186
84 95 104
84 96 107
84 97 291
84 98 275
84 99 211
85 1 80
85 2 112
85 3 251
85 4 37
85 5 108
85 6 292
85 7 239
85 8 34
85 9 82
85 10 182
85 11 277
85 12 117
85 13 115
85 14 130
85 15 79
85 16 174
85 17 154
85 18 85
85 19 119
85 20 138
85 21 149
85 22 85
85 23 126
85 24 225
85 25 63
85 26 242
85 27 40
85 28 180
85 29 103
85 30 136
85 31 269
85 32 60
85 33 160
85 34 232
85 35 35
85 36 289
85 37 300
85 38 61
85 39 237
85 40 136
85 41 98
85 42 170
85 43 113
85 44 256
85 45 193
85 46 123
85 47 236
85 48 276
85 49 133
85 50 127
85 51 210
85 52 87
85 53 220
85 54 146
85 55 243
85 56 179
85 57 276
85 58 300
85 59 124
85 60 207
85 61 297
85 62 106
85 63 292
85 64 149
85 65 203
85 66 103
85 67 279
85 68 82
85 69 297
85 70 210
85 71 48
85 72 278
85 73 167
85 74 82
85 75 184
85 76 164
85 77 221
85 78 133
85 79 195
85 80 161
85 81 115
85 82 287
85 83 237
85 84 282
85 86 94
85 87 78
85 88 131
85 89 199
85 90 123
85 91 162
85 92 155
85 93 67
85 94 68
85 95 171
85 96 138
85 97 57
85 98 96
85 99 214
86 1 252
86 2 170
86 3 211
86 4 244
86 5 133
86 6 118
86 7 160
86 8 241
86 9 86
86 10 270
86 11 248
86 12 236
86 13 187
86 14 179
86 15 113
86 16 173
86 17 58
86 18 62
86 19 91
86 20 81
86 21 257
86 22 192
86 23 227
86 24 82
86 25 139
86 26 58
86 27 82
86 28 198
86 29 290
86 30 86
86 31 62
86 32 265
86 33 258
86 34 42
86 35 100
86 36 246
86 37 120
86 38 55
86 39 157
86 40 277
86 41 199
86 42 276
86 43 237
86 44 40
86 45 211
86 46 46
86 47 112
86 48 256
86 49 219
86 50 234
86 51 172
86 52 279
86 53 187
86 54 136
86 55 51
86 56 203
86 57 66
86 58 126
86 59 51
86 60 179
86 61 263
86 62 115
86 63 183
86 64 242
86 65 74
86 66 149
86 67 257
86 68 170
86 69 36
86 70 164
86 71 51
86 72 108
86 73 253
86 74 138
86 75 215
86 76 72
86 77 210
86 78 222
86 79 56
86 80 213
86 81 257
86 82 269
86 83 232
86 84 277
86 85 94
86 87 59
86 88 264
86 89 233
86 90 31
86 91 207
86 92 148
86 93 146
86 94 150
86 95 251
86 96 65
86 97 77
86 98 281
86 99 186
87 1 224
87 2 212
87 3 32
87 4 110
87 5 53
87 6 61
87 7 84
87 8 147
87 9 217
87 10 80
87 11 221
87 12 213
87 13 57
87 14 288
87 15 65
87 16 65
87 17 129
87 18 74
87 19 270
87 20 104
87 21 218
87 22 64
87 23 198
87 24 208
87 25 65
87 26 205
87 27 91
87 28 250
87 29 261
87 30 240
87 31 208
87 32 270
87 33 198
87 34 253
87 35 45
87 36 38
87 37 129
87 38 144
87 39 292
87 40 155
87 41 174
87 42 246
87 43 116
87 44 70
87 45 151
87 46 195
87 47 98
87 48 172
87 49 237
87 50 203
87 51 138
87 52 165
87 53 102
87 54 224
87 55 240
87 56 201
87 57 213
87 58 128
87 59 233
87 60 145
87 61 86
87 62 118
87 63 245
87 64 243
87 65 257
87 66 221
87 67 121
87 68 56
87 69 60
87 70 229
87 71 103
87 72 113
87 73 135
87 74 120
87 75 150
87 76 297
87 77 202
87 78 188
87 79 214
87 80 297
87 81 43
87 82 212
87 83 105
87 84 234
87 85 78
87 86 59
87 88 34
87 89 272
87 90 46
87 91 190
87 92 264
87 93 288
87 94 165
87 95 273
87 96 100
87 97 102
87 98 145
87 99 162
88 1 246
88 2 278
88 3 233
88 4 93
88 5 239
88 6 91
88 7 208
88 8 115
88 9 123
88 10 255
88 11 219
88 12 281
88 13 70
88 14 296
88 15 88
88 16 288
88 17 36
88 18 209
88 19 59
88 20 83
88 21 75
88 22 206
88 23 143
88 24 163
88 25 155
88 26 234
88 27 33
88 28 48
88 29 52
88 30 125
88 31 92
88 32 239
88 33 33
88 34 201
88 35 274
88 36 52
88 37 262
88 38 137
88 39 73
88 40 297
88 41 267
88 42 210
88 43 285
88 44 292
88 45 145
88 46 140
88 47 281
88 48 155
88 49 179
88 50 299
88 51 296
88 52 233
88 53 44
88 54 48
88 55 279
88 56 128
88 57 256
88 58 223
88 59 81
88 60 63
88 61 66
88 62 292
88 63 254
88 64 55
88 65 41
88 66 142
88 67 261
88 68 262
88 69 264
88 70 164
88 71 277
88 72 67
88 73 79
88 74 249
88 75 257
88 76 153
88 77 228
88 78 154
88 79 50
88 80 214
88 81 244
88 82 95
88 83 269
88 84 107
88 85 131
88 86 264
88 87 34
88 89 267
88 90 255
88 91 49
88 92 94
88 93 247
88 94 140
88 95 208
88 96 85
88 97 286
88 98 131
88 99 54
89 1 259
89 2 147
89 3 69
89 4 130
89 5 31
89 6 207
89 7 96
89 8 266
89 9 77
89 10 276
89 11 236
89 12 294
89 13 50
89 14 84
89 15 244
89 16 205
89 17 232
89 18 291
89 19 98
89 20 44
89 21 254
89 22 124
89 23 58
89 24 94
89 25 197
89 26 218
89 27 253
89 28 102
89 29 59
89 30 225
89 31 165
89 32 63
89 33 38
89 34 94
89 35 177
89 36 154
89 37 32
89 38 218
89 39 114
89 40 65
89 41 78
89 42 203
89 43 216
89 44 179
89 45 199
89 46 264
89 47 126
89 48 142
89 49 170
89 50 48
89 51 133
89 52 195
89 53 260
89 54 236
89 55 115
89 56 226
89 57 101
89 58 79
89 59 172
89 60 81
89 61 110
89 62 248
89 63 221
89 64 204
89 65 80
89 66 206
89 67 288
89 68 173
89 69 118
89 70 253
89 71 187
89 72 236
89 73 139
89 74 120
89 75 284
89 76 270
89 77 105
89 78 43
89 79 114
89 80 141
89 81 218
89 82 251
89 83 124
89 84 153
89 85 199
89 86 233
89 87 272
89 88 267
89 90 41
89 91 236
89 92 152
89 93 213
89 94 49
89 95 142
89 96 82
89 97 117
89 98 159
89 99 58
90 1 61
90 2 61
90 3 74
90 4 82
90 5 156
90 6 222
90 7 187
90 8 233
90 9 37
90 10 103
90 11 117
90 12 73
90 13 77
90 14 109
90 15 250
90 16 110
90 17 48
90 18 149
90 19 286
90 20 284
90 21 84
90 22 263
90 23 56
90 24 69
90 25 41
90 26 31
90 27 213
90 28 108
90 29 76
90 30 283
90 31 255
90 32 122
90 33 77
90 34 137
90 35 259
90 36 49
90 37 204
90 38 271
90 39 91
90 40 215
90 41 241
90 42 273
90 43 255
90 44 91
90 45 153
90 46 32
90 47 262
90 48 104
90 49 277
90 50 189
90 51 154
90 52 156
90 53 185
90 54 105
90 55 125
90 56 144
90 57 216
90 58 137
90 59 66
90 60 38
90 61 58
90 62 224
90 63 152
90 64 185
90 65 263
90 66 166
90 67 119
90 68 64
90 69 177
90 70 267
90 71 185
90 72 69
90 73 216
90 74 158
90 75 198
90 76 89
90 77 78
90 78 176
90 79 154
90 80 84
90 81 51
90 82 198
90 83 60
90 84 223
90 85 123
90 86 31
90 87 46
90 88 255
90 89 41
90 91 271
90 92 62
90 93 140
90 94 120
90 95 221
90 96 105
90 97 31
90 98 278
90 99 243
91 1 69
91 2 97
91 3 264
91 4 105
91 5 235
91 6 100
91 7 168
91 8 112
91 9 143
91 10 44
91 11 227
91 12 203
91 13 272
91 14 280
91 15 116
91 16 288
91 17 256
91 18 58
91 19 149
91 20 256
91 21 45
91 22 62
91 23 36
91 24 264
91 25 219
91 26 108
91 27 144
91 28 174
91 29 198
91 30 174
91 31 200
91 32 238
91 33 45
91 34 191
91 35 294
91 36 103
91 37 276
91 38 57
91 39 117
91 40 102
91 41 267
91 42 145
91 43 53
91 44 125
91 45 111
91 46 49
91 47 110
91 48 246
91 49 213
91 50 226
91 51 191
91 52 101
91 53 113
91 54 237
91 55 227
91 56 114
91 57 248
91 58 147
91 59 68
91 60 144
91 61 170
91 62 295
91 63 103
91 64 144
91 65 138
91 66 253
91 67 164
91 68 146
91 69 124
91 70 277
91 71 177
91 72 283
91 73 271
91 74 268
91 75 47
91 76 84
91 77 47
91 78 80
91 79 179
91 80 48
91 81 159
91 82 97
91 83 167
91 84 120
91 85 162
91 86 207
91 87 190
91 88 49
91 89 236
91 90 271
91 92 217
91 93 171
91 94 255
91 95 32
91 96 173
91 97 283
91 98 51
91 99 117
92 1 44
92 2 64
92 3 213
92 4 225
92 5 74
92 6 236
92 7 88
92 8 204
92 9 250
92 10 75
92 11 288
92 12 30
92 13 227
92 14 146
92 15 133
92 16 110
92 17 93
92 18 245
92 19 180
92 20 35
92 21 114
92 22 199
92 23 50
92 24 123
92 25 280
92 26 264
92 27 232
92 28 278
92 29 74
92 30 39
92 31 267
92 32 220
92 33 165
92 34 246
92 35 188
92 36 200
92 37 133
92 38 241
92 39 268
92 40 280
92 41 195
92 42 105
92 43 60
92 44 145
92 45 210
92 46 73
92 47 202
92 48 166
92 49 258
92 50 154
92 51 284
92 52 61
92 53 64
92 54 36
92 55 183
92 56 202
92 57 71
92 58 197
92 59 243
92 60 38
92 61 156
92 62 268
92 63 70
92 64 68
92 65 219
92 66 247
92 67 277
92 68 228
92 69 135
92 70 171
92 71 177
92 72 281
92 73 205
92 74 72
92 75 208
92 76 167
92 77 193
92 78 30
92 79 187
92 80 74
92 81 68
92 82 227
92 83 177
92 84 175
92 85 155
92 86 148
92 87 264
92 88 94
92 89 152
92 90 62
92 91 217
92 93 122
92 94 246
92 95 48
92 96 121
92 97 258
92 98 221
92 99 256
93 1 143
93 2 60
93 3 99
93 4 137
93 5 30
93 6 174
93 7 163
93 8 210
93 9 203
93 10 105
93 11 255
93 12 93
93 13 231
93 14 62
93 15 98
93 16 198
93 17 117
93 18 203
93 19 282
93 20 127
93 21 139
93 22 130
93 23 82
93 24 163
93 25 141
93 26 180
93 27 285
93 28 94
93 29 208
93 30 80
93 31 239
93 32 73
93 33 68
93 34 258
93 35 296
93 36 58
93 37 210
93 38 129
93 39 141
93 40 182
93 41 49
93 42 223
93 43 212
93 44 275
93 45 57
93 46 117
93 47 73
93 48 108
93 49 148
93 50 174
93 51 138
93 52 203
93 53 173
93 54 160
93 55 115
93 56 251
93 57 202
93 58 172
93 59 154
93 60 60
93 61 270
93 62 234
93 63 282
93 64 291
93 65 249
93 66 134
93 67 292
93 68 49
93 69 182
93 70 201
93 71 211
93 72 271
93 73 75
93 74 156
93 75 72
93 76 116
93 77 117
93 78 215
93 79 239
93 80 277
93 81 138
93 82 212
93 83 177
93 84 162
93 85 67
93 86 146
93 87 288
93 88 247
93 89 213
93 90 140
93 91 171
93 92 122
93 94 207
93 95 226
93 96 116
93 97 292
93 98 111
93 99 137
94 1 115
94 2 151
94 3 96
94 4 105
94 5 201
94 6 217
94 7 244
94 8 165
94 9 159
94 10 183
94 11 295
94 12 147
94 13 49
94 14 72
94 15 194
94 16 167
94 17 164
94 18 209
94 19 293
94 20 182
94 21 139
94 22 208
94 23 111
94 24 93
94 25 237
94 26 283
94 27 171
94 28 271
94 29 113
94 30 33
94 31 149
94 32 271
94 33 285
94 34 30
94 35 215
94 36 72
94 37 120
94 38 60
94 39 158
94 40 179
94 41 180
94 42 230
94 43 32
94 44 112
94 45 125
94 46 93
94 47 216
94 48 87
94 49 135
94 50 100
94 51 67
94 52 186
94 53 34
94 54 129
94 55 270
94 56 265
94 57 41
94 58 280
94 59 271
94 60 102
94 61 158
94 62 162
94 63 118
94 64 121
94 65 37
94 66 279
94 67 32
94 68 296
94 69 116
94 70 206
94 71 118
94 72 56
94 73 121
94 74 119
94 75 67
94 76 136
94 77 197
94 78 145
94 79 246
94 80 74
94 81 172
94 82 245
94 83 42
94 84 186
94 85 68
94 86 150
94 87 165
94 88 140
94 89 49
94 90 120
94 91 255
94 92 246
94 93 207
94 95 36
94 96 165
94 97 134
94 98 143
94 99 154
95 1 44
95 2 67
95 3 280
95 4 244
95 5 45
95 6 165
95 7 123
95 8 109
95 9 217
95 10 122
95 11 252
95 12 300
95 13 121
95 14 254
95 15 195
95 16 289
95 17 207
95 18 138
95 19 182
95 20 193
95 21 293
95 22 263
95 23 118
95 24 184
95 25 270
95 26 217
95 27 149
95 28 36
95 29 228
95 30 74
95 31 250
95 32 229
95 33 264
95 34 186
95 35 262
95 36 231
95 37 290
95 38 41
95 39 46
95 40 206
95 41 121
95 42 265
95 43 215
95 44 201
95 45 68
95 46 91
95 47 65
95 48 77
95 49 185
95 50 229
95 51 245
95 52 279
95 53 279
95 54 159
95 55 91
95 56 218
95 57 73
95 58 157
95 59 121
95 60 114
95 61 184
95 62 63
95 63 97
95 64 156
95 65 299
95 66 239
95 67 124
95 68 273
95 69 120
95 70 33
95 71 288
95 72 288
95 73 190
95 74 266
95 75 273
95 76 32
95 77 233
95 78 47
95 79 238
95 80 244
95 81 135
95 82 121
95 83 87
95 84 104
95 85 171
95 86 251
95 87 273
95 88 208
95 89 142
95 90 221
95 91 32
95 92 48
95 93 226
95 94 36
95 96 108
95 97 214
95 98 135
95 99 298
96 1 53
96 2 158
96 3 158
96 4 220
96 5 114
96 6 158
96 7 112
96 8 298
96 9 228
96 10 187
96 11 287
96 12 81
96 13 271
96 14 39
96 15 30
96 16 121
96 17 110
96 18 265
96 19 111
96 20 275
96 21 186
96 22 171
96 23 268
96 24 136
96 25 288
96 26 238
96 27 148
96 28 200
96 29 89
96 30 41
96 31 287
96 32 102
96 33 97
96 34 158
96 35 283
96 36 167
96 37 266
96 38 108
96 39 34
96 40 257
96 41 104
96 42 158
96 43 73
96 44 110
96 45 170
96 46 274
96 47 295
96 48 182
96 49 205
96 50 87
96 51 289
96 52 156
96 53 77
96 54 287
96 55 288
96 56 179
96 57 40
96 58 289
96 59 167
96 60 105
96 61 132
96 62 109
96 63 134
96 64 106
96 65 180
96 66 69
96 67 148
96 68 239
96 69 203
96 70 135
96 71 130
96 72 224
96 73 166
96 74 70
96 75 31
96 76 99
96 77 48
96 78 41
96 79 83
96 80 81
96 81 50
96 82 216
96 83 251
96 84 107
96 85 138
96 86 65
96 87 100
96 88 85
96 89 82
96 90 105
96 91 173
96 92 121
96 93 116
96 94 165
96 95 108
96 97 269
96 98 98
96 99 126
97 1 286
97 2 88
97 3 104
97 4 258
97 5 189
97 6 53
97 7 268
97 8 267
97 9 149
97 10 60
97 11 73
97 12 237
97 13 70
97 14 133
97 15 289
97 16 159
97 17 109
97 18 83
97 19 298
97 20 63
97 21 72
97 22 107
97 23 281
97 24 154
97 25 173
97 26 172
97 27 187
97 28 88
97 29 178
97 30 60
97 31 248
97 32 129
97 33 88
97 34 202
97 35 53
97 36 64
97 37 166
97 38 236
97 39 98
97 40 68
97 41 267
97 42 221
97 43 246
97 44 275
97 45 240
97 46 197
97 47 126
97 48 34
97 49 193
97 50 37
97 51 92
97 52 61
97 53 180
97 54 256
97 55 130
97 56 280
97 57 176
97 58 196
97 59 88
97 60 115
97 61 227
97 62 149
97 63 108
97 64 258
97 65 48
97 66 258
97 67 83
97 68 243
97 69 221
97 70 163
97 71 263
97 72 279
97 73 163
97 74 45
97 75 43
97 76 114
97 77 131
97 78 95
97 79 202
97 80 197
97 81 89
97 82 145
97 83 50
97 84 291
97 85 57
97 86 77
97 87 102
97 88 286
97 89 117
97 90 31
97 91 283
97 92 258
97 93 292
97 94 134
97 95 214
97 96 269
97 98 86
97 99 294
98 1 185
98 2 113
98 3 255
98 4 87
98 5 194
98 6 175
98 7 223
98 8 224
98 9 265
98 10 155
98 11 116
98 12 190
98 13 60
98 14 147
98 15 194
98 16 242
98 17 270
98 18 74
98 19 188
98 20 265
98 21 60
98 22 100
98 23 146
98 24 133
98 25 110
98 26 202
98 27 248
98 28 165
98 29 77
98 30 123
98 31 187
98 32 55
98 33 161
98 34 270
98 35 86
98 36 261
98 37 275
98 38 93
98 39 177
98 40 155
98 41 122
98 42 57
98 43 33
98 44 109
98 45 75
98 46 131
98 47 106
98 48 47
98 49 91
98 50 62
98 51 194
98 52 123
98 53 50
98 54 67
98 55 111
98 56 254
98 57 137
98 58 55
98 59 265
98 60 121
98 61 179
98 62 236
98 63 59
98 64 119
98 65 132
98 66 30
98 67 163
98 68 78
98 69 131
98 70 185
98 71 119
98 72 151
98 73 91
98 74 275
98 75 48
98 76 83
98 77 275
98 78 104
98 79 174
98 80 111
98 81 124
98 82 103
98 83 188
98 84 275
98 85 96
98 86 281
98 87 145
98 88 131
98 89 159
98 90 278
98 91 51
98 92 221
98 93 111
98 94 143
98 95 135
98 96 98
98 97 86
98 99 107
1 t 87
2 t 89
3 t 131
4 t 236
5 t 73
6 t 281
7 t 220
8 t 252
9 t 190
10 t 291
11 t 298
12 t 109
13 t 287
14 t 31
15 t 151
16 t 36
17 t 145
18 t 185
19 t 179
20 t 296
21 t 164
22 t 127
23 t 297
24 t 75
25 t 84
26 t 158
27 t 267
28 t 257
29 t 55
30 t 200
31 t 82
32 t 77
33 t 283
34 t 32
35 t 48
36 t 272
37 t 219
38 t 111
39 t 129
40 t 255
41 t 227
42 t 87
43 t 143
44 t 202
45 t 236
46 t 234
47 t 103
48 t 182
49 t 109
50 t 282
51 t 239
52 t 233
53 t 227
54 t 158
55 t 176
56 t 128
57 t 286
58 t 184
59 t 288
60 t 285
61 t 289
62 t 160
63 t 221
64 t 284
65 t 114
66 t 115
67 t 260
68 t 59
69 t 241
70 t 237
71 t 75
72 t 65
73 t 283
74 t 35
75 t 192
76 t 111
77 t 210
78 t 293
79 t 220
80 t 225
81 t 66
82 t 286
83 t 88
84 t 211
85 t 214
86 t 186
87 t 162
88 t 54
89 t 58
90 t 243
91 t 117
92 t 256
93 t 137
94 t 154
95 t 298
96 t 126
97 t 294
98 t 107
