s 2 269
s 3 247
s 5 129
s 6 184
s 9 232
s 10 73
s 16 129
s 17 253
s 22 166
s 28 65
s 32 80
s 40 129
s 45 286
s 46 284
s 48 237
s 53 55
s 54 279
s 56 232
s 58 222
s 63 115
s 66 252
s 69 78
s 70 227
s 71 116
s 72 140
s 74 283
s 76 78
s 79 133
s 81 65
s 82 267
s 85 42
s 86 106
s 89 296
s 90 121
s 98 188
s 99 266
1 2 159
1 3 90
1 8 98
1 10 73
1 15 277
1 16 54
1 17 127
1 18 167
1 20 230
1 21 31
1 22 150
1 28 234
1 33 121
1 37 144
1 39 109
1 45 204
1 47 229
1 48 83
1 51 119
1 54 89
1 56 124
1 58 198
1 61 232
1 64 200
1 66 58
1 67 148
1 69 44
1 70 215
1 73 148
1 75 177
1 85 224
1 87 197
1 88 43
1 97 292
2 1 159
2 3 152
2 5 37
2 7 218
2 8 260
2 9 47
2 10 299
2 11 36
2 12 258
2 14 216
2 17 128
2 23 217
2 24 278
2 26 73
2 27 244
2 28 205
2 32 251
2 34 257
2 36 122
2 38 172
2 40 246
2 41 112
2 42 274
2 43 214
2 46 293
2 47 184
2 49 98
2 51 257
2 58 141
2 61 296
2 62 119
2 64 170
2 65 165
2 66 169
2 67 59
2 69 291
2 70 30
2 71 179
2 73 287
2 74 189
2 75 290
2 76 170
2 77 123
2 78 191
2 79 254
2 85 171
2 88 34
2 90 280
2 94 261
2 96 146
2 98 246
2 99 285
3 1 90
3 2 152
3 7 50
3 12 120
3 13 71
3 16 119
3 24 279
3 28 243
3 30 231
3 32 143
3 34 182
3 36 242
3 43 207
3 45 75
3 53 30
3 58 162
3 59 171
3 62 167
3 63 207
3 65 159
3 66 164
3 68 139
3 69 137
3 72 67
3 74 159
3 77 182
3 78 130
3 79 162
3 81 120
3 82 40
3 83 44
3 85 211
3 89 282
3 93 291
3 95 229
3 97 183
3 99 274
4 12 280
4 15 279
4 21 157
4 24 131
4 25 186
4 26 123
4 30 292
4 31 114
4 44 249
4 45 123
4 46 205
4 49 244
4 51 137
4 56 156
4 58 201
4 59 42
4 62 276
4 69 87
4 71 165
4 73 138
4 77 132
4 79 212
4 81 175
4 83 203
4 85 79
4 87 43
4 88 168
4 91 108
4 92 285
4 93 218
4 96 119
4 97 127
5 2 37
5 7 224
5 8 181
5 11 288
5 12 221
5 13 78
5 14 265
5 15 78
5 17 98
5 18 136
5 21 194
5 23 142
5 25 192
5 26 290
5 28 58
5 29 133
5 31 204
5 33 58
5 34 164
5 36 35
5 38 185
5 43 56
5 44 84
5 45 88
5 46 105
5 49 218
5 52 148
5 53 260
5 54 295
5 56 167
5 59 181
5 60 235
5 63 164
5 64 107
5 65 69
5 66 150
5 67 267
5 68 273
5 69 140
5 71 293
5 72 53
5 73 101
5 76 208
5 78 116
5 79 205
5 82 72
5 83 194
5 86 263
5 90 111
5 95 116
5 96 91
5 98 92
5 99 232
6 8 143
6 12 71
6 14 288
6 16 268
6 19 214
6 21 257
6 22 57
6 27 160
6 28 219
6 32 221
6 40 267
6 43 264
6 44 36
6 45 156
6 47 54
6 48 236
6 52 233
6 53 280
6 57 117
6 59 152
6 60 245
6 61 228
6 64 146
6 67 53
6 69 117
6 70 299
6 72 248
6 73 204
6 74 102
6 77 157
6 78 112
6 79 249
6 80 230
6 85 213
6 87 89
6 88 95
6 89 285
6 90 202
6 91 255
6 98 208
7 2 218
7 3 50
7 5 224
7 8 75
7 11 218
7 12 115
7 13 277
7 14 41
7 15 44
7 17 270
7 19 160
7 29 245
7 31 229
7 33 82
7 34 132
7 36 100
7 37 148
7 39 286
7 41 39
7 45 294
7 48 156
7 49 41
7 55 207
7 58 140
7 63 101
7 65 202
7 66 157
7 68 221
7 71 193
7 77 225
7 81 214
7 85 204
7 87 178
7 90 188
7 91 53
7 94 202
7 97 183
8 1 98
8 2 260
8 5 181
8 6 143
8 7 75
8 10 62
8 12 198
8 14 141
8 16 44
8 19 138
8 20 115
8 21 211
8 22 197
8 23 163
8 25 41
8 26 140
8 27 191
8 35 154
8 36 34
8 37 150
8 38 128
8 39 38
8 43 144
8 47 188
8 48 174
8 55 178
8 57 217
8 59 187
8 63 287
8 66 230
8 68 104
8 70 288
8 73 48
8 77 115
8 78 157
8 82 259
8 84 166
8 90 85
8 91 230
8 92 80
8 97 96
8 99 245
9 2 47
9 10 144
9 11 238
9 15 298
9 18 49
9 19 139
9 23 203
9 29 229
9 30 53
9 35 297
9 39 227
9 44 109
9 46 295
9 47 183
9 51 199
9 53 289
9 57 208
9 58 113
9 62 61
9 72 275
9 74 252
9 80 55
9 82 290
9 84 204
9 87 34
9 90 160
9 91 230
9 93 38
9 97 40
9 98 197
10 1 73
10 2 299
10 8 62
10 9 144
10 15 89
10 17 250
10 18 260
10 21 287
10 24 75
10 25 98
10 26 299
10 28 254
10 32 264
10 33 98
10 35 188
10 36 64
10 41 292
10 42 139
10 43 94
10 44 217
10 45 195
10 46 166
10 48 52
10 49 61
10 51 197
10 54 68
10 55 246
10 56 120
10 58 285
10 59 250
10 60 175
10 62 162
10 63 53
10 64 226
10 66 70
10 67 80
10 68 147
10 69 183
10 72 291
10 78 71
10 79 153
10 80 146
10 84 268
10 85 138
10 89 261
10 91 184
10 93 198
10 94 176
10 95 267
10 97 60
11 2 36
11 5 288
11 7 218
11 9 238
11 13 123
11 15 202
11 19 188
11 21 69
11 23 84
11 24 193
11 25 267
11 27 38
11 28 299
11 33 126
11 35 224
11 38 53
11 39 100
11 45 206
11 46 162
11 48 212
11 52 175
11 55 143
11 58 229
11 59 272
11 60 187
11 65 85
11 66 242
11 68 61
11 69 49
11 71 272
11 74 273
11 77 203
11 82 132
11 83 222
11 85 288
11 91 217
11 92 67
11 94 147
11 95 48
11 97 75
12 2 258
12 3 120
12 4 280
12 5 221
12 6 71
12 7 115
12 8 198
12 14 120
12 16 209
12 17 158
12 20 198
12 24 94
12 25 73
12 35 284
12 36 106
12 37 190
12 40 40
12 41 157
12 46 183
12 47 133
12 49 211
12 50 211
12 51 31
12 55 150
12 56 136
12 61 101
12 63 153
12 64 190
12 68 57
12 69 104
12 70 299
12 72 92
12 73 43
12 76 159
12 77 228
12 80 145
12 81 200
12 82 55
12 84 271
12 85 295
12 86 221
12 87 171
12 89 187
12 91 299
12 92 238
12 95 273
13 3 71
13 5 78
13 7 277
13 11 123
13 26 221
13 27 87
13 30 54
13 34 224
13 37 39
13 40 110
13 44 43
13 45 281
13 48 265
13 49 278
13 50 264
13 57 178
13 61 282
13 63 164
13 64 212
13 68 42
13 70 220
13 76 62
13 77 235
13 79 218
13 81 45
13 83 62
13 87 59
13 88 156
13 89 227
13 92 145
13 94 198
13 96 112
13 97 108
13 98 257
13 99 188
14 2 216
14 5 265
14 6 288
14 7 41
14 8 141
14 12 120
14 15 185
14 18 159
14 21 291
14 23 160
14 24 295
14 25 268
14 27 126
14 28 112
14 29 118
14 30 141
14 34 266
14 35 164
14 41 284
14 43 94
14 45 195
14 52 192
14 54 192
14 55 248
14 56 194
14 58 131
14 59 151
14 60 66
14 61 110
14 63 164
14 64 202
14 71 191
14 73 230
14 76 83
14 79 234
14 82 300
14 86 106
14 87 204
14 89 297
14 90 178
14 97 197
15 1 277
15 4 279
15 5 78
15 7 44
15 9 298
15 10 89
15 11 202
15 14 185
15 16 236
15 18 200
15 21 133
15 25 82
15 31 249
15 34 212
15 35 260
15 36 265
15 37 61
15 39 151
15 42 230
15 44 221
15 47 193
15 49 119
15 51 264
15 53 187
15 54 248
15 55 214
15 57 210
15 59 111
15 60 212
15 62 257
15 64 80
15 67 101
15 75 295
15 78 255
15 80 258
15 83 298
15 84 160
15 85 237
15 86 191
15 87 270
15 90 228
15 93 233
15 94 185
15 95 175
15 97 213
15 98 128
15 99 66
16 1 54
16 3 119
16 6 268
16 8 44
16 12 209
16 15 236
16 17 217
16 19 204
16 21 86
16 22 166
16 25 89
16 26 162
16 31 207
16 32 276
16 34 209
16 38 72
16 40 216
16 46 65
16 49 199
16 52 103
16 55 237
16 61 138
16 64 133
16 65 154
16 66 221
16 68 207
16 69 107
16 71 237
16 76 219
16 77 103
16 78 195
16 79 211
16 81 83
16 84 245
16 85 201
16 87 32
16 89 102
16 94 234
16 98 261
17 1 127
17 2 128
17 5 98
17 7 270
17 10 250
17 12 158
17 16 217
17 18 256
17 19 201
17 25 162
17 26 213
17 27 283
17 32 51
17 39 164
17 41 183
17 44 141
17 49 63
17 52 118
17 55 70
17 56 133
17 57 192
17 58 162
17 59 76
17 60 233
17 62 184
17 63 179
17 64 59
17 68 151
17 69 273
17 73 274
17 74 120
17 75 264
17 80 284
17 82 261
17 84 47
17 88 153
17 93 143
17 95 202
17 96 122
17 99 66
18 1 167
18 5 136
18 9 49
18 10 260
18 14 159
18 15 200
18 17 256
18 27 136
18 28 181
18 30 244
18 32 125
18 33 44
18 41 276
18 43 63
18 45 205
18 47 215
18 48 251
18 49 187
18 52 134
18 53 227
18 56 31
18 59 201
18 61 98
18 62 35
18 63 42
18 64 163
18 68 245
18 69 100
18 70 47
18 72 43
18 74 122
18 78 270
18 83 50
18 86 76
18 88 236
18 90 185
18 91 66
18 92 292
18 96 93
19 6 214
19 7 160
19 8 138
19 9 139
19 11 188
19 16 204
19 17 201
19 20 232
19 21 125
19 23 157
19 24 151
19 25 280
19 26 113
19 27 135
19 29 283
19 30 96
19 34 197
19 35 296
19 36 213
19 38 162
19 39 246
19 42 152
19 45 96
19 46 263
19 47 200
19 50 284
19 52 261
19 53 203
19 54 164
19 55 171
19 56 120
19 59 292
19 61 208
19 62 133
19 64 223
19 65 205
19 66 39
19 69 78
19 70 58
19 72 52
19 73 125
19 74 203
19 76 42
19 77 70
19 80 47
19 83 68
19 84 201
19 85 41
19 87 201
19 89 278
19 90 88
19 92 151
19 94 224
19 96 111
19 99 107
20 1 230
20 8 115
20 12 198
20 19 232
20 27 208
20 30 166
20 33 159
20 39 94
20 40 194
20 42 278
20 44 221
20 45 157
20 48 58
20 49 190
20 50 166
20 51 270
20 52 105
20 54 234
20 55 167
20 57 207
20 58 175
20 60 286
20 61 166
20 63 104
20 64 257
20 66 74
20 68 192
20 73 49
20 75 202
20 76 257
20 84 263
20 85 292
20 89 56
20 93 173
20 95 146
20 97 190
20 99 200
21 1 31
21 4 157
21 5 194
21 6 257
21 8 211
21 10 287
21 11 69
21 14 291
21 15 133
21 16 86
21 19 125
21 22 107
21 25 132
21 28 58
21 30 120
21 34 32
21 35 204
21 38 138
21 46 266
21 47 180
21 48 120
21 49 167
21 50 138
21 54 269
21 55 214
21 57 131
21 59 53
21 60 53
21 61 203
21 62 83
21 63 296
21 64 47
21 65 44
21 68 219
21 70 85
21 79 46
21 82 284
21 85 300
21 86 218
21 87 225
21 90 206
21 92 149
21 94 118
21 96 272
21 99 206
22 1 150
22 6 57
22 8 197
22 16 166
22 21 107
22 25 32
22 28 66
22 29 135
22 31 202
22 32 45
22 38 30
22 40 295
22 44 239
22 45 66
22 47 95
22 48 105
22 49 271
22 50 174
22 54 44
22 55 293
22 56 108
22 57 81
22 58 120
22 60 140
22 62 270
22 63 257
22 64 79
22 65 82
22 67 298
22 69 148
22 72 223
22 73 230
22 76 221
22 79 54
22 80 172
22 81 243
22 82 152
22 83 274
22 86 209
22 92 43
22 93 251
22 95 75
22 97 169
23 2 217
23 5 142
23 8 163
23 9 203
23 11 84
23 14 160
23 19 157
23 24 208
23 28 237
23 29 43
23 35 195
23 39 112
23 40 209
23 41 232
23 44 86
23 46 259
23 49 247
23 51 123
23 54 222
23 56 79
23 58 252
23 60 186
23 62 242
23 68 144
23 69 215
23 71 85
23 72 122
23 73 279
23 76 118
23 81 115
23 82 295
23 83 72
23 86 280
23 88 248
23 89 131
23 94 279
23 95 236
23 97 127
24 2 278
24 3 279
24 4 131
24 10 75
24 11 193
24 12 94
24 14 295
24 19 151
24 23 208
24 27 191
24 32 105
24 33 80
24 36 190
24 37 223
24 42 188
24 44 126
24 45 51
24 46 137
24 51 188
24 59 164
24 61 211
24 62 138
24 68 198
24 70 35
24 71 279
24 74 95
24 76 68
24 77 135
24 80 195
24 83 221
24 88 117
25 4 186
25 5 192
25 8 41
25 10 98
25 11 267
25 12 73
25 14 268
25 15 82
25 16 89
25 17 162
25 19 280
25 21 132
25 22 32
25 26 167
25 29 175
25 30 229
25 33 223
25 34 128
25 35 59
25 41 139
25 49 130
25 50 132
25 53 78
25 55 100
25 57 273
25 59 246
25 61 84
25 68 282
25 70 166
25 73 67
25 74 106
25 77 215
25 79 232
25 81 106
25 82 276
25 83 285
25 84 258
25 85 291
25 86 143
25 92 185
25 93 211
25 97 130
25 98 167
25 99 57
26 2 73
26 4 123
26 5 290
26 8 140
26 10 299
26 13 221
26 16 162
26 17 213
26 19 113
26 25 167
26 28 180
26 30 149
26 31 210
26 32 48
26 34 266
26 39 80
26 44 79
26 48 240
26 49 239
26 52 114
26 53 244
26 54 287
26 56 282
26 57 173
26 58 161
26 60 156
26 62 257
26 66 110
26 68 158
26 72 222
26 73 38
26 74 271
26 83 168
26 84 148
26 86 68
26 87 40
26 88 38
26 91 258
26 96 223
26 99 151
27 2 244
27 6 160
27 8 191
27 11 38
27 13 87
27 14 126
27 17 283
27 18 136
27 19 135
27 20 208
27 24 191
27 30 224
27 31 62
27 32 175
27 33 297
27 36 65
27 49 129
27 51 146
27 52 185
27 53 259
27 54 43
27 57 128
27 63 33
27 66 31
27 68 203
27 69 290
27 71 217
27 74 270
27 78 231
27 79 184
27 80 119
27 81 224
27 84 257
27 85 277
27 94 288
27 97 218
27 98 284
28 1 234
28 2 205
28 3 243
28 5 58
28 6 219
28 10 254
28 11 299
28 14 112
28 18 181
28 21 58
28 22 66
28 23 237
28 26 180
28 29 222
28 32 258
28 34 267
28 36 191
28 39 170
28 42 282
28 43 166
28 45 292
28 51 161
28 52 41
28 53 128
28 57 127
28 60 108
28 62 110
28 64 238
28 68 201
28 69 55
28 70 93
28 75 249
28 77 153
28 80 50
28 81 290
28 83 123
28 85 218
28 86 37
28 95 56
28 98 55
29 5 133
29 7 245
29 9 229
29 14 118
29 19 283
29 22 135
29 23 43
29 25 175
29 28 222
29 30 271
29 31 71
29 32 298
29 38 170
29 39 77
29 40 90
29 41 286
29 42 229
29 44 241
29 45 85
29 46 75
29 47 130
29 50 215
29 58 181
29 59 273
29 68 217
29 71 143
29 72 104
29 73 50
29 80 161
29 81 215
29 86 54
29 89 60
29 90 293
29 96 92
30 3 231
30 4 292
30 9 53
30 13 54
30 14 141
30 18 244
30 19 96
30 20 166
30 21 120
30 25 229
30 26 149
30 27 224
30 29 271
30 31 265
30 32 135
30 33 31
30 34 87
30 40 135
30 41 290
30 43 300
30 45 185
30 46 122
30 47 246
30 48 59
30 49 255
30 51 232
30 57 92
30 59 205
30 60 228
30 62 262
30 63 152
30 64 194
30 67 207
30 72 251
30 74 72
30 76 254
30 80 41
30 81 182
30 82 65
30 83 209
30 85 65
30 88 182
30 89 272
30 90 223
30 91 250
30 94 275
30 97 241
31 4 114
31 5 204
31 7 229
31 15 249
31 16 207
31 22 202
31 26 210
31 27 62
31 29 71
31 30 265
31 34 269
31 36 137
31 37 287
31 40 293
31 41 74
31 43 118
31 44 55
31 45 267
31 46 186
31 48 239
31 49 62
31 50 114
31 52 116
31 53 150
31 54 65
31 56 40
31 59 85
31 63 220
31 68 169
31 69 184
31 73 47
31 74 54
31 76 260
31 78 135
31 79 39
31 81 186
31 83 211
31 84 162
31 85 131
31 90 147
31 92 172
31 94 135
31 97 152
31 99 32
32 2 251
32 3 143
32 6 221
32 10 264
32 16 276
32 17 51
32 18 125
32 22 45
32 24 105
32 26 48
32 27 175
32 28 258
32 29 298
32 30 135
32 35 150
32 36 270
32 42 205
32 44 72
32 45 215
32 48 39
32 49 80
32 50 217
32 51 116
32 52 119
32 60 39
32 64 272
32 68 137
32 70 86
32 71 145
32 73 203
32 74 210
32 77 267
32 79 283
32 85 226
32 86 114
32 87 51
32 88 65
32 89 294
32 90 293
32 91 31
32 93 299
32 94 158
32 97 54
33 1 121
33 5 58
33 7 82
33 10 98
33 11 126
33 18 44
33 20 159
33 24 80
33 25 223
33 27 297
33 30 31
33 34 263
33 35 208
33 36 287
33 40 297
33 42 293
33 43 90
33 48 141
33 50 123
33 52 275
33 53 265
33 56 140
33 58 57
33 61 206
33 62 107
33 63 106
33 67 227
33 68 249
33 69 164
33 71 73
33 72 276
33 73 52
33 78 89
33 79 294
33 80 175
33 81 65
33 85 285
33 86 236
33 94 103
33 97 84
33 98 156
33 99 47
34 2 257
34 3 182
34 5 164
34 7 132
34 13 224
34 14 266
34 15 212
34 16 209
34 19 197
34 21 32
34 25 128
34 26 266
34 28 267
34 30 87
34 31 269
34 33 263
34 41 233
34 42 230
34 44 49
34 45 285
34 47 76
34 54 83
34 55 65
34 57 77
34 60 188
34 61 272
34 62 127
34 66 268
34 68 256
34 71 257
34 74 70
34 78 269
34 79 217
34 81 183
34 83 145
34 87 187
34 94 300
34 95 217
34 96 168
34 97 245
34 99 191
35 8 154
35 9 297
35 10 188
35 11 224
35 12 284
35 14 164
35 15 260
35 19 296
35 21 204
35 23 195
35 25 59
35 32 150
35 33 208
35 42 83
35 48 242
35 49 274
35 51 42
35 52 77
35 60 148
35 62 279
35 65 72
35 68 189
35 71 190
35 73 260
35 75 56
35 77 109
35 78 131
35 80 127
35 81 280
35 82 252
35 85 176
35 86 259
35 90 83
35 91 42
35 92 232
35 93 168
35 94 242
35 96 32
35 99 116
36 2 122
36 3 242
36 5 35
36 7 100
36 8 34
36 10 64
36 12 106
36 15 265
36 19 213
36 24 190
36 27 65
36 28 191
36 31 137
36 32 270
36 33 287
36 37 68
36 38 212
36 39 210
36 40 154
36 41 216
36 42 288
36 43 149
36 45 184
36 51 90
36 52 120
36 53 121
36 56 203
36 58 53
36 67 226
36 68 186
36 69 226
36 71 256
36 72 146
36 74 297
36 81 209
36 83 176
36 85 250
36 87 230
36 88 125
36 89 195
36 90 247
36 91 162
36 95 232
36 97 256
36 99 238
37 1 144
37 7 148
37 8 150
37 12 190
37 13 39
37 15 61
37 24 223
37 31 287
37 36 68
37 39 221
37 41 124
37 42 36
37 46 240
37 47 121
37 48 65
37 50 300
37 55 115
37 59 36
37 61 37
37 66 249
37 67 137
37 70 140
37 71 224
37 72 289
37 75 58
37 76 152
37 78 41
37 81 177
37 83 91
37 84 132
37 85 48
37 86 33
37 93 153
37 96 300
38 2 172
38 5 185
38 8 128
38 11 53
38 16 72
38 19 162
38 21 138
38 22 30
38 29 170
38 36 212
38 42 69
38 50 158
38 53 104
38 54 124
38 55 269
38 56 129
38 59 168
38 60 32
38 66 109
38 67 238
38 69 41
38 70 137
38 71 34
38 73 281
38 74 77
38 75 57
38 76 83
38 78 155
38 79 49
38 80 111
38 81 216
38 88 284
38 89 292
38 91 217
38 94 208
38 97 49
38 98 35
39 1 109
39 7 286
39 8 38
39 9 227
39 11 100
39 15 151
39 17 164
39 19 246
39 20 94
39 23 112
39 26 80
39 28 170
39 29 77
39 36 210
39 37 221
39 40 63
39 41 176
39 42 98
39 51 58
39 52 263
39 61 70
39 62 284
39 67 114
39 72 60
39 74 249
39 78 185
39 81 234
39 82 239
39 83 75
39 84 291
39 86 77
39 90 92
39 91 43
39 92 103
39 94 239
40 2 246
40 6 267
40 12 40
40 13 110
40 16 216
40 20 194
40 22 295
40 23 209
40 29 90
40 30 135
40 31 293
40 33 297
40 36 154
40 39 63
40 41 45
40 43 161
40 44 260
40 48 190
40 58 98
40 59 71
40 60 137
40 62 30
40 63 297
40 64 174
40 69 136
40 71 143
40 74 82
40 76 252
40 78 181
40 80 261
40 84 248
40 85 145
40 92 57
40 93 159
40 94 33
40 99 225
41 2 112
41 7 39
41 10 292
41 12 157
41 14 284
41 17 183
41 18 276
41 23 232
41 25 139
41 29 286
41 30 290
41 31 74
41 34 233
41 36 216
41 37 124
41 39 176
41 40 45
41 44 122
41 46 76
41 52 95
41 60 269
41 61 298
41 63 64
41 65 291
41 66 200
41 68 56
41 70 188
41 73 104
41 74 84
41 75 278
41 76 73
41 77 42
41 78 235
41 80 249
41 85 150
41 86 226
41 88 260
41 94 38
41 99 150
42 2 274
42 10 139
42 15 230
42 19 152
42 20 278
42 24 188
42 28 282
42 29 229
42 32 205
42 33 293
42 34 230
42 35 83
42 36 288
42 37 36
42 38 69
42 39 98
42 43 248
42 45 277
42 47 298
42 48 52
42 50 46
42 51 276
42 54 167
42 58 49
42 59 170
42 64 54
42 68 245
42 73 121
42 77 226
42 79 191
42 80 160
42 83 165
42 84 278
42 92 257
42 96 167
42 98 52
43 2 214
43 3 207
43 5 56
43 6 264
43 8 144
43 10 94
43 14 94
43 18 63
43 28 166
43 30 300
43 31 118
43 33 90
43 36 149
43 40 161
43 42 248
43 44 99
43 46 73
43 47 245
43 49 197
43 51 149
43 52 266
43 53 217
43 55 47
43 56 58
43 59 148
43 64 246
43 65 272
43 66 63
43 68 291
43 69 103
43 73 153
43 76 222
43 78 72
43 84 182
43 85 78
43 86 256
43 92 141
43 94 109
43 97 238
43 98 162
43 99 260
44 4 249
44 5 84
44 6 36
44 9 109
44 10 217
44 13 43
44 15 221
44 17 141
44 20 221
44 22 239
44 23 86
44 24 126
44 26 79
44 29 241
44 31 55
44 32 72
44 34 49
44 40 260
44 41 122
44 43 99
44 45 59
44 48 122
44 49 39
44 51 293
44 53 288
44 54 238
44 59 258
44 61 250
44 64 82
44 68 185
44 69 47
44 74 61
44 75 33
44 78 147
44 79 95
44 80 158
44 82 283
44 84 275
44 86 215
44 87 92
44 88 47
44 90 235
44 94 296
44 97 161
44 98 175
44 99 41
45 1 204
45 3 75
45 4 123
45 5 88
45 6 156
45 7 294
45 10 195
45 11 206
45 13 281
45 14 195
45 18 205
45 19 96
45 20 157
45 22 66
45 24 51
45 28 292
45 29 85
45 30 185
45 31 267
45 32 215
45 34 285
45 36 184
45 42 277
45 44 59
45 46 241
45 48 238
45 49 257
45 50 135
45 51 123
45 54 148
45 57 221
45 59 242
45 60 263
45 63 166
45 67 246
45 69 74
45 70 62
45 75 114
45 81 279
45 83 71
45 86 274
45 88 228
45 92 65
45 93 204
46 2 293
46 4 205
46 5 105
46 9 295
46 10 166
46 11 162
46 12 183
46 16 65
46 19 263
46 21 266
46 23 259
46 24 137
46 29 75
46 30 122
46 31 186
46 37 240
46 41 76
46 43 73
46 45 241
46 48 155
46 51 208
46 52 239
46 57 67
46 59 92
46 62 89
46 64 31
46 66 172
46 67 54
46 70 149
46 73 49
46 76 234
46 78 123
46 83 112
46 86 192
46 95 74
46 97 288
46 98 300
47 1 229
47 2 184
47 6 54
47 8 188
47 9 183
47 12 133
47 15 193
47 18 215
47 19 200
47 21 180
47 22 95
47 29 130
47 30 246
47 34 76
47 37 121
47 42 298
47 43 245
47 49 78
47 58 60
47 59 165
47 62 75
47 63 171
47 64 59
47 65 258
47 75 141
47 76 204
47 77 188
47 78 139
47 79 62
47 81 121
47 82 89
47 84 265
47 85 110
47 86 83
47 91 207
47 92 128
47 95 80
47 98 269
48 1 83
48 6 236
48 7 156
48 8 174
48 10 52
48 11 212
48 13 265
48 18 251
48 20 58
48 21 120
48 22 105
48 26 240
48 30 59
48 31 239
48 32 39
48 33 141
48 35 242
48 37 65
48 40 190
48 42 52
48 44 122
48 45 238
48 46 155
48 53 129
48 59 142
48 62 86
48 64 265
48 67 290
48 72 168
48 73 88
48 82 215
48 83 106
48 88 111
48 91 119
48 93 129
48 94 286
48 96 294
48 98 60
49 2 98
49 4 244
49 5 218
49 7 41
49 10 61
49 12 211
49 13 278
49 15 119
49 16 199
49 17 63
49 18 187
49 20 190
49 21 167
49 22 271
49 23 247
49 25 130
49 26 239
49 27 129
49 30 255
49 31 62
49 32 80
49 35 274
49 43 197
49 44 39
49 45 257
49 47 78
49 51 286
49 54 177
49 55 120
49 61 217
49 62 188
49 70 139
49 73 293
49 74 298
49 76 153
49 80 282
49 81 152
49 84 160
49 85 212
49 86 219
49 87 43
49 88 238
49 89 215
49 91 133
49 92 39
49 93 147
49 97 122
50 12 211
50 13 264
50 19 284
50 20 166
50 21 138
50 22 174
50 25 132
50 29 215
50 31 114
50 32 217
50 33 123
50 37 300
50 38 158
50 42 46
50 45 135
50 55 161
50 56 82
50 64 75
50 70 148
50 71 248
50 73 293
50 80 86
50 81 36
50 83 54
50 88 232
50 89 135
50 90 182
50 92 53
50 94 173
50 95 272
50 96 169
50 99 150
51 1 119
51 2 257
51 4 137
51 9 199
51 10 197
51 12 31
51 15 264
51 20 270
51 23 123
51 24 188
51 27 146
51 28 161
51 30 232
51 32 116
51 35 42
51 36 90
51 39 58
51 42 276
51 43 149
51 44 293
51 45 123
51 46 208
51 49 286
51 52 254
51 58 264
51 59 51
51 61 115
51 67 204
51 68 119
51 72 164
51 73 267
51 74 180
51 78 224
51 79 250
51 83 87
51 85 252
51 87 168
51 90 179
51 94 93
51 95 177
51 97 150
51 98 67
52 5 148
52 6 233
52 11 175
52 14 192
52 16 103
52 17 118
52 18 134
52 19 261
52 20 105
52 26 114
52 27 185
52 28 41
52 31 116
52 32 119
52 33 275
52 35 77
52 36 120
52 39 263
52 41 95
52 43 266
52 46 239
52 51 254
52 54 51
52 57 150
52 59 83
52 60 97
52 61 263
52 62 281
52 64 68
52 67 157
52 69 275
52 70 257
52 75 168
52 78 127
52 82 32
52 83 73
52 84 169
52 86 125
52 90 219
52 92 155
52 93 160
52 97 96
52 99 164
53 3 30
53 5 260
53 6 280
53 9 289
53 15 187
53 18 227
53 19 203
53 25 78
53 26 244
53 27 259
53 28 128
53 31 150
53 33 265
53 36 121
53 38 104
53 43 217
53 44 288
53 48 129
53 56 96
53 57 272
53 60 77
53 62 138
53 68 241
53 71 134
53 74 168
53 75 179
53 76 236
53 78 265
53 79 165
53 80 284
53 81 55
53 87 117
53 94 236
53 95 120
54 1 89
54 5 295
54 10 68
54 14 192
54 15 248
54 19 164
54 20 234
54 21 269
54 22 44
54 23 222
54 26 287
54 27 43
54 31 65
54 34 83
54 38 124
54 42 167
54 44 238
54 45 148
54 49 177
54 52 51
54 60 255
54 64 62
54 65 129
54 66 96
54 75 252
54 76 296
54 79 147
54 80 294
54 81 88
54 85 171
54 86 217
54 87 110
54 88 223
54 91 173
54 92 286
54 95 137
54 97 107
54 98 64
54 99 288
55 7 207
55 8 178
55 10 246
55 11 143
55 12 150
55 14 248
55 15 214
55 16 237
55 17 70
55 19 171
55 20 167
55 21 214
55 22 293
55 25 100
55 34 65
55 37 115
55 38 269
55 43 47
55 49 120
55 50 161
55 58 180
55 60 261
55 62 108
55 66 195
55 67 287
55 68 282
55 69 168
55 70 174
55 75 253
55 79 107
55 80 257
55 81 178
55 84 176
55 87 197
55 89 266
55 91 174
55 92 293
55 93 75
55 94 184
55 95 249
55 99 74
56 1 124
56 4 156
56 5 167
56 10 120
56 12 136
56 14 194
56 17 133
56 18 31
56 19 120
56 22 108
56 23 79
56 26 282
56 31 40
56 33 140
56 36 203
56 38 129
56 43 58
56 50 82
56 53 96
56 57 122
56 58 255
56 59 254
56 60 124
56 63 70
56 74 256
56 76 295
56 78 192
56 79 224
56 80 110
56 84 299
56 87 187
56 91 225
57 6 117
57 8 217
57 9 208
57 13 178
57 15 210
57 17 192
57 20 207
57 21 131
57 22 81
57 25 273
57 26 173
57 27 128
57 28 127
57 30 92
57 34 77
57 45 221
57 46 67
57 52 150
57 53 272
57 56 122
57 59 42
57 62 279
57 63 198
57 68 84
57 70 58
57 72 165
57 74 40
57 76 236
57 80 194
57 81 232
57 82 58
57 88 100
57 90 147
57 91 226
57 93 136
57 94 155
57 95 34
57 97 51
57 98 122
57 99 51
58 1 198
58 2 141
58 3 162
58 4 201
58 7 140
58 9 113
58 10 285
58 11 229
58 14 131
58 17 162
58 20 175
58 22 120
58 23 252
58 26 161
58 29 181
58 33 57
58 36 53
58 40 98
58 42 49
58 47 60
58 51 264
58 55 180
58 56 255
58 59 68
58 61 226
58 63 241
58 68 53
58 70 246
58 72 244
58 76 198
58 77 52
58 78 118
58 79 72
58 81 294
58 85 169
58 86 177
58 87 158
58 88 118
58 93 142
58 95 251
58 99 68
59 3 171
59 4 42
59 5 181
59 6 152
59 8 187
59 10 250
59 11 272
59 14 151
59 15 111
59 17 76
59 18 201
59 19 292
59 21 53
59 24 164
59 25 246
59 29 273
59 30 205
59 31 85
59 37 36
59 38 168
59 40 71
59 42 170
59 43 148
59 44 258
59 45 242
59 46 92
59 47 165
59 48 142
59 51 51
59 52 83
59 56 254
59 57 42
59 58 68
59 62 82
59 66 142
59 73 138
59 77 294
59 78 295
59 79 109
59 88 37
59 91 77
59 92 168
59 96 93
59 98 221
59 99 78
60 5 235
60 6 245
60 10 175
60 11 187
60 14 66
60 15 212
60 17 233
60 20 286
60 21 53
60 22 140
60 23 186
60 26 156
60 28 108
60 30 228
60 32 39
60 34 188
60 35 148
60 38 32
60 40 137
60 41 269
60 45 263
60 52 97
60 53 77
60 54 255
60 55 261
60 56 124
60 61 77
60 62 31
60 64 31
60 65 114
60 66 197
60 67 192
60 71 73
60 73 113
60 74 238
60 75 87
60 76 250
60 78 60
60 80 139
60 81 80
60 82 67
60 85 34
60 87 154
60 88 42
60 89 30
60 90 217
60 92 86
60 95 127
60 98 115
61 1 232
61 2 296
61 6 228
61 12 101
61 13 282
61 14 110
61 16 138
61 18 98
61 19 208
61 20 166
61 21 203
61 24 211
61 25 84
61 33 206
61 34 272
61 37 37
61 39 70
61 41 298
61 44 250
61 49 217
61 51 115
61 52 263
61 58 226
61 60 77
61 64 118
61 65 166
61 66 148
61 67 188
61 69 147
61 71 54
61 72 86
61 75 216
61 76 93
61 80 243
61 81 241
61 82 225
61 85 256
61 88 156
61 89 192
61 93 300
61 96 55
61 98 85
61 99 155
62 2 119
62 3 167
62 4 276
62 9 61
62 10 162
62 15 257
62 17 184
62 18 35
62 19 133
62 21 83
62 22 270
62 23 242
62 24 138
62 26 257
62 28 110
62 30 262
62 33 107
62 34 127
62 35 279
62 39 284
62 40 30
62 46 89
62 47 75
62 48 86
62 49 188
62 52 281
62 53 138
62 55 108
62 57 279
62 59 82
62 60 31
62 67 94
62 68 195
62 69 167
62 72 217
62 73 290
62 74 298
62 75 191
62 76 102
62 77 205
62 78 271
62 81 219
62 84 80
62 87 221
62 90 126
62 92 267
62 93 221
62 98 117
62 99 270
63 3 207
63 5 164
63 7 101
63 8 287
63 10 53
63 12 153
63 13 164
63 14 164
63 17 179
63 18 42
63 20 104
63 21 296
63 22 257
63 27 33
63 30 152
63 31 220
63 33 106
63 40 297
63 41 64
63 45 166
63 47 171
63 56 70
63 57 198
63 58 241
63 65 50
63 68 47
63 74 172
63 76 214
63 78 166
63 79 234
63 81 183
63 84 108
63 85 212
63 90 123
63 92 203
63 94 95
63 97 44
63 98 240
63 99 245
64 1 200
64 2 170
64 5 107
64 6 146
64 10 226
64 12 190
64 13 212
64 14 202
64 15 80
64 16 133
64 17 59
64 18 163
64 19 223
64 20 257
64 21 47
64 22 79
64 28 238
64 30 194
64 32 272
64 40 174
64 42 54
64 43 246
64 44 82
64 46 31
64 47 59
64 48 265
64 50 75
64 52 68
64 54 62
64 60 31
64 61 118
64 66 174
64 69 275
64 70 203
64 71 262
64 75 85
64 77 108
64 79 122
64 80 51
64 82 106
64 83 77
64 86 134
64 87 149
64 91 49
64 93 146
64 94 87
64 95 174
64 96 289
64 99 295
65 2 165
65 3 159
65 5 69
65 7 202
65 11 85
65 16 154
65 19 205
65 21 44
65 22 82
65 35 72
65 41 291
65 43 272
65 47 258
65 54 129
65 60 114
65 61 166
65 63 50
65 66 77
65 72 72
65 76 45
65 78 297
65 81 276
65 82 208
65 87 95
65 91 158
65 99 196
66 1 58
66 2 169
66 3 164
66 5 150
66 7 157
66 8 230
66 10 70
66 11 242
66 16 221
66 19 39
66 20 74
66 26 110
66 27 31
66 34 268
66 37 249
66 38 109
66 41 200
66 43 63
66 46 172
66 54 96
66 55 195
66 59 142
66 60 197
66 61 148
66 64 174
66 65 77
66 67 240
66 69 139
66 78 214
66 81 271
66 84 248
66 86 47
66 87 47
66 89 62
66 94 134
66 97 138
66 99 259
67 1 148
67 2 59
67 5 267
67 6 53
67 10 80
67 15 101
67 22 298
67 30 207
67 33 227
67 36 226
67 37 137
67 38 238
67 39 114
67 45 246
67 46 54
67 48 290
67 51 204
67 52 157
67 55 287
67 60 192
67 61 188
67 62 94
67 66 240
67 70 201
67 71 97
67 73 154
67 75 129
67 76 182
67 78 253
67 83 48
67 84 130
67 86 264
67 87 59
67 88 283
67 90 243
67 97 51
67 99 182
68 3 139
68 5 273
68 7 221
68 8 104
68 10 147
68 11 61
68 12 57
68 13 42
68 16 207
68 17 151
68 18 245
68 20 192
68 21 219
68 23 144
68 24 198
68 25 282
68 26 158
68 27 203
68 28 201
68 29 217
68 31 169
68 32 137
68 33 249
68 34 256
68 35 189
68 36 186
68 41 56
68 42 245
68 43 291
68 44 185
68 51 119
68 53 241
68 55 282
68 57 84
68 58 53
68 62 195
68 63 47
68 71 204
68 72 47
68 74 47
68 75 260
68 79 296
68 84 250
68 88 278
68 90 132
68 92 201
68 96 299
68 98 133
69 1 44
69 2 291
69 3 137
69 4 87
69 5 140
69 6 117
69 10 183
69 11 49
69 12 104
69 16 107
69 17 273
69 18 100
69 19 78
69 22 148
69 23 215
69 27 290
69 28 55
69 31 184
69 33 164
69 36 226
69 38 41
69 40 136
69 43 103
69 44 47
69 45 74
69 52 275
69 55 168
69 61 147
69 62 167
69 64 275
69 66 139
69 71 280
69 75 153
69 76 95
69 77 138
69 80 96
69 83 150
69 87 117
69 89 200
69 91 233
69 92 168
70 1 215
70 2 30
70 6 299
70 8 288
70 12 299
70 13 220
70 18 47
70 19 58
70 21 85
70 24 35
70 25 166
70 28 93
70 32 86
70 37 140
70 38 137
70 41 188
70 45 62
70 46 149
70 49 139
70 50 148
70 52 257
70 55 174
70 57 58
70 58 246
70 64 203
70 67 201
70 71 45
70 73 63
70 74 223
70 75 270
70 77 166
70 78 130
70 81 55
70 84 159
70 87 137
70 89 63
70 94 46
70 97 31
70 98 252
71 2 179
71 4 165
71 5 293
71 7 193
71 11 272
71 14 191
71 16 237
71 23 85
71 24 279
71 27 217
71 29 143
71 32 145
71 33 73
71 34 257
71 35 190
71 36 256
71 37 224
71 38 34
71 40 143
71 50 248
71 53 134
71 60 73
71 61 54
71 64 262
71 67 97
71 68 204
71 69 280
71 70 45
71 75 97
71 78 151
71 82 77
71 91 160
71 93 94
71 94 60
72 3 67
72 5 53
72 6 248
72 9 275
72 10 291
72 12 92
72 18 43
72 19 52
72 22 223
72 23 122
72 26 222
72 29 104
72 30 251
72 33 276
72 36 146
72 37 289
72 39 60
72 48 168
72 51 164
72 57 165
72 58 244
72 61 86
72 62 217
72 65 72
72 68 47
72 75 212
72 76 299
72 78 201
72 80 106
72 82 197
72 85 282
72 86 165
72 88 258
72 92 277
72 99 39
73 1 148
73 2 287
73 4 138
73 5 101
73 6 204
73 8 48
73 12 43
73 14 230
73 17 274
73 19 125
73 20 49
73 22 230
73 23 279
73 25 67
73 26 38
73 29 50
73 31 47
73 32 203
73 33 52
73 35 260
73 38 281
73 41 104
73 42 121
73 43 153
73 46 49
73 48 88
73 49 293
73 50 293
73 51 267
73 59 138
73 60 113
73 62 290
73 67 154
73 70 63
73 77 250
73 78 57
73 81 168
73 82 104
73 84 273
73 88 85
73 96 68
73 98 181
74 2 189
74 3 159
74 6 102
74 9 252
74 11 273
74 17 120
74 18 122
74 19 203
74 24 95
74 25 106
74 26 271
74 27 270
74 30 72
74 31 54
74 32 210
74 34 70
74 36 297
74 38 77
74 39 249
74 40 82
74 41 84
74 44 61
74 49 298
74 51 180
74 53 168
74 56 256
74 57 40
74 60 238
74 62 298
74 63 172
74 68 47
74 70 223
74 80 142
74 83 289
74 84 249
74 85 66
74 90 133
74 95 141
74 96 56
74 97 237
75 1 177
75 2 290
75 15 295
75 17 264
75 20 202
75 28 249
75 35 56
75 37 58
75 38 57
75 41 278
75 44 33
75 45 114
75 47 141
75 52 168
75 53 179
75 54 252
75 55 253
75 60 87
75 61 216
75 62 191
75 64 85
75 67 129
75 68 260
75 69 153
75 70 270
75 71 97
75 72 212
75 76 57
75 77 59
75 79 291
75 82 191
75 84 152
75 85 261
75 89 159
75 90 241
75 92 274
75 94 48
75 95 273
75 99 262
76 2 170
76 5 208
76 12 159
76 13 62
76 14 83
76 16 219
76 19 42
76 20 257
76 22 221
76 23 118
76 24 68
76 30 254
76 31 260
76 37 152
76 38 83
76 40 252
76 41 73
76 43 222
76 46 234
76 47 204
76 49 153
76 53 236
76 54 296
76 56 295
76 57 236
76 58 198
76 60 250
76 61 93
76 62 102
76 63 214
76 65 45
76 67 182
76 69 95
76 72 299
76 75 57
76 79 170
76 80 170
76 81 45
76 83 247
76 93 280
76 94 138
77 2 123
77 3 182
77 4 132
77 6 157
77 7 225
77 8 115
77 11 203
77 12 228
77 13 235
77 16 103
77 19 70
77 24 135
77 25 215
77 28 153
77 32 267
77 35 109
77 41 42
77 42 226
77 47 188
77 58 52
77 59 294
77 62 205
77 64 108
77 69 138
77 70 166
77 73 250
77 75 59
77 80 258
77 81 170
77 84 240
77 85 77
77 88 44
77 90 46
77 92 38
77 97 233
77 98 283
78 2 191
78 3 130
78 5 116
78 6 112
78 8 157
78 10 71
78 15 255
78 16 195
78 18 270
78 27 231
78 31 135
78 33 89
78 34 269
78 35 131
78 37 41
78 38 155
78 39 185
78 40 181
78 41 235
78 43 72
78 44 147
78 46 123
78 47 139
78 51 224
78 52 127
78 53 265
78 56 192
78 58 118
78 59 295
78 60 60
78 62 271
78 63 166
78 65 297
78 66 214
78 67 253
78 70 130
78 71 151
78 72 201
78 73 57
78 79 94
78 82 235
78 88 218
78 89 68
78 91 283
78 98 37
79 2 254
79 3 162
79 4 212
79 5 205
79 6 249
79 10 153
79 13 218
79 14 234
79 16 211
79 21 46
79 22 54
79 25 232
79 27 184
79 31 39
79 32 283
79 33 294
79 34 217
79 38 49
79 42 191
79 44 95
79 47 62
79 51 250
79 53 165
79 54 147
79 55 107
79 56 224
79 58 72
79 59 109
79 63 234
79 64 122
79 68 296
79 75 291
79 76 170
79 78 94
79 80 237
79 86 42
79 87 184
79 88 245
79 90 50
79 92 51
79 95 77
79 99 220
80 6 230
80 9 55
80 10 146
80 12 145
80 15 258
80 17 284
80 19 47
80 22 172
80 24 195
80 27 119
80 28 50
80 29 161
80 30 41
80 33 175
80 35 127
80 38 111
80 40 261
80 41 249
80 42 160
80 44 158
80 49 282
80 50 86
80 53 284
80 54 294
80 55 257
80 56 110
80 57 194
80 60 139
80 61 243
80 64 51
80 69 96
80 72 106
80 74 142
80 76 170
80 77 258
80 79 237
80 81 128
80 83 44
80 84 179
80 85 196
80 86 112
80 87 40
80 90 95
80 94 232
80 95 256
81 3 120
81 4 175
81 7 214
81 12 200
81 13 45
81 16 83
81 22 243
81 23 115
81 25 106
81 27 224
81 28 290
81 29 215
81 30 182
81 31 186
81 33 65
81 34 183
81 35 280
81 36 209
81 37 177
81 38 216
81 39 234
81 45 279
81 47 121
81 49 152
81 50 36
81 53 55
81 54 88
81 55 178
81 57 232
81 58 294
81 60 80
81 61 241
81 62 219
81 63 183
81 65 276
81 66 271
81 70 55
81 73 168
81 76 45
81 77 170
81 80 128
81 83 125
81 84 164
81 85 116
81 88 264
81 90 182
81 93 93
81 95 43
82 3 40
82 5 72
82 8 259
82 9 290
82 11 132
82 12 55
82 14 300
82 17 261
82 21 284
82 22 152
82 23 295
82 25 276
82 30 65
82 35 252
82 39 239
82 44 283
82 47 89
82 48 215
82 52 32
82 57 58
82 60 67
82 61 225
82 64 106
82 65 208
82 71 77
82 72 197
82 73 104
82 75 191
82 78 235
82 87 45
82 88 300
82 89 229
82 92 172
82 93 294
82 94 71
82 95 180
82 99 293
83 3 44
83 4 203
83 5 194
83 11 222
83 13 62
83 15 298
83 18 50
83 19 68
83 22 274
83 23 72
83 24 221
83 25 285
83 26 168
83 28 123
83 30 209
83 31 211
83 34 145
83 36 176
83 37 91
83 39 75
83 42 165
83 45 71
83 46 112
83 48 106
83 50 54
83 51 87
83 52 73
83 64 77
83 67 48
83 69 150
83 74 289
83 76 247
83 80 44
83 81 125
83 84 128
83 86 208
83 88 36
83 90 217
83 94 85
83 97 160
83 99 56
84 8 166
84 9 204
84 10 268
84 12 271
84 15 160
84 16 245
84 17 47
84 19 201
84 20 263
84 25 258
84 26 148
84 27 257
84 31 162
84 37 132
84 39 291
84 40 248
84 42 278
84 43 182
84 44 275
84 47 265
84 49 160
84 52 169
84 55 176
84 56 299
84 62 80
84 63 108
84 66 248
84 67 130
84 68 250
84 70 159
84 73 273
84 74 249
84 75 152
84 77 240
84 80 179
84 81 164
84 83 128
84 90 202
84 96 55
85 1 224
85 2 171
85 3 211
85 4 79
85 6 213
85 7 204
85 10 138
85 11 288
85 12 295
85 15 237
85 16 201
85 19 41
85 20 292
85 21 300
85 25 291
85 27 277
85 28 218
85 30 65
85 31 131
85 32 226
85 33 285
85 35 176
85 36 250
85 37 48
85 40 145
85 41 150
85 43 78
85 47 110
85 49 212
85 51 252
85 54 171
85 58 169
85 60 34
85 61 256
85 63 212
85 72 282
85 74 66
85 75 261
85 77 77
85 80 196
85 81 116
85 86 257
85 89 41
85 90 218
85 91 243
85 94 239
85 95 270
85 97 186
85 98 229
85 99 99
86 5 263
86 12 221
86 14 106
86 15 191
86 18 76
86 21 218
86 22 209
86 23 280
86 25 143
86 26 68
86 28 37
86 29 54
86 32 114
86 33 236
86 35 259
86 37 33
86 39 77
86 41 226
86 43 256
86 44 215
86 45 274
86 46 192
86 47 83
86 49 219
86 52 125
86 54 217
86 58 177
86 64 134
86 66 47
86 67 264
86 72 165
86 79 42
86 80 112
86 83 208
86 85 257
86 87 93
86 89 105
86 93 173
86 94 256
86 96 226
86 97 132
86 99 182
87 1 197
87 4 43
87 6 89
87 7 178
87 9 34
87 12 171
87 13 59
87 14 204
87 15 270
87 16 32
87 19 201
87 21 225
87 26 40
87 32 51
87 34 187
87 36 230
87 44 92
87 49 43
87 51 168
87 53 117
87 54 110
87 55 197
87 56 187
87 58 158
87 60 154
87 62 221
87 64 149
87 65 95
87 66 47
87 67 59
87 69 117
87 70 137
87 79 184
87 80 40
87 82 45
87 86 93
87 88 236
87 90 230
87 91 167
87 92 269
87 94 140
87 98 240
88 1 43
88 2 34
88 4 168
88 6 95
88 13 156
88 17 153
88 18 236
88 23 248
88 24 117
88 26 38
88 30 182
88 32 65
88 36 125
88 38 284
88 41 260
88 44 47
88 45 228
88 48 111
88 49 238
88 50 232
88 54 223
88 57 100
88 58 118
88 59 37
88 60 42
88 61 156
88 67 283
88 68 278
88 72 258
88 73 85
88 77 44
88 78 218
88 79 245
88 81 264
88 82 300
88 83 36
88 87 236
88 91 275
88 93 73
88 94 210
88 97 93
89 3 282
89 6 285
89 10 261
89 12 187
89 13 227
89 14 297
89 16 102
89 19 278
89 20 56
89 23 131
89 29 60
89 30 272
89 32 294
89 36 195
89 38 292
89 49 215
89 50 135
89 55 266
89 60 30
89 61 192
89 66 62
89 69 200
89 70 63
89 75 159
89 78 68
89 82 229
89 85 41
89 86 105
89 90 297
89 95 90
89 96 284
89 97 283
90 2 280
90 5 111
90 6 202
90 7 188
90 8 85
90 9 160
90 14 178
90 15 228
90 18 185
90 19 88
90 21 206
90 29 293
90 30 223
90 31 147
90 32 293
90 35 83
90 36 247
90 39 92
90 44 235
90 50 182
90 51 179
90 52 219
90 57 147
90 60 217
90 62 126
90 63 123
90 67 243
90 68 132
90 74 133
90 75 241
90 77 46
90 79 50
90 80 95
90 81 182
90 83 217
90 84 202
90 85 218
90 87 230
90 89 297
90 91 238
90 94 274
90 95 222
90 96 173
91 4 108
91 6 255
91 7 53
91 8 230
91 9 230
91 10 184
91 11 217
91 12 299
91 18 66
91 26 258
91 30 250
91 32 31
91 35 42
91 36 162
91 38 217
91 39 43
91 47 207
91 48 119
91 49 133
91 54 173
91 55 174
91 56 225
91 57 226
91 59 77
91 64 49
91 65 158
91 69 233
91 71 160
91 78 283
91 85 243
91 87 167
91 88 275
91 90 238
91 92 236
91 94 49
91 98 256
92 4 285
92 8 80
92 11 67
92 12 238
92 13 145
92 18 292
92 19 151
92 21 149
92 22 43
92 25 185
92 31 172
92 35 232
92 39 103
92 40 57
92 42 257
92 43 141
92 45 65
92 47 128
92 49 39
92 50 53
92 52 155
92 54 286
92 55 293
92 59 168
92 60 86
92 62 267
92 63 203
92 68 201
92 69 168
92 72 277
92 75 274
92 77 38
92 79 51
92 82 172
92 87 269
92 91 236
92 98 242
93 3 291
93 4 218
93 9 38
93 10 198
93 15 233
93 17 143
93 20 173
93 22 251
93 25 211
93 32 299
93 35 168
93 37 153
93 40 159
93 45 204
93 48 129
93 49 147
93 52 160
93 55 75
93 57 136
93 58 142
93 61 300
93 62 221
93 64 146
93 71 94
93 76 280
93 81 93
93 82 294
93 86 173
93 88 73
93 95 212
94 2 261
94 7 202
94 10 176
94 11 147
94 13 198
94 15 185
94 16 234
94 19 224
94 21 118
94 23 279
94 27 288
94 30 275
94 31 135
94 32 158
94 33 103
94 34 300
94 35 242
94 38 208
94 39 239
94 40 33
94 41 38
94 43 109
94 44 296
94 48 286
94 50 173
94 51 93
94 53 236
94 55 184
94 57 155
94 63 95
94 64 87
94 66 134
94 70 46
94 71 60
94 75 48
94 76 138
94 80 232
94 82 71
94 83 85
94 85 239
94 86 256
94 87 140
94 88 210
94 90 274
94 91 49
95 3 229
95 5 116
95 10 267
95 11 48
95 12 273
95 15 175
95 17 202
95 20 146
95 22 75
95 23 236
95 28 56
95 34 217
95 36 232
95 46 74
95 47 80
95 50 272
95 51 177
95 53 120
95 54 137
95 55 249
95 57 34
95 58 251
95 60 127
95 64 174
95 74 141
95 75 273
95 79 77
95 80 256
95 81 43
95 82 180
95 85 270
95 89 90
95 90 222
95 93 212
95 97 234
95 99 102
96 2 146
96 4 119
96 5 91
96 13 112
96 17 122
96 18 93
96 19 111
96 21 272
96 26 223
96 29 92
96 34 168
96 35 32
96 37 300
96 42 167
96 48 294
96 50 169
96 59 93
96 61 55
96 64 289
96 68 299
96 73 68
96 74 56
96 84 55
96 86 226
96 89 284
96 90 173
96 97 128
96 99 281
97 1 292
97 3 183
97 4 127
97 7 183
97 8 96
97 9 40
97 10 60
97 11 75
97 13 108
97 14 197
97 15 213
97 20 190
97 22 169
97 23 127
97 25 130
97 27 218
97 30 241
97 31 152
97 32 54
97 33 84
97 34 245
97 36 256
97 38 49
97 43 238
97 44 161
97 46 288
97 49 122
97 51 150
97 52 96
97 54 107
97 57 51
97 63 44
97 66 138
97 67 51
97 70 31
97 74 237
97 77 233
97 83 160
97 85 186
97 86 132
97 88 93
97 89 283
97 95 234
97 96 128
98 2 246
98 5 92
98 6 208
98 9 197
98 13 257
98 15 128
98 16 261
98 25 167
98 27 284
98 28 55
98 33 156
98 38 35
98 42 52
98 43 162
98 44 175
98 46 300
98 47 269
98 48 60
98 51 67
98 54 64
98 57 122
98 59 221
98 60 115
98 61 85
98 62 117
98 63 240
98 68 133
98 70 252
98 73 181
98 77 283
98 78 37
98 85 229
98 87 240
98 91 256
98 92 242
2 t 285
3 t 274
5 t 232
8 t 245
13 t 188
15 t 66
17 t 66
19 t 107
20 t 200
21 t 206
25 t 57
26 t 151
31 t 32
33 t 47
34 t 191
35 t 116
36 t 238
40 t 225
41 t 150
43 t 260
44 t 41
50 t 150
52 t 164
54 t 288
55 t 74
57 t 51
58 t 68
59 t 78
61 t 155
62 t 270
63 t 245
64 t 295
65 t 196
66 t 259
67 t 182
72 t 39
75 t 262
79 t 220
82 t 293
83 t 56
85 t 99
86 t 182
95 t 102
96 t 281
