s 1 47
s 2 134
s 3 150
s 4 296
s 5 197
s 6 55
s 7 41
s 8 147
s 9 268
s 10 237
s 11 99
s 12 119
s 13 274
s 14 276
s 15 223
s 16 223
s 17 203
s 18 242
s 19 243
s 20 132
s 21 260
s 22 176
s 23 185
s 24 71
s 25 246
s 26 296
s 27 270
s 28 119
s 29 59
s 30 297
s 31 214
s 32 242
s 33 217
s 34 56
s 35 118
s 36 120
s 37 107
s 38 166
s 39 239
s 40 246
s 41 282
s 42 63
s 43 270
s 44 30
s 45 223
s 46 203
s 47 291
s 48 149
s 49 133
s 50 231
s 51 175
s 52 297
s 53 66
s 54 152
s 55 34
s 56 92
s 57 40
s 58 185
s 59 141
s 60 174
s 61 157
s 62 227
s 63 265
s 64 265
s 65 62
s 66 110
s 67 66
s 68 195
s 69 257
s 70 158
s 71 50
s 72 84
s 73 52
s 74 256
s 75 62
s 76 65
s 77 46
s 78 259
s 79 93
s 80 203
s 81 248
s 82 87
s 83 37
s 84 155
s 85 265
s 86 178
s 87 69
s 88 287
s 89 69
s 90 77
s 91 113
s 92 202
s 93 44
s 94 101
s 95 232
s 96 292
s 97 158
s 98 262
s 99 39
1 2 122
1 3 143
1 4 138
1 5 52
1 6 135
1 7 77
1 8 130
1 9 66
1 10 195
1 11 244
1 12 209
1 13 267
1 14 145
1 15 46
1 16 193
1 17 222
1 18 197
1 19 175
1 20 109
1 21 95
1 22 244
1 23 227
1 24 170
1 25 139
1 26 99
1 27 179
1 28 276
1 29 111
1 30 45
1 31 48
1 32 58
1 33 189
1 34 185
1 35 232
1 36 164
1 37 113
1 38 50
1 39 241
1 40 236
1 41 209
1 42 111
1 43 80
1 44 159
1 45 72
1 46 168
1 47 94
1 48 30
1 49 264
1 50 44
1 51 121
1 52 145
1 53 195
1 54 201
1 55 223
1 56 184
1 57 270
1 58 49
1 59 284
1 60 141
1 61 188
1 62 84
1 63 167
1 64 273
1 65 153
1 66 144
1 67 255
1 68 66
1 69 200
1 70 82
1 71 91
1 72 289
1 73 226
1 74 149
1 75 57
1 76 265
1 77 41
1 78 136
1 79 139
1 80 123
1 81 184
1 82 51
1 83 259
1 84 152
1 85 124
1 86 276
1 87 91
1 88 283
1 89 35
1 90 58
1 91 139
1 92 71
1 93 248
1 94 38
1 95 180
1 96 266
1 97 140
1 98 141
1 99 273
2 1 122
2 3 180
2 4 161
2 5 259
2 6 69
2 7 124
2 8 300
2 9 116
2 10 37
2 11 31
2 12 259
2 13 133
2 14 270
2 15 120
2 16 157
2 17 39
2 18 223
2 19 260
2 20 202
2 21 264
2 22 103
2 23 84
2 24 78
2 25 67
2 26 181
2 27 75
2 28 130
2 29 219
2 30 62
2 31 118
2 32 76
2 33 255
2 34 137
2 35 271
2 36 74
2 37 178
2 38 73
2 39 275
2 40 164
2 41 251
2 42 238
2 43 137
2 44 238
2 45 204
2 46 250
2 47 261
2 48 269
2 49 209
2 50 98
2 51 248
2 52 136
2 53 157
2 54 84
2 55 116
2 56 151
2 57 286
2 58 107
2 59 67
2 60 115
2 61 282
2 62 39
2 63 92
2 64 225
2 65 121
2 66 199
2 67 245
2 68 108
2 69 272
2 70 40
2 71 229
2 72 191
2 73 35
2 74 274
2 75 139
2 76 71
2 77 172
2 78 245
2 79 141
2 80 111
2 81 54
2 82 241
2 83 48
2 84 166
2 85 57
2 86 159
2 87 272
2 88 281
2 89 260
2 90 48
2 91 218
2 92 101
2 93 283
2 94 92
2 95 60
2 96 259
2 97 210
2 98 172
2 99 71
3 1 143
3 2 180
3 4 210
3 5 50
3 6 280
3 7 61
3 8 191
3 9 58
3 10 61
3 11 92
3 12 231
3 13 207
3 14 297
3 15 108
3 16 194
3 17 46
3 18 78
3 19 237
3 20 243
3 21 256
3 22 172
3 23 263
3 24 226
3 25 211
3 26 95
3 27 225
3 28 179
3 29 152
3 30 78
3 31 208
3 32 142
3 33 171
3 34 143
3 35 184
3 36 110
3 37 151
3 38 200
3 39 109
3 40 190
3 41 250
3 42 143
3 43 224
3 44 87
3 45 89
3 46 106
3 47 149
3 48 157
3 49 239
3 50 49
3 51 110
3 52 57
3 53 276
3 54 239
3 55 212
3 56 84
3 57 247
3 58 46
3 59 179
3 60 143
3 61 247
3 62 138
3 63 264
3 64 105
3 65 298
3 66 214
3 67 171
3 68 191
3 69 282
3 70 79
3 71 157
3 72 103
3 73 53
3 74 110
3 75 289
3 76 67
3 77 202
3 78 207
3 79 290
3 80 161
3 81 177
3 82 137
3 83 298
3 84 250
3 85 138
3 86 244
3 87 223
3 88 49
3 89 89
3 90 267
3 91 106
3 92 67
3 93 229
3 94 107
3 95 99
3 96 110
3 97 122
3 98 270
3 99 162
4 1 138
4 2 161
4 3 210
4 5 166
4 6 239
4 7 75
4 8 135
4 9 249
4 10 152
4 11 231
4 12 72
4 13 67
4 14 254
4 15 272
4 16 276
4 17 88
4 18 204
4 19 106
4 20 196
4 21 131
4 22 180
4 23 251
4 24 272
4 25 64
4 26 268
4 27 142
4 28 101
4 29 66
4 30 221
4 31 180
4 32 217
4 33 249
4 34 228
4 35 74
4 36 151
4 37 134
4 38 236
4 39 250
4 40 45
4 41 51
4 42 290
4 43 143
4 44 157
4 45 190
4 46 35
4 47 179
4 48 46
4 49 215
4 50 160
4 51 179
4 52 255
4 53 116
4 54 42
4 55 240
4 56 73
4 57 109
4 58 61
4 59 50
4 60 166
4 61 113
4 62 121
4 63 231
4 64 218
4 65 216
4 66 118
4 67 207
4 68 167
4 69 230
4 70 45
4 71 231
4 72 117
4 73 163
4 74 268
4 75 179
4 76 230
4 77 117
4 78 251
4 79 263
4 80 35
4 81 63
4 82 194
4 83 195
4 84 266
4 85 71
4 86 295
4 87 85
4 88 221
4 89 176
4 90 284
4 91 93
4 92 52
4 93 296
4 94 111
4 95 222
4 96 120
4 97 74
4 98 279
4 99 182
5 1 52
5 2 259
5 3 50
5 4 166
5 6 198
5 7 160
5 8 112
5 9 35
5 10 118
5 11 119
5 12 47
5 13 234
5 14 105
5 15 120
5 16 210
5 17 144
5 18 280
5 19 146
5 20 234
5 21 279
5 22 246
5 23 205
5 24 276
5 25 91
5 26 224
5 27 39
5 28 224
5 29 126
5 30 61
5 31 235
5 32 227
5 33 214
5 34 67
5 35 203
5 36 229
5 37 57
5 38 220
5 39 149
5 40 154
5 41 169
5 42 100
5 43 112
5 44 263
5 45 54
5 46 119
5 47 61
5 48 46
5 49 193
5 50 31
5 51 148
5 52 218
5 53 73
5 54 78
5 55 67
5 56 48
5 57 269
5 58 235
5 59 114
5 60 85
5 61 226
5 62 273
5 63 256
5 64 108
5 65 226
5 66 160
5 67 53
5 68 100
5 69 117
5 70 183
5 71 260
5 72 82
5 73 54
5 74 296
5 75 146
5 76 155
5 77 53
5 78 149
5 79 70
5 80 197
5 81 73
5 82 194
5 83 77
5 84 261
5 85 86
5 86 143
5 87 229
5 88 223
5 89 189
5 90 71
5 91 243
5 92 188
5 93 56
5 94 186
5 95 250
5 96 199
5 97 129
5 98 69
5 99 264
6 1 135
6 2 69
6 3 280
6 4 239
6 5 198
6 7 211
6 8 109
6 9 43
6 10 86
6 11 63
6 12 86
6 13 250
6 14 300
6 15 133
6 16 75
6 17 93
6 18 219
6 19 93
6 20 226
6 21 140
6 22 126
6 23 76
6 24 95
6 25 65
6 26 217
6 27 198
6 28 170
6 29 75
6 30 256
6 31 218
6 32 279
6 33 126
6 34 171
6 35 286
6 36 30
6 37 67
6 38 114
6 39 176
6 40 144
6 41 230
6 42 159
6 43 191
6 44 150
6 45 181
6 46 188
6 47 241
6 48 246
6 49 234
6 50 291
6 51 202
6 52 40
6 53 265
6 54 274
6 55 145
6 56 278
6 57 110
6 58 207
6 59 215
6 60 137
6 61 120
6 62 182
6 63 145
6 64 83
6 65 298
6 66 256
6 67 131
6 68 153
6 69 252
6 70 193
6 71 109
6 72 214
6 73 178
6 74 285
6 75 251
6 76 223
6 77 116
6 78 99
6 79 201
6 80 68
6 81 134
6 82 147
6 83 243
6 84 265
6 85 77
6 86 262
6 87 39
6 88 263
6 89 98
6 90 292
6 91 224
6 92 149
6 93 86
6 94 294
6 95 290
6 96 49
6 97 164
6 98 33
6 99 129
7 1 77
7 2 124
7 3 61
7 4 75
7 5 160
7 6 211
7 8 53
7 9 85
7 10 297
7 11 87
7 12 270
7 13 219
7 14 46
7 15 249
7 16 203
7 17 246
7 18 219
7 19 121
7 20 150
7 21 225
7 22 223
7 23 36
7 24 195
7 25 64
7 26 91
7 27 170
7 28 280
7 29 32
7 30 153
7 31 252
7 32 31
7 33 115
7 34 63
7 35 247
7 36 32
7 37 68
7 38 226
7 39 270
7 40 54
7 41 186
7 42 250
7 43 272
7 44 296
7 45 60
7 46 95
7 47 77
7 48 35
7 49 130
7 50 230
7 51 151
7 52 294
7 53 294
7 54 70
7 55 89
7 56 209
7 57 179
7 58 76
7 59 239
7 60 61
7 61 195
7 62 235
7 63 61
7 64 47
7 65 255
7 66 68
7 67 233
7 68 259
7 69 176
7 70 200
7 71 172
7 72 295
7 73 162
7 74 160
7 75 212
7 76 174
7 77 71
7 78 57
7 79 59
7 80 298
7 81 232
7 82 118
7 83 55
7 84 52
7 85 295
7 86 168
7 87 81
7 88 299
7 89 163
7 90 99
7 91 297
7 92 166
7 93 165
7 94 189
7 95 212
7 96 167
7 97 90
7 98 239
7 99 132
8 1 130
8 2 300
8 3 191
8 4 135
8 5 112
8 6 109
8 7 53
8 9 206
8 10 152
8 11 54
8 12 244
8 13 195
8 14 261
8 15 51
8 16 156
8 17 113
8 18 78
8 19 54
8 20 183
8 21 180
8 22 65
8 23 180
8 24 70
8 25 135
8 26 92
8 27 131
8 28 261
8 29 95
8 30 205
8 31 70
8 32 154
8 33 51
8 34 95
8 35 160
8 36 129
8 37 57
8 38 266
8 39 270
8 40 86
8 41 239
8 42 78
8 43 52
8 44 239
8 45 40
8 46 65
8 47 123
8 48 58
8 49 65
8 50 104
8 51 237
8 52 163
8 53 271
8 54 248
8 55 218
8 56 76
8 57 284
8 58 232
8 59 49
8 60 43
8 61 300
8 62 42
8 63 237
8 64 53
8 65 199
8 66 152
8 67 268
8 68 261
8 69 216
8 70 188
8 71 161
8 72 254
8 73 279
8 74 47
8 75 247
8 76 90
8 77 253
8 78 195
8 79 126
8 80 219
8 81 143
8 82 260
8 83 32
8 84 254
8 85 82
8 86 179
8 87 69
8 88 64
8 89 126
8 90 101
8 91 208
8 92 247
8 93 250
8 94 107
8 95 187
8 96 35
8 97 118
8 98 101
8 99 288
9 1 66
9 2 116
9 3 58
9 4 249
9 5 35
9 6 43
9 7 85
9 8 206
9 10 133
9 11 198
9 12 99
9 13 243
9 14 169
9 15 42
9 16 82
9 17 226
9 18 70
9 19 117
9 20 158
9 21 237
9 22 214
9 23 163
9 24 192
9 25 293
9 26 83
9 27 141
9 28 287
9 29 98
9 30 118
9 31 98
9 32 237
9 33 222
9 34 62
9 35 80
9 36 177
9 37 157
9 38 115
9 39 125
9 40 57
9 41 275
9 42 134
9 43 175
9 44 242
9 45 149
9 46 177
9 47 227
9 48 182
9 49 58
9 50 33
9 51 258
9 52 218
9 53 67
9 54 92
9 55 56
9 56 280
9 57 135
9 58 236
9 59 174
9 60 251
9 61 254
9 62 200
9 63 51
9 64 108
9 65 231
9 66 161
9 67 181
9 68 53
9 69 197
9 70 130
9 71 237
9 72 289
9 73 230
9 74 264
9 75 138
9 76 94
9 77 230
9 78 269
9 79 52
9 80 59
9 81 228
9 82 123
9 83 89
9 84 124
9 85 88
9 86 293
9 87 263
9 88 187
9 89 201
9 90 166
9 91 156
9 92 261
9 93 85
9 94 147
9 95 189
9 96 198
9 97 114
9 98 261
9 99 260
10 1 195
10 2 37
10 3 61
10 4 152
10 5 118
10 6 86
10 7 297
10 8 152
10 9 133
10 11 237
10 12 293
10 13 106
10 14 82
10 15 213
10 16 138
10 17 252
10 18 94
10 19 249
10 20 258
10 21 254
10 22 267
10 23 80
10 24 193
10 25 152
10 26 280
10 27 58
10 28 199
10 29 243
10 30 183
10 31 191
10 32 82
10 33 191
10 34 69
10 35 271
10 36 121
10 37 85
10 38 291
10 39 236
10 40 237
10 41 116
10 42 174
10 43 300
10 44 67
10 45 129
10 46 144
10 47 188
10 48 162
10 49 265
10 50 127
10 51 210
10 52 105
10 53 137
10 54 259
10 55 265
10 56 228
10 57 43
10 58 293
10 59 153
10 60 222
10 61 247
10 62 85
10 63 103
10 64 255
10 65 158
10 66 176
10 67 210
10 68 248
10 69 195
10 70 179
10 71 97
10 72 60
10 73 67
10 74 216
10 75 223
10 76 292
10 77 214
10 78 33
10 79 238
10 80 199
10 81 53
10 82 276
10 83 85
10 84 192
10 85 60
10 86 227
10 87 197
10 88 291
10 89 247
10 90 38
10 91 269
10 92 102
10 93 287
10 94 237
10 95 102
10 96 71
10 97 268
10 98 223
10 99 256
11 1 244
11 2 31
11 3 92
11 4 231
11 5 119
11 6 63
11 7 87
11 8 54
11 9 198
11 10 237
11 12 216
11 13 177
11 14 153
11 15 56
11 16 206
11 17 193
11 18 219
11 19 64
11 20 252
11 21 268
11 22 34
11 23 46
11 24 170
11 25 176
11 26 42
11 27 98
11 28 193
11 29 257
11 30 148
11 31 171
11 32 223
11 33 181
11 34 179
11 35 121
11 36 229
11 37 86
11 38 165
11 39 298
11 40 280
11 41 198
11 42 258
11 43 38
11 44 167
11 45 41
11 46 179
11 47 289
11 48 55
11 49 146
11 50 243
11 51 45
11 52 76
11 53 30
11 54 48
11 55 33
11 56 240
11 57 255
11 58 158
11 59 119
11 60 124
11 61 106
11 62 208
11 63 287
11 64 177
11 65 224
11 66 285
11 67 38
11 68 269
11 69 190
11 70 185
11 71 238
11 72 81
11 73 45
11 74 282
11 75 251
11 76 243
11 77 76
11 78 176
11 79 192
11 80 156
11 81 130
11 82 91
11 83 170
11 84 265
11 85 80
11 86 142
11 87 222
11 88 110
11 89 233
11 90 224
11 91 250
11 92 234
11 93 209
11 94 135
11 95 73
11 96 215
11 97 214
11 98 218
11 99 220
12 1 209
12 2 259
12 3 231
12 4 72
12 5 47
12 6 86
12 7 270
12 8 244
12 9 99
12 10 293
12 11 216
12 13 208
12 14 171
12 15 140
12 16 213
12 17 174
12 18 141
12 19 289
12 20 273
12 21 63
12 22 97
12 23 69
12 24 146
12 25 193
12 26 275
12 27 85
12 28 293
12 29 180
12 30 134
12 31 159
12 32 219
12 33 280
12 34 139
12 35 120
12 36 99
12 37 113
12 38 282
12 39 286
12 40 297
12 41 300
12 42 200
12 43 49
12 44 132
12 45 63
12 46 214
12 47 166
12 48 33
12 49 242
12 50 173
12 51 82
12 52 290
12 53 287
12 54 277
12 55 282
12 56 62
12 57 108
12 58 139
12 59 92
12 60 164
12 61 62
12 62 269
12 63 63
12 64 80
12 65 217
12 66 272
12 67 106
12 68 185
12 69 87
12 70 272
12 71 251
12 72 177
12 73 217
12 74 273
12 75 297
12 76 147
12 77 74
12 78 113
12 79 195
12 80 135
12 81 58
12 82 175
12 83 39
12 84 280
12 85 72
12 86 82
12 87 211
12 88 294
12 89 255
12 90 134
12 91 248
12 92 198
12 93 114
12 94 233
12 95 292
12 96 59
12 97 110
12 98 217
12 99 109
13 1 267
13 2 133
13 3 207
13 4 67
13 5 234
13 6 250
13 7 219
13 8 195
13 9 243
13 10 106
13 11 177
13 12 208
13 14 118
13 15 162
13 16 235
13 17 109
13 18 221
13 19 87
13 20 215
13 21 300
13 22 146
13 23 183
13 24 98
13 25 211
13 26 299
13 27 208
13 28 158
13 29 65
13 30 213
13 31 259
13 32 239
13 33 119
13 34 61
13 35 242
13 36 41
13 37 203
13 38 180
13 39 170
13 40 240
13 41 31
13 42 48
13 43 192
13 44 95
13 45 39
13 46 97
13 47 194
13 48 261
13 49 122
13 50 165
13 51 133
13 52 61
13 53 115
13 54 243
13 55 267
13 56 108
13 57 55
13 58 228
13 59 243
13 60 252
13 61 198
13 62 207
13 63 147
13 64 73
13 65 117
13 66 187
13 67 101
13 68 246
13 69 38
13 70 102
13 71 101
13 72 142
13 73 37
13 74 56
13 75 173
13 76 249
13 77 107
13 78 71
13 79 72
13 80 260
13 81 183
13 82 165
13 83 90
13 84 217
13 85 206
13 86 187
13 87 145
13 88 237
13 89 50
13 90 186
13 91 156
13 92 96
13 93 260
13 94 147
13 95 242
13 96 225
13 97 72
13 98 160
13 99 120
14 1 145
14 2 270
14 3 297
14 4 254
14 5 105
14 6 300
14 7 46
14 8 261
14 9 169
14 10 82
14 11 153
14 12 171
14 13 118
14 15 264
14 16 298
14 17 256
14 18 162
14 19 165
14 20 39
14 21 260
14 22 91
14 23 223
14 24 151
14 25 122
14 26 288
14 27 54
14 28 299
14 29 60
14 30 238
14 31 183
14 32 298
14 33 34
14 34 136
14 35 117
14 36 217
14 37 190
14 38 139
14 39 172
14 40 141
14 41 135
14 42 155
14 43 63
14 44 208
14 45 202
14 46 300
14 47 47
14 48 65
14 49 266
14 50 209
14 51 188
14 52 189
14 53 182
14 54 248
14 55 113
14 56 93
14 57 121
14 58 134
14 59 286
14 60 72
14 61 74
14 62 63
14 63 89
14 64 32
14 65 33
14 66 58
14 67 95
14 68 108
14 69 204
14 70 70
14 71 132
14 72 182
14 73 77
14 74 216
14 75 231
14 76 131
14 77 46
14 78 181
14 79 60
14 80 223
14 81 250
14 82 290
14 83 96
14 84 263
14 85 159
14 86 192
14 87 76
14 88 151
14 89 223
14 90 199
14 91 101
14 92 246
14 93 115
14 94 134
14 95 38
14 96 297
14 97 260
14 98 241
14 99 187
15 1 46
15 2 120
15 3 108
15 4 272
15 5 120
15 6 133
15 7 249
15 8 51
15 9 42
15 10 213
15 11 56
15 12 140
15 13 162
15 14 264
15 16 243
15 17 85
15 18 296
15 19 268
15 20 185
15 21 163
15 22 144
15 23 220
15 24 247
15 25 243
15 26 288
15 27 91
15 28 198
15 29 134
15 30 102
15 31 109
15 32 120
15 33 99
15 34 52
15 35 35
15 36 259
15 37 201
15 38 195
15 39 182
15 40 297
15 41 249
15 42 227
15 43 216
15 44 219
15 45 102
15 46 174
15 47 233
15 48 212
15 49 255
15 50 259
15 51 271
15 52 90
15 53 206
15 54 178
15 55 156
15 56 97
15 57 274
15 58 57
15 59 66
15 60 61
15 61 275
15 62 130
15 63 272
15 64 166
15 65 160
15 66 75
15 67 232
15 68 69
15 69 103
15 70 98
15 71 172
15 72 90
15 73 82
15 74 260
15 75 106
15 76 107
15 77 101
15 78 53
15 79 109
15 80 273
15 81 72
15 82 274
15 83 238
15 84 107
15 85 145
15 86 155
15 87 69
15 88 169
15 89 73
15 90 103
15 91 259
15 92 71
15 93 136
15 94 238
15 95 266
15 96 64
15 97 65
15 98 71
15 99 217
16 1 193
16 2 157
16 3 194
16 4 276
16 5 210
16 6 75
16 7 203
16 8 156
16 9 82
16 10 138
16 11 206
16 12 213
16 13 235
16 14 298
16 15 243
16 17 117
16 18 82
16 19 192
16 20 221
16 21 30
16 22 244
16 23 226
16 24 277
16 25 296
16 26 218
16 27 240
16 28 60
16 29 153
16 30 121
16 31 285
16 32 186
16 33 248
16 34 148
16 35 174
16 36 262
16 37 149
16 38 64
16 39 61
16 40 56
16 41 115
16 42 177
16 43 73
16 44 69
16 45 181
16 46 79
16 47 47
16 48 216
16 49 83
16 50 188
16 51 36
16 52 72
16 53 141
16 54 166
16 55 112
16 56 120
16 57 265
16 58 106
16 59 250
16 60 208
16 61 265
16 62 193
16 63 151
16 64 110
16 65 231
16 66 300
16 67 290
16 68 151
16 69 179
16 70 69
16 71 278
16 72 279
16 73 64
16 74 283
16 75 149
16 76 62
16 77 290
16 78 170
16 79 66
16 80 138
16 81 132
16 82 32
16 83 154
16 84 155
16 85 254
16 86 241
16 87 109
16 88 231
16 89 47
16 90 267
16 91 68
16 92 229
16 93 106
16 94 58
16 95 59
16 96 257
16 97 39
16 98 42
16 99 273
17 1 222
17 2 39
17 3 46
17 4 88
17 5 144
17 6 93
17 7 246
17 8 113
17 9 226
17 10 252
17 11 193
17 12 174
17 13 109
17 14 256
17 15 85
17 16 117
17 18 197
17 19 273
17 20 52
17 21 236
17 22 202
17 23 94
17 24 286
17 25 250
17 26 297
17 27 48
17 28 70
17 29 163
17 30 225
17 31 159
17 32 111
17 33 176
17 34 248
17 35 46
17 36 143
17 37 90
17 38 210
17 39 143
17 40 147
17 41 202
17 42 117
17 43 100
17 44 116
17 45 201
17 46 229
17 47 133
17 48 99
17 49 96
17 50 245
17 51 152
17 52 47
17 53 154
17 54 34
17 55 277
17 56 197
17 57 216
17 58 38
17 59 156
17 60 157
17 61 54
17 62 93
17 63 228
17 64 137
17 65 48
17 66 120
17 67 120
17 68 176
17 69 160
17 70 263
17 71 261
17 72 57
17 73 115
17 74 100
17 75 226
17 76 132
17 77 186
17 78 258
17 79 300
17 80 146
17 81 102
17 82 162
17 83 87
17 84 81
17 85 268
17 86 253
17 87 38
17 88 188
17 89 82
17 90 59
17 91 292
17 92 131
17 93 112
17 94 99
17 95 232
17 96 232
17 97 215
17 98 205
17 99 288
18 1 197
18 2 223
18 3 78
18 4 204
18 5 280
18 6 219
18 7 219
18 8 78
18 9 70
18 10 94
18 11 219
18 12 141
18 13 221
18 14 162
18 15 296
18 16 82
18 17 197
18 19 83
18 20 244
18 21 117
18 22 45
18 23 242
18 24 62
18 25 243
18 26 82
18 27 42
18 28 128
18 29 64
18 30 154
18 31 265
18 32 174
18 33 35
18 34 241
18 35 167
18 36 258
18 37 201
18 38 82
18 39 190
18 40 265
18 41 197
18 42 131
18 43 147
18 44 68
18 45 180
18 46 49
18 47 239
18 48 35
18 49 163
18 50 173
18 51 66
18 52 91
18 53 186
18 54 203
18 55 212
18 56 41
18 57 176
18 58 87
18 59 36
18 60 292
18 61 297
18 62 273
18 63 94
18 64 262
18 65 42
18 66 46
18 67 292
18 68 60
18 69 49
18 70 195
18 71 153
18 72 51
18 73 224
18 74 110
18 75 212
18 76 123
18 77 143
18 78 36
18 79 266
18 80 161
18 81 56
18 82 46
18 83 80
18 84 45
18 85 180
18 86 275
18 87 93
18 88 158
18 89 244
18 90 97
18 91 222
18 92 259
18 93 217
18 94 46
18 95 53
18 96 295
18 97 82
18 98 129
18 99 126
19 1 175
19 2 260
19 3 237
19 4 106
19 5 146
19 6 93
19 7 121
19 8 54
19 9 117
19 10 249
19 11 64
19 12 289
19 13 87
19 14 165
19 15 268
19 16 192
19 17 273
19 18 83
19 20 292
19 21 270
19 22 233
19 23 220
19 24 112
19 25 50
19 26 59
19 27 120
19 28 235
19 29 91
19 30 74
19 31 220
19 32 121
19 33 213
19 34 210
19 35 212
19 36 96
19 37 48
19 38 264
19 39 197
19 40 132
19 41 44
19 42 210
19 43 264
19 44 165
19 45 167
19 46 203
19 47 104
19 48 251
19 49 67
19 50 275
19 51 133
19 52 40
19 53 262
19 54 221
19 55 193
19 56 243
19 57 30
19 58 161
19 59 247
19 60 78
19 61 75
19 62 300
19 63 56
19 64 213
19 65 114
19 66 271
19 67 235
19 68 298
19 69 245
19 70 74
19 71 147
19 72 143
19 73 274
19 74 299
19 75 40
19 76 220
19 77 102
19 78 78
19 79 292
19 80 185
19 81 229
19 82 267
19 83 240
19 84 71
19 85 119
19 86 264
19 87 141
19 88 248
19 89 295
19 90 76
19 91 268
19 92 118
19 93 146
19 94 277
19 95 256
19 96 116
19 97 132
19 98 242
19 99 181
20 1 109
20 2 202
20 3 243
20 4 196
20 5 234
20 6 226
20 7 150
20 8 183
20 9 158
20 10 258
20 11 252
20 12 273
20 13 215
20 14 39
20 15 185
20 16 221
20 17 52
20 18 244
20 19 292
20 21 299
20 22 116
20 23 129
20 24 202
20 25 152
20 26 226
20 27 192
20 28 118
20 29 45
20 30 174
20 31 257
20 32 31
20 33 280
20 34 83
20 35 110
20 36 123
20 37 206
20 38 163
20 39 160
20 40 71
20 41 111
20 42 265
20 43 97
20 44 229
20 45 78
20 46 217
20 47 86
20 48 222
20 49 113
20 50 263
20 51 164
20 52 114
20 53 104
20 54 239
20 55 116
20 56 163
20 57 167
20 58 282
20 59 180
20 60 187
20 61 112
20 62 78
20 63 140
20 64 133
20 65 178
20 66 264
20 67 271
20 68 105
20 69 101
20 70 133
20 71 72
20 72 111
20 73 105
20 74 292
20 75 187
20 76 115
20 77 157
20 78 285
20 79 271
20 80 298
20 81 195
20 82 30
20 83 133
20 84 296
20 85 122
20 86 64
20 87 274
20 88 103
20 89 181
20 90 243
20 91 243
20 92 225
20 93 49
20 94 133
20 95 37
20 96 127
20 97 70
20 98 268
20 99 244
21 1 95
21 2 264
21 3 256
21 4 131
21 5 279
21 6 140
21 7 225
21 8 180
21 9 237
21 10 254
21 11 268
21 12 63
21 13 300
21 14 260
21 15 163
21 16 30
21 17 236
21 18 117
21 19 270
21 20 299
21 22 208
21 23 173
21 24 259
21 25 278
21 26 244
21 27 149
21 28 159
21 29 60
21 30 58
21 31 39
21 32 139
21 33 235
21 34 50
21 35 224
21 36 290
21 37 94
21 38 194
21 39 105
21 40 131
21 41 239
21 42 157
21 43 93
21 44 209
21 45 135
21 46 278
21 47 127
21 48 122
21 49 71
21 50 57
21 51 86
21 52 126
21 53 294
21 54 73
21 55 249
21 56 272
21 57 275
21 58 153
21 59 80
21 60 251
21 61 70
21 62 130
21 63 51
21 64 58
21 65 285
21 66 90
21 67 99
21 68 81
21 69 223
21 70 198
21 71 212
21 72 82
21 73 179
21 74 167
21 75 97
21 76 153
21 77 91
21 78 131
21 79 277
21 80 299
21 81 155
21 82 268
21 83 197
21 84 250
21 85 234
21 86 47
21 87 240
21 88 33
21 89 292
21 90 286
21 91 251
21 92 235
21 93 146
21 94 120
21 95 101
21 96 261
21 97 120
21 98 214
21 99 64
22 1 244
22 2 103
22 3 172
22 4 180
22 5 246
22 6 126
22 7 223
22 8 65
22 9 214
22 10 267
22 11 34
22 12 97
22 13 146
22 14 91
22 15 144
22 16 244
22 17 202
22 18 45
22 19 233
22 20 116
22 21 208
22 23 87
22 24 264
22 25 169
22 26 121
22 27 45
22 28 142
22 29 92
22 30 240
22 31 286
22 32 145
22 33 197
22 34 76
22 35 68
22 36 132
22 37 96
22 38 54
22 39 198
22 40 104
22 41 89
22 42 59
22 43 94
22 44 71
22 45 35
22 46 134
22 47 290
22 48 174
22 49 209
22 50 136
22 51 259
22 52 193
22 53 196
22 54 76
22 55 122
22 56 79
22 57 168
22 58 214
22 59 288
22 60 184
22 61 246
22 62 277
22 63 147
22 64 257
22 65 144
22 66 230
22 67 278
22 68 66
22 69 216
22 70 278
22 71 177
22 72 270
22 73 276
22 74 64
22 75 53
22 76 62
22 77 111
22 78 159
22 79 144
22 80 217
22 81 284
22 82 234
22 83 158
22 84 38
22 85 293
22 86 49
22 87 131
22 88 111
22 89 46
22 90 107
22 91 47
22 92 190
22 93 76
22 94 113
22 95 130
22 96 80
22 97 267
22 98 141
22 99 224
23 1 227
23 2 84
23 3 263
23 4 251
23 5 205
23 6 76
23 7 36
23 8 180
23 9 163
23 10 80
23 11 46
23 12 69
23 13 183
23 14 223
23 15 220
23 16 226
23 17 94
23 18 242
23 19 220
23 20 129
23 21 173
23 22 87
23 24 134
23 25 32
23 26 49
23 27 94
23 28 252
23 29 290
23 30 47
23 31 141
23 32 220
23 33 59
23 34 156
23 35 225
23 36 262
23 37 161
23 38 177
23 39 299
23 40 141
23 41 121
23 42 253
23 43 214
23 44 60
23 45 173
23 46 97
23 47 281
23 48 98
23 49 136
23 50 83
23 51 42
23 52 114
23 53 83
23 54 177
23 55 30
23 56 65
23 57 191
23 58 34
23 59 187
23 60 245
23 61 239
23 62 289
23 63 200
23 64 215
23 65 255
23 66 218
23 67 274
23 68 239
23 69 297
23 70 72
23 71 129
23 72 99
23 73 267
23 74 166
23 75 128
23 76 191
23 77 237
23 78 150
23 79 259
23 80 197
23 81 203
23 82 99
23 83 271
23 84 284
23 85 289
23 86 135
23 87 271
23 88 76
23 89 294
23 90 176
23 91 158
23 92 138
23 93 230
23 94 297
23 95 272
23 96 121
23 97 279
23 98 228
23 99 44
24 1 170
24 2 78
24 3 226
24 4 272
24 5 276
24 6 95
24 7 195
24 8 70
24 9 192
24 10 193
24 11 170
24 12 146
24 13 98
24 14 151
24 15 247
24 16 277
24 17 286
24 18 62
24 19 112
24 20 202
24 21 259
24 22 264
24 23 134
24 25 287
24 26 216
24 27 119
24 28 47
24 29 163
24 30 248
24 31 168
24 32 199
24 33 77
24 34 185
24 35 109
24 36 120
24 37 42
24 38 198
24 39 225
24 40 241
24 41 37
24 42 135
24 43 145
24 44 61
24 45 93
24 46 79
24 47 247
24 48 194
24 49 48
24 50 265
24 51 254
24 52 40
24 53 59
24 54 132
24 55 51
24 56 162
24 57 30
24 58 77
24 59 50
24 60 105
24 61 198
24 62 185
24 63 167
24 64 128
24 65 264
24 66 225
24 67 38
24 68 290
24 69 198
24 70 276
24 71 129
24 72 288
24 73 167
24 74 75
24 75 165
24 76 295
24 77 298
24 78 86
24 79 291
24 80 157
24 81 89
24 82 228
24 83 50
24 84 161
24 85 293
24 86 194
24 87 77
24 88 76
24 89 54
24 90 55
24 91 270
24 92 146
24 93 93
24 94 170
24 95 47
24 96 34
24 97 119
24 98 110
24 99 216
25 1 139
25 2 67
25 3 211
25 4 64
25 5 91
25 6 65
25 7 64
25 8 135
25 9 293
25 10 152
25 11 176
25 12 193
25 13 211
25 14 122
25 15 243
25 16 296
25 17 250
25 18 243
25 19 50
25 20 152
25 21 278
25 22 169
25 23 32
25 24 287
25 26 148
25 27 255
25 28 110
25 29 52
25 30 271
25 31 40
25 32 135
25 33 91
25 34 131
25 35 247
25 36 185
25 37 293
25 38 250
25 39 164
25 40 92
25 41 230
25 42 209
25 43 170
25 44 254
25 45 158
25 46 217
25 47 128
25 48 285
25 49 272
25 50 97
25 51 180
25 52 158
25 53 153
25 54 48
25 55 48
25 56 244
25 57 272
25 58 233
25 59 211
25 60 230
25 61 142
25 62 162
25 63 289
25 64 285
25 65 43
25 66 86
25 67 101
25 68 182
25 69 285
25 70 274
25 71 274
25 72 139
25 73 65
25 74 167
25 75 149
25 76 205
25 77 224
25 78 198
25 79 132
25 80 62
25 81 86
25 82 199
25 83 164
25 84 64
25 85 159
25 86 123
25 87 80
25 88 216
25 89 45
25 90 72
25 91 65
25 92 143
25 93 299
25 94 80
25 95 85
25 96 72
25 97 89
25 98 45
25 99 168
26 1 99
26 2 181
26 3 95
26 4 268
26 5 224
26 6 217
26 7 91
26 8 92
26 9 83
26 10 280
26 11 42
26 12 275
26 13 299
26 14 288
26 15 288
26 16 218
26 17 297
26 18 82
26 19 59
26 20 226
26 21 244
26 22 121
26 23 49
26 24 216
26 25 148
26 27 273
26 28 282
26 29 53
26 30 299
26 31 96
26 32 39
26 33 141
26 34 215
26 35 122
26 36 53
26 37 73
26 38 297
26 39 100
26 40 36
26 41 145
26 42 259
26 43 178
26 44 68
26 45 77
26 46 277
26 47 256
26 48 268
26 49 75
26 50 164
26 51 37
26 52 226
26 53 266
26 54 212
26 55 179
26 56 145
26 57 179
26 58 265
26 59 104
26 60 77
26 61 65
26 62 55
26 63 264
26 64 212
26 65 251
26 66 105
26 67 177
26 68 173
26 69 65
26 70 295
26 71 76
26 72 82
26 73 298
26 74 210
26 75 96
26 76 236
26 77 160
26 78 299
26 79 249
26 80 260
26 81 177
26 82 59
26 83 146
26 84 262
26 85 43
26 86 72
26 87 97
26 88 245
26 89 121
26 90 274
26 91 271
26 92 242
26 93 255
26 94 209
26 95 198
26 96 59
26 97 61
26 98 31
26 99 267
27 1 179
27 2 75
27 3 225
27 4 142
27 5 39
27 6 198
27 7 170
27 8 131
27 9 141
27 10 58
27 11 98
27 12 85
27 13 208
27 14 54
27 15 91
27 16 240
27 17 48
27 18 42
27 19 120
27 20 192
27 21 149
27 22 45
27 23 94
27 24 119
27 25 255
27 26 273
27 28 189
27 29 243
27 30 65
27 31 171
27 32 104
27 33 76
27 34 289
27 35 199
27 36 276
27 37 47
27 38 273
27 39 118
27 40 55
27 41 218
27 42 160
27 43 212
27 44 284
27 45 190
27 46 186
27 47 136
27 48 112
27 49 213
27 50 193
27 51 226
27 52 111
27 53 81
27 54 125
27 55 265
27 56 217
27 57 147
27 58 297
27 59 71
27 60 201
27 61 186
27 62 276
27 63 137
27 64 294
27 65 89
27 66 159
27 67 261
27 68 87
27 69 162
27 70 239
27 71 109
27 72 49
27 73 223
27 74 146
27 75 216
27 76 121
27 77 251
27 78 32
27 79 70
27 80 122
27 81 150
27 82 292
27 83 103
27 84 225
27 85 156
27 86 189
27 87 96
27 88 150
27 89 296
27 90 115
27 91 129
27 92 189
27 93 242
27 94 64
27 95 271
27 96 130
27 97 171
27 98 292
27 99 194
28 1 276
28 2 130
28 3 179
28 4 101
28 5 224
28 6 170
28 7 280
28 8 261
28 9 287
28 10 199
28 11 193
28 12 293
28 13 158
28 14 299
28 15 198
28 16 60
28 17 70
28 18 128
28 19 235
28 20 118
28 21 159
28 22 142
28 23 252
28 24 47
28 25 110
28 26 282
28 27 189
28 29 96
28 30 113
28 31 286
28 32 241
28 33 201
28 34 236
28 35 107
28 36 277
28 37 43
28 38 32
28 39 150
28 40 245
28 41 67
28 42 75
28 43 203
28 44 93
28 45 274
28 46 89
28 47 211
28 48 38
28 49 40
28 50 223
28 51 256
28 52 229
28 53 129
28 54 153
28 55 120
28 56 280
28 57 286
28 58 71
28 59 286
28 60 266
28 61 66
28 62 285
28 63 198
28 64 64
28 65 93
28 66 147
28 67 147
28 68 208
28 69 266
28 70 178
28 71 297
28 72 56
28 73 253
28 74 197
28 75 265
28 76 230
28 77 105
28 78 188
28 79 92
28 80 83
28 81 268
28 82 254
28 83 179
28 84 300
28 85 169
28 86 276
28 87 107
28 88 173
28 89 153
28 90 124
28 91 177
28 92 193
28 93 119
28 94 121
28 95 217
28 96 218
28 97 34
28 98 240
28 99 221
29 1 111
29 2 219
29 3 152
29 4 66
29 5 126
29 6 75
29 7 32
29 8 95
29 9 98
29 10 243
29 11 257
29 12 180
29 13 65
29 14 60
29 15 134
29 16 153
29 17 163
29 18 64
29 19 91
29 20 45
29 21 60
29 22 92
29 23 290
29 24 163
29 25 52
29 26 53
29 27 243
29 28 96
29 30 150
29 31 209
29 32 144
29 33 114
29 34 49
29 35 174
29 36 170
29 37 256
29 38 60
29 39 84
29 40 296
29 41 195
29 42 207
29 43 62
29 44 253
29 45 238
29 46 36
29 47 119
29 48 59
29 49 275
29 50 190
29 51 43
29 52 218
29 53 179
29 54 172
29 55 262
29 56 221
29 57 201
29 58 97
29 59 37
29 60 209
29 61 57
29 62 257
29 63 205
29 64 33
29 65 263
29 66 37
29 67 178
29 68 284
29 69 256
29 70 223
29 71 62
29 72 258
29 73 51
29 74 298
29 75 223
29 76 236
29 77 296
29 78 203
29 79 60
29 80 145
29 81 110
29 82 106
29 83 229
29 84 265
29 85 124
29 86 136
29 87 272
29 88 219
29 89 294
29 90 144
29 91 90
29 92 222
29 93 54
29 94 266
29 95 46
29 96 213
29 97 86
29 98 111
29 99 82
30 1 45
30 2 62
30 3 78
30 4 221
30 5 61
30 6 256
30 7 153
30 8 205
30 9 118
30 10 183
30 11 148
30 12 134
30 13 213
30 14 238
30 15 102
30 16 121
30 17 225
30 18 154
30 19 74
30 20 174
30 21 58
30 22 240
30 23 47
30 24 248
30 25 271
30 26 299
30 27 65
30 28 113
30 29 150
30 31 271
30 32 116
30 33 30
30 34 87
30 35 173
30 36 218
30 37 112
30 38 61
30 39 183
30 40 115
30 41 262
30 42 220
30 43 152
30 44 171
30 45 168
30 46 280
30 47 93
30 48 49
30 49 255
30 50 163
30 51 154
30 52 116
30 53 62
30 54 192
30 55 83
30 56 253
30 57 298
30 58 275
30 59 97
30 60 259
30 61 111
30 62 82
30 63 147
30 64 229
30 65 174
30 66 108
30 67 178
30 68 54
30 69 136
30 70 161
30 71 269
30 72 174
30 73 48
30 74 56
30 75 154
30 76 111
30 77 77
30 78 57
30 79 231
30 80 183
30 81 139
30 82 39
30 83 287
30 84 299
30 85 155
30 86 275
30 87 79
30 88 164
30 89 37
30 90 223
30 91 256
30 92 35
30 93 298
30 94 228
30 95 206
30 96 187
30 97 238
30 98 131
30 99 277
31 1 48
31 2 118
31 3 208
31 4 180
31 5 235
31 6 218
31 7 252
31 8 70
31 9 98
31 10 191
31 11 171
31 12 159
31 13 259
31 14 183
31 15 109
31 16 285
31 17 159
31 18 265
31 19 220
31 20 257
31 21 39
31 22 286
31 23 141
31 24 168
31 25 40
31 26 96
31 27 171
31 28 286
31 29 209
31 30 271
31 32 190
31 33 114
31 34 287
31 35 90
31 36 298
31 37 268
31 38 39
31 39 231
31 40 140
31 41 124
31 42 123
31 43 246
31 44 101
31 45 149
31 46 143
31 47 253
31 48 166
31 49 107
31 50 57
31 51 289
31 52 274
31 53 67
31 54 242
31 55 57
31 56 209
31 57 275
31 58 275
31 59 257
31 60 132
31 61 45
31 62 38
31 63 160
31 64 81
31 65 68
31 66 128
31 67 222
31 68 180
31 69 43
31 70 81
31 71 223
31 72 118
31 73 179
31 74 261
31 75 208
31 76 147
31 77 121
31 78 167
31 79 244
31 80 66
31 81 193
31 82 185
31 83 213
31 84 47
31 85 222
31 86 110
31 87 163
31 88 136
31 89 256
31 90 185
31 91 300
31 92 186
31 93 296
31 94 292
31 95 131
31 96 175
31 97 130
31 98 291
31 99 242
32 1 58
32 2 76
32 3 142
32 4 217
32 5 227
32 6 279
32 7 31
32 8 154
32 9 237
32 10 82
32 11 223
32 12 219
32 13 239
32 14 298
32 15 120
32 16 186
32 17 111
32 18 174
32 19 121
32 20 31
32 21 139
32 22 145
32 23 220
32 24 199
32 25 135
32 26 39
32 27 104
32 28 241
32 29 144
32 30 116
32 31 190
32 33 126
32 34 108
32 35 146
32 36 258
32 37 30
32 38 46
32 39 235
32 40 180
32 41 201
32 42 134
32 43 186
32 44 33
32 45 137
32 46 73
32 47 197
32 48 219
32 49 233
32 50 229
32 51 271
32 52 139
32 53 280
32 54 267
32 55 165
32 56 163
32 57 292
32 58 228
32 59 241
32 60 77
32 61 266
32 62 226
32 63 102
32 64 197
32 65 144
32 66 138
32 67 110
32 68 296
32 69 227
32 70 220
32 71 249
32 72 154
32 73 39
32 74 299
32 75 212
32 76 55
32 77 261
32 78 123
32 79 72
32 80 52
32 81 44
32 82 31
32 83 285
32 84 123
32 85 60
32 86 90
32 87 194
32 88 69
32 89 135
32 90 189
32 91 163
32 92 134
32 93 82
32 94 56
32 95 192
32 96 186
32 97 226
32 98 281
32 99 242
33 1 189
33 2 255
33 3 171
33 4 249
33 5 214
33 6 126
33 7 115
33 8 51
33 9 222
33 10 191
33 11 181
33 12 280
33 13 119
33 14 34
33 15 99
33 16 248
33 17 176
33 18 35
33 19 213
33 20 280
33 21 235
33 22 197
33 23 59
33 24 77
33 25 91
33 26 141
33 27 76
33 28 201
33 29 114
33 30 30
33 31 114
33 32 126
33 34 102
33 35 283
33 36 138
33 37 147
33 38 169
33 39 126
33 40 200
33 41 246
33 42 171
33 43 138
33 44 255
33 45 122
33 46 146
33 47 183
33 48 195
33 49 295
33 50 107
33 51 143
33 52 52
33 53 160
33 54 299
33 55 299
33 56 289
33 57 124
33 58 72
33 59 179
33 60 225
33 61 212
33 62 254
33 63 257
33 64 121
33 65 177
33 66 54
33 67 233
33 68 156
33 69 265
33 70 212
33 71 135
33 72 256
33 73 238
33 74 298
33 75 136
33 76 242
33 77 88
33 78 160
33 79 174
33 80 104
33 81 173
33 82 165
33 83 51
33 84 41
33 85 94
33 86 132
33 87 54
33 88 91
33 89 258
33 90 65
33 91 194
33 92 265
33 93 208
33 94 260
33 95 57
33 96 84
33 97 272
33 98 295
33 99 64
34 1 185
34 2 137
34 3 143
34 4 228
34 5 67
34 6 171
34 7 63
34 8 95
34 9 62
34 10 69
34 11 179
34 12 139
34 13 61
34 14 136
34 15 52
34 16 148
34 17 248
34 18 241
34 19 210
34 20 83
34 21 50
34 22 76
34 23 156
34 24 185
34 25 131
34 26 215
34 27 289
34 28 236
34 29 49
34 30 87
34 31 287
34 32 108
34 33 102
34 35 193
34 36 232
34 37 98
34 38 58
34 39 166
34 40 267
34 41 40
34 42 131
34 43 268
34 44 267
34 45 51
34 46 77
34 47 214
34 48 104
34 49 108
34 50 203
34 51 257
34 52 35
34 53 244
34 54 93
34 55 262
34 56 262
34 57 293
34 58 134
34 59 285
34 60 39
34 61 137
34 62 129
34 63 163
34 64 299
34 65 219
34 66 117
34 67 140
34 68 184
34 69 171
34 70 210
34 71 53
34 72 139
34 73 257
34 74 83
34 75 117
34 76 244
34 77 278
34 78 217
34 79 240
34 80 235
34 81 296
34 82 121
34 83 39
34 84 227
34 85 64
34 86 60
34 87 224
34 88 64
34 89 267
34 90 222
34 91 43
34 92 254
34 93 279
34 94 160
34 95 152
34 96 103
34 97 190
34 98 142
34 99 131
35 1 232
35 2 271
35 3 184
35 4 74
35 5 203
35 6 286
35 7 247
35 8 160
35 9 80
35 10 271
35 11 121
35 12 120
35 13 242
35 14 117
35 15 35
35 16 174
35 17 46
35 18 167
35 19 212
35 20 110
35 21 224
35 22 68
35 23 225
35 24 109
35 25 247
35 26 122
35 27 199
35 28 107
35 29 174
35 30 173
35 31 90
35 32 146
35 33 283
35 34 193
35 36 35
35 37 300
35 38 223
35 39 56
35 40 114
35 41 103
35 42 80
35 43 166
35 44 208
35 45 161
35 46 234
35 47 292
35 48 298
35 49 206
35 50 259
35 51 96
35 52 34
35 53 240
35 54 211
35 55 142
35 56 54
35 57 192
35 58 141
35 59 228
35 60 200
35 61 45
35 62 92
35 63 245
35 64 244
35 65 72
35 66 109
35 67 99
35 68 114
35 69 159
35 70 263
35 71 36
35 72 49
35 73 82
35 74 51
35 75 48
35 76 258
35 77 93
35 78 103
35 79 44
35 80 220
35 81 208
35 82 57
35 83 264
35 84 258
35 85 202
35 86 194
35 87 136
35 88 216
35 89 165
35 90 98
35 91 296
35 92 160
35 93 228
35 94 149
35 95 215
35 96 218
35 97 196
35 98 255
35 99 53
36 1 164
36 2 74
36 3 110
36 4 151
36 5 229
36 6 30
36 7 32
36 8 129
36 9 177
36 10 121
36 11 229
36 12 99
36 13 41
36 14 217
36 15 259
36 16 262
36 17 143
36 18 258
36 19 96
36 20 123
36 21 290
36 22 132
36 23 262
36 24 120
36 25 185
36 26 53
36 27 276
36 28 277
36 29 170
36 30 218
36 31 298
36 32 258
36 33 138
36 34 232
36 35 35
36 37 64
36 38 295
36 39 50
36 40 40
36 41 291
36 42 218
36 43 57
36 44 131
36 45 240
36 46 264
36 47 37
36 48 182
36 49 279
36 50 153
36 51 223
36 52 223
36 53 116
36 54 222
36 55 263
36 56 145
36 57 257
36 58 140
36 59 139
36 60 150
36 61 189
36 62 285
36 63 179
36 64 92
36 65 182
36 66 237
36 67 68
36 68 287
36 69 289
36 70 196
36 71 121
36 72 66
36 73 53
36 74 54
36 75 291
36 76 81
36 77 70
36 78 222
36 79 250
36 80 108
36 81 206
36 82 66
36 83 282
36 84 114
36 85 235
36 86 191
36 87 40
36 88 273
36 89 240
36 90 225
36 91 174
36 92 287
36 93 206
36 94 238
36 95 292
36 96 266
36 97 237
36 98 247
36 99 182
37 1 113
37 2 178
37 3 151
37 4 134
37 5 57
37 6 67
37 7 68
37 8 57
37 9 157
37 10 85
37 11 86
37 12 113
37 13 203
37 14 190
37 15 201
37 16 149
37 17 90
37 18 201
37 19 48
37 20 206
37 21 94
37 22 96
37 23 161
37 24 42
37 25 293
37 26 73
37 27 47
37 28 43
37 29 256
37 30 112
37 31 268
37 32 30
37 33 147
37 34 98
37 35 300
37 36 64
37 38 256
37 39 182
37 40 49
37 41 254
37 42 173
37 43 281
37 44 102
37 45 140
37 46 204
37 47 160
37 48 58
37 49 117
37 50 205
37 51 167
37 52 43
37 53 103
37 54 82
37 55 228
37 56 162
37 57 168
37 58 256
37 59 203
37 60 94
37 61 98
37 62 298
37 63 147
37 64 268
37 65 300
37 66 167
37 67 33
37 68 140
37 69 133
37 70 37
37 71 85
37 72 255
37 73 127
37 74 205
37 75 153
37 76 45
37 77 260
37 78 30
37 79 115
37 80 61
37 81 207
37 82 68
37 83 186
37 84 120
37 85 297
37 86 187
37 87 188
37 88 241
37 89 84
37 90 98
37 91 38
37 92 262
37 93 80
37 94 220
37 95 108
37 96 195
37 97 277
37 98 251
37 99 173
38 1 50
38 2 73
38 3 200
38 4 236
38 5 220
38 6 114
38 7 226
38 8 266
38 9 115
38 10 291
38 11 165
38 12 282
38 13 180
38 14 139
38 15 195
38 16 64
38 17 210
38 18 82
38 19 264
38 20 163
38 21 194
38 22 54
38 23 177
38 24 198
38 25 250
38 26 297
38 27 273
38 28 32
38 29 60
38 30 61
38 31 39
38 32 46
38 33 169
38 34 58
38 35 223
38 36 295
38 37 256
38 39 232
38 40 131
38 41 82
38 42 202
38 43 109
38 44 91
38 45 136
38 46 96
38 47 162
38 48 289
38 49 280
38 50 129
38 51 206
38 52 122
38 53 96
38 54 265
38 55 76
38 56 215
38 57 232
38 58 274
38 59 223
38 60 190
38 61 45
38 62 154
38 63 298
38 64 136
38 65 241
38 66 182
38 67 271
38 68 172
38 69 66
38 70 212
38 71 197
38 72 122
38 73 246
38 74 116
38 75 121
38 76 237
38 77 102
38 78 76
38 79 246
38 80 188
38 81 43
38 82 215
38 83 232
38 84 146
38 85 97
38 86 96
38 87 168
38 88 244
38 89 75
38 90 219
38 91 57
38 92 75
38 93 152
38 94 138
38 95 256
38 96 292
38 97 59
38 98 272
38 99 173
39 1 241
39 2 275
39 3 109
39 4 250
39 5 149
39 6 176
39 7 270
39 8 270
39 9 125
39 10 236
39 11 298
39 12 286
39 13 170
39 14 172
39 15 182
39 16 61
39 17 143
39 18 190
39 19 197
39 20 160
39 21 105
39 22 198
39 23 299
39 24 225
39 25 164
39 26 100
39 27 118
39 28 150
39 29 84
39 30 183
39 31 231
39 32 235
39 33 126
39 34 166
39 35 56
39 36 50
39 37 182
39 38 232
39 40 286
39 41 198
39 42 98
39 43 298
39 44 171
39 45 219
39 46 112
39 47 192
39 48 101
39 49 43
39 50 279
39 51 191
39 52 112
39 53 98
39 54 80
39 55 204
39 56 129
39 57 141
39 58 253
39 59 59
39 60 70
39 61 270
39 62 240
39 63 80
39 64 203
39 65 53
39 66 50
39 67 74
39 68 218
39 69 64
39 70 245
39 71 59
39 72 146
39 73 42
39 74 283
39 75 163
39 76 78
39 77 30
39 78 222
39 79 180
39 80 133
39 81 64
39 82 37
39 83 198
39 84 70
39 85 200
39 86 65
39 87 134
39 88 61
39 89 60
39 90 124
39 91 298
39 92 197
39 93 58
39 94 252
39 95 226
39 96 122
39 97 93
39 98 97
39 99 296
40 1 236
40 2 164
40 3 190
40 4 45
40 5 154
40 6 144
40 7 54
40 8 86
40 9 57
40 10 237
40 11 280
40 12 297
40 13 240
40 14 141
40 15 297
40 16 56
40 17 147
40 18 265
40 19 132
40 20 71
40 21 131
40 22 104
40 23 141
40 24 241
40 25 92
40 26 36
40 27 55
40 28 245
40 29 296
40 30 115
40 31 140
40 32 180
40 33 200
40 34 267
40 35 114
40 36 40
40 37 49
40 38 131
40 39 286
40 41 134
40 42 168
40 43 247
40 44 87
40 45 114
40 46 57
40 47 173
40 48 180
40 49 254
40 50 131
40 51 44
40 52 70
40 53 270
40 54 192
40 55 160
40 56 124
40 57 152
40 58 63
40 59 271
40 60 190
40 61 70
40 62 243
40 63 236
40 64 294
40 65 200
40 66 284
40 67 64
40 68 177
40 69 154
40 70 226
40 71 90
40 72 220
40 73 136
40 74 58
40 75 121
40 76 35
40 77 89
40 78 149
40 79 260
40 80 250
40 81 142
40 82 173
40 83 235
40 84 37
40 85 149
40 86 81
40 87 234
40 88 154
40 89 252
40 90 232
40 91 171
40 92 218
40 93 103
40 94 208
40 95 91
40 96 99
40 97 57
40 98 79
40 99 246
41 1 209
41 2 251
41 3 250
41 4 51
41 5 169
41 6 230
41 7 186
41 8 239
41 9 275
41 10 116
41 11 198
41 12 300
41 13 31
41 14 135
41 15 249
41 16 115
41 17 202
41 18 197
41 19 44
41 20 111
41 21 239
41 22 89
41 23 121
41 24 37
41 25 230
41 26 145
41 27 218
41 28 67
41 29 195
41 30 262
41 31 124
41 32 201
41 33 246
41 34 40
41 35 103
41 36 291
41 37 254
41 38 82
41 39 198
41 40 134
41 42 150
41 43 75
41 44 234
41 45 73
41 46 51
41 47 256
41 48 197
41 49 299
41 50 79
41 51 190
41 52 114
41 53 187
41 54 86
41 55 43
41 56 97
41 57 143
41 58 86
41 59 55
41 60 161
41 61 238
41 62 240
41 63 193
41 64 57
41 65 40
41 66 35
41 67 272
41 68 291
41 69 202
41 70 61
41 71 215
41 72 119
41 73 73
41 74 63
41 75 66
41 76 160
41 77 32
41 78 236
41 79 83
41 80 37
41 81 216
41 82 240
41 83 104
41 84 176
41 85 281
41 86 158
41 87 149
41 88 63
41 89 260
41 90 128
41 91 195
41 92 150
41 93 30
41 94 239
41 95 270
41 96 187
41 97 37
41 98 124
41 99 173
42 1 111
42 2 238
42 3 143
42 4 290
42 5 100
42 6 159
42 7 250
42 8 78
42 9 134
42 10 174
42 11 258
42 12 200
42 13 48
42 14 155
42 15 227
42 16 177
42 17 117
42 18 131
42 19 210
42 20 265
42 21 157
42 22 59
42 23 253
42 24 135
42 25 209
42 26 259
42 27 160
42 28 75
42 29 207
42 30 220
42 31 123
42 32 134
42 33 171
42 34 131
42 35 80
42 36 218
42 37 173
42 38 202
42 39 98
42 40 168
42 41 150
42 43 77
42 44 108
42 45 277
42 46 50
42 47 119
42 48 148
42 49 213
42 50 93
42 51 274
42 52 265
42 53 88
42 54 245
42 55 200
42 56 114
42 57 212
42 58 164
42 59 188
42 60 86
42 61 234
42 62 245
42 63 208
42 64 279
42 65 113
42 66 243
42 67 79
42 68 253
42 69 203
42 70 208
42 71 191
42 72 93
42 73 223
42 74 84
42 75 57
42 76 293
42 77 282
42 78 184
42 79 157
42 80 106
42 81 34
42 82 88
42 83 227
42 84 118
42 85 283
42 86 127
42 87 183
42 88 253
42 89 257
42 90 42
42 91 187
42 92 53
42 93 51
42 94 130
42 95 154
42 96 246
42 97 201
42 98 30
42 99 70
43 1 80
43 2 137
43 3 224
43 4 143
43 5 112
43 6 191
43 7 272
43 8 52
43 9 175
43 10 300
43 11 38
43 12 49
43 13 192
43 14 63
43 15 216
43 16 73
43 17 100
43 18 147
43 19 264
43 20 97
43 21 93
43 22 94
43 23 214
43 24 145
43 25 170
43 26 178
43 27 212
43 28 203
43 29 62
43 30 152
43 31 246
43 32 186
43 33 138
43 34 268
43 35 166
43 36 57
43 37 281
43 38 109
43 39 298
43 40 247
43 41 75
43 42 77
43 44 167
43 45 169
43 46 45
43 47 107
43 48 182
43 49 131
43 50 193
43 51 115
43 52 48
43 53 229
43 54 230
43 55 58
43 56 90
43 57 239
43 58 284
43 59 167
43 60 39
43 61 216
43 62 81
43 63 207
43 64 137
43 65 83
43 66 229
43 67 144
43 68 292
43 69 172
43 70 176
43 71 159
43 72 93
43 73 157
43 74 219
43 75 148
43 76 201
43 77 299
43 78 284
43 79 205
43 80 247
43 81 117
43 82 105
43 83 34
43 84 247
43 85 230
43 86 249
43 87 170
43 88 106
43 89 300
43 90 268
43 91 151
43 92 33
43 93 127
43 94 132
43 95 205
43 96 210
43 97 289
43 98 201
43 99 172
44 1 159
44 2 238
44 3 87
44 4 157
44 5 263
44 6 150
44 7 296
44 8 239
44 9 242
44 10 67
44 11 167
44 12 132
44 13 95
44 14 208
44 15 219
44 16 69
44 17 116
44 18 68
44 19 165
44 20 229
44 21 209
44 22 71
44 23 60
44 24 61
44 25 254
44 26 68
44 27 284
44 28 93
44 29 253
44 30 171
44 31 101
44 32 33
44 33 255
44 34 267
44 35 208
44 36 131
44 37 102
44 38 91
44 39 171
44 40 87
44 41 234
44 42 108
44 43 167
44 45 157
44 46 201
44 47 297
44 48 188
44 49 239
44 50 228
44 51 92
44 52 30
44 53 284
44 54 160
44 55 150
44 56 223
44 57 231
44 58 138
44 59 173
44 60 265
44 61 243
44 62 184
44 63 231
44 64 199
44 65 89
44 66 125
44 67 251
44 68 118
44 69 170
44 70 57
44 71 232
44 72 143
44 73 142
44 74 79
44 75 196
44 76 188
44 77 47
44 78 231
44 79 115
44 80 268
44 81 182
44 82 280
44 83 200
44 84 172
44 85 45
44 86 38
44 87 31
44 88 63
44 89 138
44 90 62
44 91 179
44 92 44
44 93 204
44 94 125
44 95 265
44 96 140
44 97 97
44 98 280
44 99 66
45 1 72
45 2 204
45 3 89
45 4 190
45 5 54
45 6 181
45 7 60
45 8 40
45 9 149
45 10 129
45 11 41
45 12 63
45 13 39
45 14 202
45 15 102
45 16 181
45 17 201
45 18 180
45 19 167
45 20 78
45 21 135
45 22 35
45 23 173
45 24 93
45 25 158
45 26 77
45 27 190
45 28 274
45 29 238
45 30 168
45 31 149
45 32 137
45 33 122
45 34 51
45 35 161
45 36 240
45 37 140
45 38 136
45 39 219
45 40 114
45 41 73
45 42 277
45 43 169
45 44 157
45 46 237
45 47 84
45 48 76
45 49 236
45 50 287
45 51 199
45 52 294
45 53 215
45 54 227
45 55 53
45 56 291
45 57 293
45 58 264
45 59 56
45 60 229
45 61 81
45 62 246
45 63 35
45 64 282
45 65 142
45 66 74
45 67 128
45 68 294
45 69 32
45 70 99
45 71 267
45 72 125
45 73 82
45 74 54
45 75 258
45 76 54
45 77 101
45 78 274
45 79 243
45 80 281
45 81 34
45 82 139
45 83 195
45 84 192
45 85 236
45 86 148
45 87 238
45 88 235
45 89 66
45 90 47
45 91 210
45 92 138
45 93 299
45 94 161
45 95 98
45 96 265
45 97 262
45 98 237
45 99 115
46 1 168
46 2 250
46 3 106
46 4 35
46 5 119
46 6 188
46 7 95
46 8 65
46 9 177
46 10 144
46 11 179
46 12 214
46 13 97
46 14 300
46 15 174
46 16 79
46 17 229
46 18 49
46 19 203
46 20 217
46 21 278
46 22 134
46 23 97
46 24 79
46 25 217
46 26 277
46 27 186
46 28 89
46 29 36
46 30 280
46 31 143
46 32 73
46 33 146
46 34 77
46 35 234
46 36 264
46 37 204
46 38 96
46 39 112
46 40 57
46 41 51
46 42 50
46 43 45
46 44 201
46 45 237
46 47 82
46 48 62
46 49 42
46 50 209
46 51 240
46 52 147
46 53 153
46 54 265
46 55 198
46 56 43
46 57 169
46 58 43
46 59 106
46 60 62
46 61 68
46 62 224
46 63 286
46 64 111
46 65 288
46 66 289
46 67 183
46 68 103
46 69 262
46 70 94
46 71 62
46 72 255
46 73 271
46 74 243
46 75 75
46 76 249
46 77 67
46 78 34
46 79 186
46 80 221
46 81 64
46 82 105
46 83 69
46 84 275
46 85 133
46 86 214
46 87 209
46 88 99
46 89 130
46 90 127
46 91 231
46 92 292
46 93 62
46 94 261
46 95 144
46 96 214
46 97 108
46 98 98
46 99 125
47 1 94
47 2 261
47 3 149
47 4 179
47 5 61
47 6 241
47 7 77
47 8 123
47 9 227
47 10 188
47 11 289
47 12 166
47 13 194
47 14 47
47 15 233
47 16 47
47 17 133
47 18 239
47 19 104
47 20 86
47 21 127
47 22 290
47 23 281
47 24 247
47 25 128
47 26 256
47 27 136
47 28 211
47 29 119
47 30 93
47 31 253
47 32 197
47 33 183
47 34 214
47 35 292
47 36 37
47 37 160
47 38 162
47 39 192
47 40 173
47 41 256
47 42 119
47 43 107
47 44 297
47 45 84
47 46 82
47 48 156
47 49 33
47 50 50
47 51 127
47 52 63
47 53 265
47 54 254
47 55 98
47 56 80
47 57 232
47 58 39
47 59 44
47 60 89
47 61 115
47 62 63
47 63 290
47 64 45
47 65 258
47 66 62
47 67 37
47 68 252
47 69 144
47 70 95
47 71 296
47 72 293
47 73 193
47 74 69
47 75 189
47 76 73
47 77 32
47 78 31
47 79 79
47 80 277
47 81 249
47 82 252
47 83 95
47 84 116
47 85 105
47 86 62
47 87 90
47 88 128
47 89 266
47 90 251
47 91 177
47 92 68
47 93 213
47 94 171
47 95 275
47 96 124
47 97 35
47 98 146
47 99 255
48 1 30
48 2 269
48 3 157
48 4 46
48 5 46
48 6 246
48 7 35
48 8 58
48 9 182
48 10 162
48 11 55
48 12 33
48 13 261
48 14 65
48 15 212
48 16 216
48 17 99
48 18 35
48 19 251
48 20 222
48 21 122
48 22 174
48 23 98
48 24 194
48 25 285
48 26 268
48 27 112
48 28 38
48 29 59
48 30 49
48 31 166
48 32 219
48 33 195
48 34 104
48 35 298
48 36 182
48 37 58
48 38 289
48 39 101
48 40 180
48 41 197
48 42 148
48 43 182
48 44 188
48 45 76
48 46 62
48 47 156
48 49 186
48 50 272
48 51 74
48 52 42
48 53 288
48 54 54
48 55 247
48 56 247
48 57 65
48 58 156
48 59 269
48 60 199
48 61 167
48 62 46
48 63 212
48 64 264
48 65 54
48 66 278
48 67 166
48 68 215
48 69 120
48 70 292
48 71 160
48 72 95
48 73 276
48 74 186
48 75 80
48 76 225
48 77 222
48 78 267
48 79 280
48 80 117
48 81 259
48 82 205
48 83 65
48 84 214
48 85 297
48 86 46
48 87 76
48 88 287
48 89 278
48 90 281
48 91 127
48 92 54
48 93 219
48 94 193
48 95 139
48 96 202
48 97 231
48 98 108
48 99 137
49 1 264
49 2 209
49 3 239
49 4 215
49 5 193
49 6 234
49 7 130
49 8 65
49 9 58
49 10 265
49 11 146
49 12 242
49 13 122
49 14 266
49 15 255
49 16 83
49 17 96
49 18 163
49 19 67
49 20 113
49 21 71
49 22 209
49 23 136
49 24 48
49 25 272
49 26 75
49 27 213
49 28 40
49 29 275
49 30 255
49 31 107
49 32 233
49 33 295
49 34 108
49 35 206
49 36 279
49 37 117
49 38 280
49 39 43
49 40 254
49 41 299
49 42 213
49 43 131
49 44 239
49 45 236
49 46 42
49 47 33
49 48 186
49 50 248
49 51 264
49 52 90
49 53 239
49 54 77
49 55 150
49 56 121
49 57 293
49 58 245
49 59 156
49 60 91
49 61 190
49 62 32
49 63 216
49 64 119
49 65 35
49 66 69
49 67 78
49 68 265
49 69 238
49 70 280
49 71 38
49 72 145
49 73 106
49 74 130
49 75 297
49 76 289
49 77 50
49 78 206
49 79 271
49 80 98
49 81 237
49 82 193
49 83 187
49 84 64
49 85 128
49 86 225
49 87 89
49 88 173
49 89 30
49 90 123
49 91 66
49 92 166
49 93 237
49 94 96
49 95 169
49 96 223
49 97 177
49 98 117
49 99 35
50 1 44
50 2 98
50 3 49
50 4 160
50 5 31
50 6 291
50 7 230
50 8 104
50 9 33
50 10 127
50 11 243
50 12 173
50 13 165
50 14 209
50 15 259
50 16 188
50 17 245
50 18 173
50 19 275
50 20 263
50 21 57
50 22 136
50 23 83
50 24 265
50 25 97
50 26 164
50 27 193
50 28 223
50 29 190
50 30 163
50 31 57
50 32 229
50 33 107
50 34 203
50 35 259
50 36 153
50 37 205
50 38 129
50 39 279
50 40 131
50 41 79
50 42 93
50 43 193
50 44 228
50 45 287
50 46 209
50 47 50
50 48 272
50 49 248
50 51 202
50 52 182
50 53 66
50 54 127
50 55 94
50 56 295
50 57 43
50 58 46
50 59 264
50 60 252
50 61 44
50 62 35
50 63 76
50 64 249
50 65 170
50 66 64
50 67 175
50 68 232
50 69 134
50 70 80
50 71 121
50 72 47
50 73 286
50 74 202
50 75 116
50 76 90
50 77 79
50 78 197
50 79 243
50 80 70
50 81 61
50 82 246
50 83 108
50 84 112
50 85 161
50 86 102
50 87 186
50 88 56
50 89 137
50 90 60
50 91 287
50 92 205
50 93 99
50 94 238
50 95 115
50 96 281
50 97 231
50 98 130
50 99 89
51 1 121
51 2 248
51 3 110
51 4 179
51 5 148
51 6 202
51 7 151
51 8 237
51 9 258
51 10 210
51 11 45
51 12 82
51 13 133
51 14 188
51 15 271
51 16 36
51 17 152
51 18 66
51 19 133
51 20 164
51 21 86
51 22 259
51 23 42
51 24 254
51 25 180
51 26 37
51 27 226
51 28 256
51 29 43
51 30 154
51 31 289
51 32 271
51 33 143
51 34 257
51 35 96
51 36 223
51 37 167
51 38 206
51 39 191
51 40 44
51 41 190
51 42 274
51 43 115
51 44 92
51 45 199
51 46 240
51 47 127
51 48 74
51 49 264
51 50 202
51 52 177
51 53 145
51 54 266
51 55 182
51 56 134
51 57 80
51 58 77
51 59 153
51 60 226
51 61 286
51 62 129
51 63 183
51 64 202
51 65 193
51 66 35
51 67 222
51 68 268
51 69 112
51 70 71
51 71 82
51 72 282
51 73 279
51 74 121
51 75 272
51 76 141
51 77 76
51 78 215
51 79 274
51 80 128
51 81 93
51 82 220
51 83 226
51 84 300
51 85 235
51 86 242
51 87 255
51 88 164
51 89 134
51 90 208
51 91 227
51 92 30
51 93 293
51 94 271
51 95 151
51 96 63
51 97 260
51 98 171
51 99 169
52 1 145
52 2 136
52 3 57
52 4 255
52 5 218
52 6 40
52 7 294
52 8 163
52 9 218
52 10 105
52 11 76
52 12 290
52 13 61
52 14 189
52 15 90
52 16 72
52 17 47
52 18 91
52 19 40
52 20 114
52 21 126
52 22 193
52 23 114
52 24 40
52 25 158
52 26 226
52 27 111
52 28 229
52 29 218
52 30 116
52 31 274
52 32 139
52 33 52
52 34 35
52 35 34
52 36 223
52 37 43
52 38 122
52 39 112
52 40 70
52 41 114
52 42 265
52 43 48
52 44 30
52 45 294
52 46 147
52 47 63
52 48 42
52 49 90
52 50 182
52 51 177
52 53 51
52 54 194
52 55 185
52 56 200
52 57 242
52 58 147
52 59 244
52 60 246
52 61 39
52 62 38
52 63 128
52 64 273
52 65 205
52 66 285
52 67 70
52 68 282
52 69 224
52 70 271
52 71 209
52 72 275
52 73 95
52 74 190
52 75 49
52 76 78
52 77 252
52 78 48
52 79 117
52 80 133
52 81 149
52 82 259
52 83 41
52 84 155
52 85 195
52 86 34
52 87 283
52 88 86
52 89 153
52 90 45
52 91 96
52 92 143
52 93 226
52 94 247
52 95 59
52 96 58
52 97 225
52 98 162
52 99 219
53 1 195
53 2 157
53 3 276
53 4 116
53 5 73
53 6 265
53 7 294
53 8 271
53 9 67
53 10 137
53 11 30
53 12 287
53 13 115
53 14 182
53 15 206
53 16 141
53 17 154
53 18 186
53 19 262
53 20 104
53 21 294
53 22 196
53 23 83
53 24 59
53 25 153
53 26 266
53 27 81
53 28 129
53 29 179
53 30 62
53 31 67
53 32 280
53 33 160
53 34 244
53 35 240
53 36 116
53 37 103
53 38 96
53 39 98
53 40 270
53 41 187
53 42 88
53 43 229
53 44 284
53 45 215
53 46 153
53 47 265
53 48 288
53 49 239
53 50 66
53 51 145
53 52 51
53 54 283
53 55 240
53 56 235
53 57 221
53 58 56
53 59 221
53 60 113
53 61 191
53 62 47
53 63 200
53 64 155
53 65 105
53 66 270
53 67 57
53 68 157
53 69 165
53 70 289
53 71 128
53 72 296
53 73 271
53 74 159
53 75 283
53 76 147
53 77 75
53 78 225
53 79 36
53 80 144
53 81 121
53 82 149
53 83 289
53 84 85
53 85 252
53 86 212
53 87 76
53 88 235
53 89 96
53 90 35
53 91 295
53 92 183
53 93 232
53 94 204
53 95 30
53 96 97
53 97 293
53 98 104
53 99 63
54 1 201
54 2 84
54 3 239
54 4 42
54 5 78
54 6 274
54 7 70
54 8 248
54 9 92
54 10 259
54 11 48
54 12 277
54 13 243
54 14 248
54 15 178
54 16 166
54 17 34
54 18 203
54 19 221
54 20 239
54 21 73
54 22 76
54 23 177
54 24 132
54 25 48
54 26 212
54 27 125
54 28 153
54 29 172
54 30 192
54 31 242
54 32 267
54 33 299
54 34 93
54 35 211
54 36 222
54 37 82
54 38 265
54 39 80
54 40 192
54 41 86
54 42 245
54 43 230
54 44 160
54 45 227
54 46 265
54 47 254
54 48 54
54 49 77
54 50 127
54 51 266
54 52 194
54 53 283
54 55 201
54 56 154
54 57 151
54 58 189
54 59 95
54 60 257
54 61 115
54 62 214
54 63 298
54 64 200
54 65 205
54 66 76
54 67 73
54 68 260
54 69 178
54 70 131
54 71 255
54 72 94
54 73 114
54 74 200
54 75 64
54 76 246
54 77 175
54 78 172
54 79 207
54 80 179
54 81 152
54 82 116
54 83 146
54 84 63
54 85 286
54 86 67
54 87 58
54 88 234
54 89 180
54 90 161
54 91 65
54 92 210
54 93 137
54 94 35
54 95 63
54 96 290
54 97 279
54 98 90
54 99 226
55 1 223
55 2 116
55 3 212
55 4 240
55 5 67
55 6 145
55 7 89
55 8 218
55 9 56
55 10 265
55 11 33
55 12 282
55 13 267
55 14 113
55 15 156
55 16 112
55 17 277
55 18 212
55 19 193
55 20 116
55 21 249
55 22 122
55 23 30
55 24 51
55 25 48
55 26 179
55 27 265
55 28 120
55 29 262
55 30 83
55 31 57
55 32 165
55 33 299
55 34 262
55 35 142
55 36 263
55 37 228
55 38 76
55 39 204
55 40 160
55 41 43
55 42 200
55 43 58
55 44 150
55 45 53
55 46 198
55 47 98
55 48 247
55 49 150
55 50 94
55 51 182
55 52 185
55 53 240
55 54 201
55 56 58
55 57 56
55 58 221
55 59 196
55 60 260
55 61 265
55 62 80
55 63 239
55 64 294
55 65 104
55 66 140
55 67 202
55 68 122
55 69 41
55 70 46
55 71 285
55 72 161
55 73 126
55 74 146
55 75 181
55 76 179
55 77 113
55 78 293
55 79 281
55 80 199
55 81 46
55 82 283
55 83 53
55 84 77
55 85 167
55 86 194
55 87 61
55 88 40
55 89 54
55 90 34
55 91 35
55 92 174
55 93 141
55 94 254
55 95 263
55 96 120
55 97 39
55 98 59
55 99 154
56 1 184
56 2 151
56 3 84
56 4 73
56 5 48
56 6 278
56 7 209
56 8 76
56 9 280
56 10 228
56 11 240
56 12 62
56 13 108
56 14 93
56 15 97
56 16 120
56 17 197
56 18 41
56 19 243
56 20 163
56 21 272
56 22 79
56 23 65
56 24 162
56 25 244
56 26 145
56 27 217
56 28 280
56 29 221
56 30 253
56 31 209
56 32 163
56 33 289
56 34 262
56 35 54
56 36 145
56 37 162
56 38 215
56 39 129
56 40 124
56 41 97
56 42 114
56 43 90
56 44 223
56 45 291
56 46 43
56 47 80
56 48 247
56 49 121
56 50 295
56 51 134
56 52 200
56 53 235
56 54 154
56 55 58
56 57 249
56 58 205
56 59 269
56 60 224
56 61 271
56 62 133
56 63 267
56 64 266
56 65 141
56 66 43
56 67 44
56 68 138
56 69 163
56 70 190
56 71 45
56 72 95
56 73 102
56 74 177
56 75 112
56 76 200
56 77 53
56 78 136
56 79 262
56 80 289
56 81 52
56 82 270
56 83 288
56 84 85
56 85 92
56 86 127
56 87 138
56 88 50
56 89 96
56 90 111
56 91 282
56 92 82
56 93 92
56 94 183
56 95 168
56 96 169
56 97 123
56 98 193
56 99 255
57 1 270
57 2 286
57 3 247
57 4 109
57 5 269
57 6 110
57 7 179
57 8 284
57 9 135
57 10 43
57 11 255
57 12 108
57 13 55
57 14 121
57 15 274
57 16 265
57 17 216
57 18 176
57 19 30
57 20 167
57 21 275
57 22 168
57 23 191
57 24 30
57 25 272
57 26 179
57 27 147
57 28 286
57 29 201
57 30 298
57 31 275
57 32 292
57 33 124
57 34 293
57 35 192
57 36 257
57 37 168
57 38 232
57 39 141
57 40 152
57 41 143
57 42 212
57 43 239
57 44 231
57 45 293
57 46 169
57 47 232
57 48 65
57 49 293
57 50 43
57 51 80
57 52 242
57 53 221
57 54 151
57 55 56
57 56 249
57 58 200
57 59 124
57 60 65
57 61 207
57 62 65
57 63 83
57 64 39
57 65 256
57 66 196
57 67 99
57 68 120
57 69 196
57 70 281
57 71 113
57 72 216
57 73 67
57 74 67
57 75 144
57 76 77
57 77 171
57 78 205
57 79 288
57 80 287
57 81 266
57 82 66
57 83 120
57 84 61
57 85 219
57 86 218
57 87 130
57 88 147
57 89 151
57 90 122
57 91 207
57 92 139
57 93 280
57 94 288
57 95 152
57 96 59
57 97 167
57 98 199
57 99 250
58 1 49
58 2 107
58 3 46
58 4 61
58 5 235
58 6 207
58 7 76
58 8 232
58 9 236
58 10 293
58 11 158
58 12 139
58 13 228
58 14 134
58 15 57
58 16 106
58 17 38
58 18 87
58 19 161
58 20 282
58 21 153
58 22 214
58 23 34
58 24 77
58 25 233
58 26 265
58 27 297
58 28 71
58 29 97
58 30 275
58 31 275
58 32 228
58 33 72
58 34 134
58 35 141
58 36 140
58 37 256
58 38 274
58 39 253
58 40 63
58 41 86
58 42 164
58 43 284
58 44 138
58 45 264
58 46 43
58 47 39
58 48 156
58 49 245
58 50 46
58 51 77
58 52 147
58 53 56
58 54 189
58 55 221
58 56 205
58 57 200
58 59 205
58 60 212
58 61 216
58 62 180
58 63 87
58 64 172
58 65 199
58 66 109
58 67 126
58 68 61
58 69 168
58 70 247
58 71 129
58 72 164
58 73 240
58 74 95
58 75 144
58 76 144
58 77 269
58 78 135
58 79 98
58 80 99
58 81 187
58 82 151
58 83 236
58 84 138
58 85 295
58 86 39
58 87 204
58 88 87
58 89 97
58 90 238
58 91 115
58 92 236
58 93 145
58 94 243
58 95 275
58 96 273
58 97 233
58 98 83
58 99 102
59 1 284
59 2 67
59 3 179
59 4 50
59 5 114
59 6 215
59 7 239
59 8 49
59 9 174
59 10 153
59 11 119
59 12 92
59 13 243
59 14 286
59 15 66
59 16 250
59 17 156
59 18 36
59 19 247
59 20 180
59 21 80
59 22 288
59 23 187
59 24 50
59 25 211
59 26 104
59 27 71
59 28 286
59 29 37
59 30 97
59 31 257
59 32 241
59 33 179
59 34 285
59 35 228
59 36 139
59 37 203
59 38 223
59 39 59
59 40 271
59 41 55
59 42 188
59 43 167
59 44 173
59 45 56
59 46 106
59 47 44
59 48 269
59 49 156
59 50 264
59 51 153
59 52 244
59 53 221
59 54 95
59 55 196
59 56 269
59 57 124
59 58 205
59 60 175
59 61 45
59 62 281
59 63 233
59 64 212
59 65 41
59 66 129
59 67 143
59 68 76
59 69 94
59 70 202
59 71 258
59 72 229
59 73 137
59 74 247
59 75 257
59 76 121
59 77 89
59 78 82
59 79 64
59 80 168
59 81 214
59 82 121
59 83 133
59 84 47
59 85 171
59 86 248
59 87 255
59 88 268
59 89 239
59 90 286
59 91 219
59 92 40
59 93 245
59 94 106
59 95 131
59 96 251
59 97 124
59 98 108
59 99 76
60 1 141
60 2 115
60 3 143
60 4 166
60 5 85
60 6 137
60 7 61
60 8 43
60 9 251
60 10 222
60 11 124
60 12 164
60 13 252
60 14 72
60 15 61
60 16 208
60 17 157
60 18 292
60 19 78
60 20 187
60 21 251
60 22 184
60 23 245
60 24 105
60 25 230
60 26 77
60 27 201
60 28 266
60 29 209
60 30 259
60 31 132
60 32 77
60 33 225
60 34 39
60 35 200
60 36 150
60 37 94
60 38 190
60 39 70
60 40 190
60 41 161
60 42 86
60 43 39
60 44 265
60 45 229
60 46 62
60 47 89
60 48 199
60 49 91
60 50 252
60 51 226
60 52 246
60 53 113
60 54 257
60 55 260
60 56 224
60 57 65
60 58 212
60 59 175
60 61 296
60 62 286
60 63 65
60 64 170
60 65 142
60 66 118
60 67 151
60 68 176
60 69 225
60 70 297
60 71 100
60 72 59
60 73 250
60 74 51
60 75 55
60 76 143
60 77 147
60 78 248
60 79 55
60 80 171
60 81 225
60 82 272
60 83 69
60 84 196
60 85 128
60 86 129
60 87 283
60 88 165
60 89 226
60 90 89
60 91 253
60 92 274
60 93 231
60 94 270
60 95 218
60 96 295
60 97 264
60 98 224
60 99 234
61 1 188
61 2 282
61 3 247
61 4 113
61 5 226
61 6 120
61 7 195
61 8 300
61 9 254
61 10 247
61 11 106
61 12 62
61 13 198
61 14 74
61 15 275
61 16 265
61 17 54
61 18 297
61 19 75
61 20 112
61 21 70
61 22 246
61 23 239
61 24 198
61 25 142
61 26 65
61 27 186
61 28 66
61 29 57
61 30 111
61 31 45
61 32 266
61 33 212
61 34 137
61 35 45
61 36 189
61 37 98
61 38 45
61 39 270
61 40 70
61 41 238
61 42 234
61 43 216
61 44 243
61 45 81
61 46 68
61 47 115
61 48 167
61 49 190
61 50 44
61 51 286
61 52 39
61 53 191
61 54 115
61 55 265
61 56 271
61 57 207
61 58 216
61 59 45
61 60 296
61 62 91
61 63 70
61 64 298
61 65 172
61 66 110
61 67 229
61 68 87
61 69 229
61 70 48
61 71 61
61 72 118
61 73 204
61 74 36
61 75 171
61 76 289
61 77 82
61 78 72
61 79 233
61 80 80
61 81 144
61 82 129
61 83 129
61 84 226
61 85 133
61 86 85
61 87 97
61 88 212
61 89 300
61 90 116
61 91 135
61 92 242
61 93 255
61 94 180
61 95 205
61 96 295
61 97 253
61 98 176
61 99 107
62 1 84
62 2 39
62 3 138
62 4 121
62 5 273
62 6 182
62 7 235
62 8 42
62 9 200
62 10 85
62 11 208
62 12 269
62 13 207
62 14 63
62 15 130
62 16 193
62 17 93
62 18 273
62 19 300
62 20 78
62 21 130
62 22 277
62 23 289
62 24 185
62 25 162
62 26 55
62 27 276
62 28 285
62 29 257
62 30 82
62 31 38
62 32 226
62 33 254
62 34 129
62 35 92
62 36 285
62 37 298
62 38 154
62 39 240
62 40 243
62 41 240
62 42 245
62 43 81
62 44 184
62 45 246
62 46 224
62 47 63
62 48 46
62 49 32
62 50 35
62 51 129
62 52 38
62 53 47
62 54 214
62 55 80
62 56 133
62 57 65
62 58 180
62 59 281
62 60 286
62 61 91
62 63 95
62 64 64
62 65 58
62 66 62
62 67 170
62 68 165
62 69 239
62 70 285
62 71 92
62 72 80
62 73 242
62 74 81
62 75 106
62 76 68
62 77 245
62 78 268
62 79 67
62 80 208
62 81 265
62 82 205
62 83 248
62 84 273
62 85 206
62 86 236
62 87 163
62 88 254
62 89 243
62 90 75
62 91 274
62 92 147
62 93 256
62 94 201
62 95 221
62 96 278
62 97 192
62 98 168
62 99 70
63 1 167
63 2 92
63 3 264
63 4 231
63 5 256
63 6 145
63 7 61
63 8 237
63 9 51
63 10 103
63 11 287
63 12 63
63 13 147
63 14 89
63 15 272
63 16 151
63 17 228
63 18 94
63 19 56
63 20 140
63 21 51
63 22 147
63 23 200
63 24 167
63 25 289
63 26 264
63 27 137
63 28 198
63 29 205
63 30 147
63 31 160
63 32 102
63 33 257
63 34 163
63 35 245
63 36 179
63 37 147
63 38 298
63 39 80
63 40 236
63 41 193
63 42 208
63 43 207
63 44 231
63 45 35
63 46 286
63 47 290
63 48 212
63 49 216
63 50 76
63 51 183
63 52 128
63 53 200
63 54 298
63 55 239
63 56 267
63 57 83
63 58 87
63 59 233
63 60 65
63 61 70
63 62 95
63 64 95
63 65 172
63 66 167
63 67 195
63 68 166
63 69 185
63 70 55
63 71 66
63 72 214
63 73 268
63 74 234
63 75 187
63 76 89
63 77 179
63 78 62
63 79 293
63 80 242
63 81 44
63 82 165
63 83 30
63 84 262
63 85 181
63 86 52
63 87 104
63 88 173
63 89 281
63 90 111
63 91 158
63 92 218
63 93 80
63 94 265
63 95 75
63 96 174
63 97 200
63 98 73
63 99 148
64 1 273
64 2 225
64 3 105
64 4 218
64 5 108
64 6 83
64 7 47
64 8 53
64 9 108
64 10 255
64 11 177
64 12 80
64 13 73
64 14 32
64 15 166
64 16 110
64 17 137
64 18 262
64 19 213
64 20 133
64 21 58
64 22 257
64 23 215
64 24 128
64 25 285
64 26 212
64 27 294
64 28 64
64 29 33
64 30 229
64 31 81
64 32 197
64 33 121
64 34 299
64 35 244
64 36 92
64 37 268
64 38 136
64 39 203
64 40 294
64 41 57
64 42 279
64 43 137
64 44 199
64 45 282
64 46 111
64 47 45
64 48 264
64 49 119
64 50 249
64 51 202
64 52 273
64 53 155
64 54 200
64 55 294
64 56 266
64 57 39
64 58 172
64 59 212
64 60 170
64 61 298
64 62 64
64 63 95
64 65 258
64 66 256
64 67 105
64 68 60
64 69 228
64 70 142
64 71 258
64 72 113
64 73 176
64 74 96
64 75 260
64 76 135
64 77 141
64 78 200
64 79 292
64 80 277
64 81 162
64 82 285
64 83 189
64 84 114
64 85 150
64 86 237
64 87 228
64 88 148
64 89 185
64 90 118
64 91 104
64 92 166
64 93 253
64 94 47
64 95 55
64 96 222
64 97 158
64 98 85
64 99 32
65 1 153
65 2 121
65 3 298
65 4 216
65 5 226
65 6 298
65 7 255
65 8 199
65 9 231
65 10 158
65 11 224
65 12 217
65 13 117
65 14 33
65 15 160
65 16 231
65 17 48
65 18 42
65 19 114
65 20 178
65 21 285
65 22 144
65 23 255
65 24 264
65 25 43
65 26 251
65 27 89
65 28 93
65 29 263
65 30 174
65 31 68
65 32 144
65 33 177
65 34 219
65 35 72
65 36 182
65 37 300
65 38 241
65 39 53
65 40 200
65 41 40
65 42 113
65 43 83
65 44 89
65 45 142
65 46 288
65 47 258
65 48 54
65 49 35
65 50 170
65 51 193
65 52 205
65 53 105
65 54 205
65 55 104
65 56 141
65 57 256
65 58 199
65 59 41
65 60 142
65 61 172
65 62 58
65 63 172
65 64 258
65 66 201
65 67 219
65 68 188
65 69 246
65 70 245
65 71 60
65 72 66
65 73 93
65 74 300
65 75 183
65 76 147
65 77 190
65 78 101
65 79 244
65 80 180
65 81 93
65 82 49
65 83 200
65 84 220
65 85 220
65 86 38
65 87 41
65 88 166
65 89 142
65 90 263
65 91 87
65 92 194
65 93 45
65 94 281
65 95 283
65 96 39
65 97 93
65 98 111
65 99 91
66 1 144
66 2 199
66 3 214
66 4 118
66 5 160
66 6 256
66 7 68
66 8 152
66 9 161
66 10 176
66 11 285
66 12 272
66 13 187
66 14 58
66 15 75
66 16 300
66 17 120
66 18 46
66 19 271
66 20 264
66 21 90
66 22 230
66 23 218
66 24 225
66 25 86
66 26 105
66 27 159
66 28 147
66 29 37
66 30 108
66 31 128
66 32 138
66 33 54
66 34 117
66 35 109
66 36 237
66 37 167
66 38 182
66 39 50
66 40 284
66 41 35
66 42 243
66 43 229
66 44 125
66 45 74
66 46 289
66 47 62
66 48 278
66 49 69
66 50 64
66 51 35
66 52 285
66 53 270
66 54 76
66 55 140
66 56 43
66 57 196
66 58 109
66 59 129
66 60 118
66 61 110
66 62 62
66 63 167
66 64 256
66 65 201
66 67 289
66 68 136
66 69 177
66 70 117
66 71 192
66 72 51
66 73 264
66 74 278
66 75 236
66 76 73
66 77 154
66 78 90
66 79 121
66 80 191
66 81 218
66 82 293
66 83 241
66 84 276
66 85 289
66 86 251
66 87 114
66 88 182
66 89 199
66 90 162
66 91 46
66 92 105
66 93 138
66 94 69
66 95 55
66 96 210
66 97 153
66 98 164
66 99 212
67 1 255
67 2 245
67 3 171
67 4 207
67 5 53
67 6 131
67 7 233
67 8 268
67 9 181
67 10 210
67 11 38
67 12 106
67 13 101
67 14 95
67 15 232
67 16 290
67 17 120
67 18 292
67 19 235
67 20 271
67 21 99
67 22 278
67 23 274
67 24 38
67 25 101
67 26 177
67 27 261
67 28 147
67 29 178
67 30 178
67 31 222
67 32 110
67 33 233
67 34 140
67 35 99
67 36 68
67 37 33
67 38 271
67 39 74
67 40 64
67 41 272
67 42 79
67 43 144
67 44 251
67 45 128
67 46 183
67 47 37
67 48 166
67 49 78
67 50 175
67 51 222
67 52 70
67 53 57
67 54 73
67 55 202
67 56 44
67 57 99
67 58 126
67 59 143
67 60 151
67 61 229
67 62 170
67 63 195
67 64 105
67 65 219
67 66 289
67 68 46
67 69 49
67 70 245
67 71 68
67 72 205
67 73 156
67 74 278
67 75 59
67 76 190
67 77 225
67 78 83
67 79 33
67 80 191
67 81 120
67 82 255
67 83 104
67 84 37
67 85 69
67 86 219
67 87 255
67 88 291
67 89 52
67 90 193
67 91 152
67 92 288
67 93 231
67 94 70
67 95 173
67 96 50
67 97 258
67 98 94
67 99 162
68 1 66
68 2 108
68 3 191
68 4 167
68 5 100
68 6 153
68 7 259
68 8 261
68 9 53
68 10 248
68 11 269
68 12 185
68 13 246
68 14 108
68 15 69
68 16 151
68 17 176
68 18 60
68 19 298
68 20 105
68 21 81
68 22 66
68 23 239
68 24 290
68 25 182
68 26 173
68 27 87
68 28 208
68 29 284
68 30 54
68 31 180
68 32 296
68 33 156
68 34 184
68 35 114
68 36 287
68 37 140
68 38 172
68 39 218
68 40 177
68 41 291
68 42 253
68 43 292
68 44 118
68 45 294
68 46 103
68 47 252
68 48 215
68 49 265
68 50 232
68 51 268
68 52 282
68 53 157
68 54 260
68 55 122
68 56 138
68 57 120
68 58 61
68 59 76
68 60 176
68 61 87
68 62 165
68 63 166
68 64 60
68 65 188
68 66 136
68 67 46
68 69 240
68 70 212
68 71 108
68 72 215
68 73 128
68 74 135
68 75 124
68 76 97
68 77 187
68 78 33
68 79 262
68 80 246
68 81 87
68 82 101
68 83 186
68 84 187
68 85 182
68 86 256
68 87 299
68 88 70
68 89 295
68 90 297
68 91 228
68 92 227
68 93 207
68 94 130
68 95 219
68 96 206
68 97 65
68 98 126
68 99 227
69 1 200
69 2 272
69 3 282
69 4 230
69 5 117
69 6 252
69 7 176
69 8 216
69 9 197
69 10 195
69 11 190
69 12 87
69 13 38
69 14 204
69 15 103
69 16 179
69 17 160
69 18 49
69 19 245
69 20 101
69 21 223
69 22 216
69 23 297
69 24 198
69 25 285
69 26 65
69 27 162
69 28 266
69 29 256
69 30 136
69 31 43
69 32 227
69 33 265
69 34 171
69 35 159
69 36 289
69 37 133
69 38 66
69 39 64
69 40 154
69 41 202
69 42 203
69 43 172
69 44 170
69 45 32
69 46 262
69 47 144
69 48 120
69 49 238
69 50 134
69 51 112
69 52 224
69 53 165
69 54 178
69 55 41
69 56 163
69 57 196
69 58 168
69 59 94
69 60 225
69 61 229
69 62 239
69 63 185
69 64 228
69 65 246
69 66 177
69 67 49
69 68 240
69 70 123
69 71 141
69 72 70
69 73 220
69 74 142
69 75 298
69 76 97
69 77 162
69 78 252
69 79 46
69 80 148
69 81 107
69 82 276
69 83 220
69 84 228
69 85 263
69 86 242
69 87 145
69 88 210
69 89 229
69 90 285
69 91 154
69 92 190
69 93 106
69 94 206
69 95 216
69 96 116
69 97 289
69 98 221
69 99 258
70 1 82
70 2 40
70 3 79
70 4 45
70 5 183
70 6 193
70 7 200
70 8 188
70 9 130
70 10 179
70 11 185
70 12 272
70 13 102
70 14 70
70 15 98
70 16 69
70 17 263
70 18 195
70 19 74
70 20 133
70 21 198
70 22 278
70 23 72
70 24 276
70 25 274
70 26 295
70 27 239
70 28 178
70 29 223
70 30 161
70 31 81
70 32 220
70 33 212
70 34 210
70 35 263
70 36 196
70 37 37
70 38 212
70 39 245
70 40 226
70 41 61
70 42 208
70 43 176
70 44 57
70 45 99
70 46 94
70 47 95
70 48 292
70 49 280
70 50 80
70 51 71
70 52 271
70 53 289
70 54 131
70 55 46
70 56 190
70 57 281
70 58 247
70 59 202
70 60 297
70 61 48
70 62 285
70 63 55
70 64 142
70 65 245
70 66 117
70 67 245
70 68 212
70 69 123
70 71 218
70 72 279
70 73 270
70 74 187
70 75 90
70 76 159
70 77 42
70 78 160
70 79 275
70 80 251
70 81 149
70 82 165
70 83 276
70 84 100
70 85 220
70 86 158
70 87 286
70 88 253
70 89 188
70 90 37
70 91 32
70 92 260
70 93 244
70 94 101
70 95 121
70 96 259
70 97 224
70 98 104
70 99 216
71 1 91
71 2 229
71 3 157
71 4 231
71 5 260
71 6 109
71 7 172
71 8 161
71 9 237
71 10 97
71 11 238
71 12 251
71 13 101
71 14 132
71 15 172
71 16 278
71 17 261
71 18 153
71 19 147
71 20 72
71 21 212
71 22 177
71 23 129
71 24 129
71 25 274
71 26 76
71 27 109
71 28 297
71 29 62
71 30 269
71 31 223
71 32 249
71 33 135
71 34 53
71 35 36
71 36 121
71 37 85
71 38 197
71 39 59
71 40 90
71 41 215
71 42 191
71 43 159
71 44 232
71 45 267
71 46 62
71 47 296
71 48 160
71 49 38
71 50 121
71 51 82
71 52 209
71 53 128
71 54 255
71 55 285
71 56 45
71 57 113
71 58 129
71 59 258
71 60 100
71 61 61
71 62 92
71 63 66
71 64 258
71 65 60
71 66 192
71 67 68
71 68 108
71 69 141
71 70 218
71 72 252
71 73 223
71 74 204
71 75 122
71 76 112
71 77 272
71 78 113
71 79 132
71 80 38
71 81 262
71 82 47
71 83 79
71 84 240
71 85 292
71 86 59
71 87 127
71 88 130
71 89 190
71 90 149
71 91 77
71 92 277
71 93 268
71 94 138
71 95 273
71 96 136
71 97 170
71 98 198
71 99 282
72 1 289
72 2 191
72 3 103
72 4 117
72 5 82
72 6 214
72 7 295
72 8 254
72 9 289
72 10 60
72 11 81
72 12 177
72 13 142
72 14 182
72 15 90
72 16 279
72 17 57
72 18 51
72 19 143
72 20 111
72 21 82
72 22 270
72 23 99
72 24 288
72 25 139
72 26 82
72 27 49
72 28 56
72 29 258
72 30 174
72 31 118
72 32 154
72 33 256
72 34 139
72 35 49
72 36 66
72 37 255
72 38 122
72 39 146
72 40 220
72 41 119
72 42 93
72 43 93
72 44 143
72 45 125
72 46 255
72 47 293
72 48 95
72 49 145
72 50 47
72 51 282
72 52 275
72 53 296
72 54 94
72 55 161
72 56 95
72 57 216
72 58 164
72 59 229
72 60 59
72 61 118
72 62 80
72 63 214
72 64 113
72 65 66
72 66 51
72 67 205
72 68 215
72 69 70
72 70 279
72 71 252
72 73 181
72 74 122
72 75 204
72 76 282
72 77 117
72 78 203
72 79 112
72 80 196
72 81 232
72 82 83
72 83 47
72 84 213
72 85 258
72 86 193
72 87 150
72 88 57
72 89 33
72 90 70
72 91 69
72 92 48
72 93 59
72 94 213
72 95 167
72 96 50
72 97 144
72 98 62
72 99 36
73 1 226
73 2 35
73 3 53
73 4 163
73 5 54
73 6 178
73 7 162
73 8 279
73 9 230
73 10 67
73 11 45
73 12 217
73 13 37
73 14 77
73 15 82
73 16 64
73 17 115
73 18 224
73 19 274
73 20 105
73 21 179
73 22 276
73 23 267
73 24 167
73 25 65
73 26 298
73 27 223
73 28 253
73 29 51
73 30 48
73 31 179
73 32 39
73 33 238
73 34 257
73 35 82
73 36 53
73 37 127
73 38 246
73 39 42
73 40 136
73 41 73
73 42 223
73 43 157
73 44 142
73 45 82
73 46 271
73 47 193
73 48 276
73 49 106
73 50 286
73 51 279
73 52 95
73 53 271
73 54 114
73 55 126
73 56 102
73 57 67
73 58 240
73 59 137
73 60 250
73 61 204
73 62 242
73 63 268
73 64 176
73 65 93
73 66 264
73 67 156
73 68 128
73 69 220
73 70 270
73 71 223
73 72 181
73 74 110
73 75 201
73 76 50
73 77 57
73 78 71
73 79 102
73 80 210
73 81 229
73 82 288
73 83 74
73 84 229
73 85 178
73 86 284
73 87 157
73 88 266
73 89 298
73 90 50
73 91 47
73 92 246
73 93 132
73 94 255
73 95 69
73 96 281
73 97 103
73 98 253
73 99 76
74 1 149
74 2 274
74 3 110
74 4 268
74 5 296
74 6 285
74 7 160
74 8 47
74 9 264
74 10 216
74 11 282
74 12 273
74 13 56
74 14 216
74 15 260
74 16 283
74 17 100
74 18 110
74 19 299
74 20 292
74 21 167
74 22 64
74 23 166
74 24 75
74 25 167
74 26 210
74 27 146
74 28 197
74 29 298
74 30 56
74 31 261
74 32 299
74 33 298
74 34 83
74 35 51
74 36 54
74 37 205
74 38 116
74 39 283
74 40 58
74 41 63
74 42 84
74 43 219
74 44 79
74 45 54
74 46 243
74 47 69
74 48 186
74 49 130
74 50 202
74 51 121
74 52 190
74 53 159
74 54 200
74 55 146
74 56 177
74 57 67
74 58 95
74 59 247
74 60 51
74 61 36
74 62 81
74 63 234
74 64 96
74 65 300
74 66 278
74 67 278
74 68 135
74 69 142
74 70 187
74 71 204
74 72 122
74 73 110
74 75 157
74 76 31
74 77 242
74 78 44
74 79 193
74 80 166
74 81 79
74 82 211
74 83 192
74 84 239
74 85 242
74 86 53
74 87 43
74 88 292
74 89 34
74 90 137
74 91 296
74 92 227
74 93 35
74 94 208
74 95 147
74 96 105
74 97 68
74 98 155
74 99 108
75 1 57
75 2 139
75 3 289
75 4 179
75 5 146
75 6 251
75 7 212
75 8 247
75 9 138
75 10 223
75 11 251
75 12 297
75 13 173
75 14 231
75 15 106
75 16 149
75 17 226
75 18 212
75 19 40
75 20 187
75 21 97
75 22 53
75 23 128
75 24 165
75 25 149
75 26 96
75 27 216
75 28 265
75 29 223
75 30 154
75 31 208
75 32 212
75 33 136
75 34 117
75 35 48
75 36 291
75 37 153
75 38 121
75 39 163
75 40 121
75 41 66
75 42 57
75 43 148
75 44 196
75 45 258
75 46 75
75 47 189
75 48 80
75 49 297
75 50 116
75 51 272
75 52 49
75 53 283
75 54 64
75 55 181
75 56 112
75 57 144
75 58 144
75 59 257
75 60 55
75 61 171
75 62 106
75 63 187
75 64 260
75 65 183
75 66 236
75 67 59
75 68 124
75 69 298
75 70 90
75 71 122
75 72 204
75 73 201
75 74 157
75 76 173
75 77 81
75 78 183
75 79 239
75 80 134
75 81 142
75 82 127
75 83 233
75 84 239
75 85 213
75 86 34
75 87 158
75 88 275
75 89 181
75 90 191
75 91 63
75 92 207
75 93 280
75 94 144
75 95 216
75 96 34
75 97 277
75 98 285
75 99 88
76 1 265
76 2 71
76 3 67
76 4 230
76 5 155
76 6 223
76 7 174
76 8 90
76 9 94
76 10 292
76 11 243
76 12 147
76 13 249
76 14 131
76 15 107
76 16 62
76 17 132
76 18 123
76 19 220
76 20 115
76 21 153
76 22 62
76 23 191
76 24 295
76 25 205
76 26 236
76 27 121
76 28 230
76 29 236
76 30 111
76 31 147
76 32 55
76 33 242
76 34 244
76 35 258
76 36 81
76 37 45
76 38 237
76 39 78
76 40 35
76 41 160
76 42 293
76 43 201
76 44 188
76 45 54
76 46 249
76 47 73
76 48 225
76 49 289
76 50 90
76 51 141
76 52 78
76 53 147
76 54 246
76 55 179
76 56 200
76 57 77
76 58 144
76 59 121
76 60 143
76 61 289
76 62 68
76 63 89
76 64 135
76 65 147
76 66 73
76 67 190
76 68 97
76 69 97
76 70 159
76 71 112
76 72 282
76 73 50
76 74 31
76 75 173
76 77 84
76 78 89
76 79 90
76 80 80
76 81 67
76 82 98
76 83 76
76 84 121
76 85 214
76 86 292
76 87 262
76 88 269
76 89 80
76 90 51
76 91 113
76 92 282
76 93 252
76 94 195
76 95 286
76 96 67
76 97 138
76 98 132
76 99 247
77 1 41
77 2 172
77 3 202
77 4 117
77 5 53
77 6 116
77 7 71
77 8 253
77 9 230
77 10 214
77 11 76
77 12 74
77 13 107
77 14 46
77 15 101
77 16 290
77 17 186
77 18 143
77 19 102
77 20 157
77 21 91
77 22 111
77 23 237
77 24 298
77 25 224
77 26 160
77 27 251
77 28 105
77 29 296
77 30 77
77 31 121
77 32 261
77 33 88
77 34 278
77 35 93
77 36 70
77 37 260
77 38 102
77 39 30
77 40 89
77 41 32
77 42 282
77 43 299
77 44 47
77 45 101
77 46 67
77 47 32
77 48 222
77 49 50
77 50 79
77 51 76
77 52 252
77 53 75
77 54 175
77 55 113
77 56 53
77 57 171
77 58 269
77 59 89
77 60 147
77 61 82
77 62 245
77 63 179
77 64 141
77 65 190
77 66 154
77 67 225
77 68 187
77 69 162
77 70 42
77 71 272
77 72 117
77 73 57
77 74 242
77 75 81
77 76 84
77 78 149
77 79 37
77 80 204
77 81 281
77 82 134
77 83 286
77 84 180
77 85 78
77 86 182
77 87 204
77 88 62
77 89 151
77 90 276
77 91 131
77 92 67
77 93 98
77 94 251
77 95 109
77 96 89
77 97 136
77 98 57
77 99 50
78 1 136
78 2 245
78 3 207
78 4 251
78 5 149
78 6 99
78 7 57
78 8 195
78 9 269
78 10 33
78 11 176
78 12 113
78 13 71
78 14 181
78 15 53
78 16 170
78 17 258
78 18 36
78 19 78
78 20 285
78 21 131
78 22 159
78 23 150
78 24 86
78 25 198
78 26 299
78 27 32
78 28 188
78 29 203
78 30 57
78 31 167
78 32 123
78 33 160
78 34 217
78 35 103
78 36 222
78 37 30
78 38 76
78 39 222
78 40 149
78 41 236
78 42 184
78 43 284
78 44 231
78 45 274
78 46 34
78 47 31
78 48 267
78 49 206
78 50 197
78 51 215
78 52 48
78 53 225
78 54 172
78 55 293
78 56 136
78 57 205
78 58 135
78 59 82
78 60 248
78 61 72
78 62 268
78 63 62
78 64 200
78 65 101
78 66 90
78 67 83
78 68 33
78 69 252
78 70 160
78 71 113
78 72 203
78 73 71
78 74 44
78 75 183
78 76 89
78 77 149
78 79 183
78 80 211
78 81 185
78 82 193
78 83 148
78 84 300
78 85 210
78 86 69
78 87 107
78 88 141
78 89 253
78 90 272
78 91 99
78 92 45
78 93 135
78 94 35
78 95 34
78 96 98
78 97 69
78 98 269
78 99 138
79 1 139
79 2 141
79 3 290
79 4 263
79 5 70
79 6 201
79 7 59
79 8 126
79 9 52
79 10 238
79 11 192
79 12 195
79 13 72
79 14 60
79 15 109
79 16 66
79 17 300
79 18 266
79 19 292
79 20 271
79 21 277
79 22 144
79 23 259
79 24 291
79 25 132
79 26 249
79 27 70
79 28 92
79 29 60
79 30 231
79 31 244
79 32 72
79 33 174
79 34 240
79 35 44
79 36 250
79 37 115
79 38 246
79 39 180
79 40 260
79 41 83
79 42 157
79 43 205
79 44 115
79 45 243
79 46 186
79 47 79
79 48 280
79 49 271
79 50 243
79 51 274
79 52 117
79 53 36
79 54 207
79 55 281
79 56 262
79 57 288
79 58 98
79 59 64
79 60 55
79 61 233
79 62 67
79 63 293
79 64 292
79 65 244
79 66 121
79 67 33
79 68 262
79 69 46
79 70 275
79 71 132
79 72 112
79 73 102
79 74 193
79 75 239
79 76 90
79 77 37
79 78 183
79 80 224
79 81 81
79 82 134
79 83 171
79 84 164
79 85 261
79 86 95
79 87 129
79 88 144
79 89 48
79 90 41
79 91 173
79 92 155
79 93 293
79 94 127
79 95 147
79 96 212
79 97 150
79 98 284
79 99 248
80 1 123
80 2 111
80 3 161
80 4 35
80 5 197
80 6 68
80 7 298
80 8 219
80 9 59
80 10 199
80 11 156
80 12 135
80 13 260
80 14 223
80 15 273
80 16 138
80 17 146
80 18 161
80 19 185
80 20 298
80 21 299
80 22 217
80 23 197
80 24 157
80 25 62
80 26 260
80 27 122
80 28 83
80 29 145
80 30 183
80 31 66
80 32 52
80 33 104
80 34 235
80 35 220
80 36 108
80 37 61
80 38 188
80 39 133
80 40 250
80 41 37
80 42 106
80 43 247
80 44 268
80 45 281
80 46 221
80 47 277
80 48 117
80 49 98
80 50 70
80 51 128
80 52 133
80 53 144
80 54 179
80 55 199
80 56 289
80 57 287
80 58 99
80 59 168
80 60 171
80 61 80
80 62 208
80 63 242
80 64 277
80 65 180
80 66 191
80 67 191
80 68 246
80 69 148
80 70 251
80 71 38
80 72 196
80 73 210
80 74 166
80 75 134
80 76 80
80 77 204
80 78 211
80 79 224
80 81 56
80 82 136
80 83 125
80 84 165
80 85 119
80 86 146
80 87 208
80 88 261
80 89 119
80 90 117
80 91 75
80 92 289
80 93 157
80 94 128
80 95 292
80 96 111
80 97 110
80 98 38
80 99 173
81 1 184
81 2 54
81 3 177
81 4 63
81 5 73
81 6 134
81 7 232
81 8 143
81 9 228
81 10 53
81 11 130
81 12 58
81 13 183
81 14 250
81 15 72
81 16 132
81 17 102
81 18 56
81 19 229
81 20 195
81 21 155
81 22 284
81 23 203
81 24 89
81 25 86
81 26 177
81 27 150
81 28 268
81 29 110
81 30 139
81 31 193
81 32 44
81 33 173
81 34 296
81 35 208
81 36 206
81 37 207
81 38 43
81 39 64
81 40 142
81 41 216
81 42 34
81 43 117
81 44 182
81 45 34
81 46 64
81 47 249
81 48 259
81 49 237
81 50 61
81 51 93
81 52 149
81 53 121
81 54 152
81 55 46
81 56 52
81 57 266
81 58 187
81 59 214
81 60 225
81 61 144
81 62 265
81 63 44
81 64 162
81 65 93
81 66 218
81 67 120
81 68 87
81 69 107
81 70 149
81 71 262
81 72 232
81 73 229
81 74 79
81 75 142
81 76 67
81 77 281
81 78 185
81 79 81
81 80 56
81 82 124
81 83 121
81 84 236
81 85 73
81 86 160
81 87 214
81 88 140
81 89 150
81 90 202
81 91 280
81 92 277
81 93 209
81 94 87
81 95 267
81 96 128
81 97 224
81 98 195
81 99 61
82 1 51
82 2 241
82 3 137
82 4 194
82 5 194
82 6 147
82 7 118
82 8 260
82 9 123
82 10 276
82 11 91
82 12 175
82 13 165
82 14 290
82 15 274
82 16 32
82 17 162
82 18 46
82 19 267
82 20 30
82 21 268
82 22 234
82 23 99
82 24 228
82 25 199
82 26 59
82 27 292
82 28 254
82 29 106
82 30 39
82 31 185
82 32 31
82 33 165
82 34 121
82 35 57
82 36 66
82 37 68
82 38 215
82 39 37
82 40 173
82 41 240
82 42 88
82 43 105
82 44 280
82 45 139
82 46 105
82 47 252
82 48 205
82 49 193
82 50 246
82 51 220
82 52 259
82 53 149
82 54 116
82 55 283
82 56 270
82 57 66
82 58 151
82 59 121
82 60 272
82 61 129
82 62 205
82 63 165
82 64 285
82 65 49
82 66 293
82 67 255
82 68 101
82 69 276
82 70 165
82 71 47
82 72 83
82 73 288
82 74 211
82 75 127
82 76 98
82 77 134
82 78 193
82 79 134
82 80 136
82 81 124
82 83 55
82 84 285
82 85 52
82 86 229
82 87 184
82 88 257
82 89 175
82 90 171
82 91 144
82 92 95
82 93 100
82 94 33
82 95 281
82 96 232
82 97 121
82 98 249
82 99 121
83 1 259
83 2 48
83 3 298
83 4 195
83 5 77
83 6 243
83 7 55
83 8 32
83 9 89
83 10 85
83 11 170
83 12 39
83 13 90
83 14 96
83 15 238
83 16 154
83 17 87
83 18 80
83 19 240
83 20 133
83 21 197
83 22 158
83 23 271
83 24 50
83 25 164
83 26 146
83 27 103
83 28 179
83 29 229
83 30 287
83 31 213
83 32 285
83 33 51
83 34 39
83 35 264
83 36 282
83 37 186
83 38 232
83 39 198
83 40 235
83 41 104
83 42 227
83 43 34
83 44 200
83 45 195
83 46 69
83 47 95
83 48 65
83 49 187
83 50 108
83 51 226
83 52 41
83 53 289
83 54 146
83 55 53
83 56 288
83 57 120
83 58 236
83 59 133
83 60 69
83 61 129
83 62 248
83 63 30
83 64 189
83 65 200
83 66 241
83 67 104
83 68 186
83 69 220
83 70 276
83 71 79
83 72 47
83 73 74
83 74 192
83 75 233
83 76 76
83 77 286
83 78 148
83 79 171
83 80 125
83 81 121
83 82 55
83 84 45
83 85 282
83 86 280
83 87 105
83 88 279
83 89 63
83 90 121
83 91 68
83 92 263
83 93 291
83 94 274
83 95 145
83 96 219
83 97 73
83 98 228
83 99 97
84 1 152
84 2 166
84 3 250
84 4 266
84 5 261
84 6 265
84 7 52
84 8 254
84 9 124
84 10 192
84 11 265
84 12 280
84 13 217
84 14 263
84 15 107
84 16 155
84 17 81
84 18 45
84 19 71
84 20 296
84 21 250
84 22 38
84 23 284
84 24 161
84 25 64
84 26 262
84 27 225
84 28 300
84 29 265
84 30 299
84 31 47
84 32 123
84 33 41
84 34 227
84 35 258
84 36 114
84 37 120
84 38 146
84 39 70
84 40 37
84 41 176
84 42 118
84 43 247
84 44 172
84 45 192
84 46 275
84 47 116
84 48 214
84 49 64
84 50 112
84 51 300
84 52 155
84 53 85
84 54 63
84 55 77
84 56 85
84 57 61
84 58 138
84 59 47
84 60 196
84 61 226
84 62 273
84 63 262
84 64 114
84 65 220
84 66 276
84 67 37
84 68 187
84 69 228
84 70 100
84 71 240
84 72 213
84 73 229
84 74 239
84 75 239
84 76 121
84 77 180
84 78 300
84 79 164
84 80 165
84 81 236
84 82 285
84 83 45
84 85 197
84 86 107
84 87 81
84 88 190
84 89 188
84 90 95
84 91 248
84 92 96
84 93 208
84 94 68
84 95 68
84 96 257
84 97 213
84 98 154
84 99 178
85 1 124
85 2 57
85 3 138
85 4 71
85 5 86
85 6 77
85 7 295
85 8 82
85 9 88
85 10 60
85 11 80
85 12 72
85 13 206
85 14 159
85 15 145
85 16 254
85 17 268
85 18 180
85 19 119
85 20 122
85 21 234
85 22 293
85 23 289
85 24 293
85 25 159
85 26 43
85 27 156
85 28 169
85 29 124
85 30 155
85 31 222
85 32 60
85 33 94
85 34 64
85 35 202
85 36 235
85 37 297
85 38 97
85 39 200
85 40 149
85 41 281
85 42 283
85 43 230
85 44 45
85 45 236
85 46 133
85 47 105
85 48 297
85 49 128
85 50 161
85 51 235
85 52 195
85 53 252
85 54 286
85 55 167
85 56 92
85 57 219
85 58 295
85 59 171
85 60 128
85 61 133
85 62 206
85 63 181
85 64 150
85 65 220
85 66 289
85 67 69
85 68 182
85 69 263
85 70 220
85 71 292
85 72 258
85 73 178
85 74 242
85 75 213
85 76 214
85 77 78
85 78 210
85 79 261
85 80 119
85 81 73
85 82 52
85 83 282
85 84 197
85 86 295
85 87 66
85 88 255
85 89 201
85 90 261
85 91 140
85 92 123
85 93 268
85 94 101
85 95 287
85 96 66
85 97 72
85 98 213
85 99 166
86 1 276
86 2 159
86 3 244
86 4 295
86 5 143
86 6 262
86 7 168
86 8 179
86 9 293
86 10 227
86 11 142
86 12 82
86 13 187
86 14 192
86 15 155
86 16 241
86 17 253
86 18 275
86 19 264
86 20 64
86 21 47
86 22 49
86 23 135
86 24 194
86 25 123
86 26 72
86 27 189
86 28 276
86 29 136
86 30 275
86 31 110
86 32 90
86 33 132
86 34 60
86 35 194
86 36 191
86 37 187
86 38 96
86 39 65
86 40 81
86 41 158
86 42 127
86 43 249
86 44 38
86 45 148
86 46 214
86 47 62
86 48 46
86 49 225
86 50 102
86 51 242
86 52 34
86 53 212
86 54 67
86 55 194
86 56 127
86 57 218
86 58 39
86 59 248
86 60 129
86 61 85
86 62 236
86 63 52
86 64 237
86 65 38
86 66 251
86 67 219
86 68 256
86 69 242
86 70 158
86 71 59
86 72 193
86 73 284
86 74 53
86 75 34
86 76 292
86 77 182
86 78 69
86 79 95
86 80 146
86 81 160
86 82 229
86 83 280
86 84 107
86 85 295
86 87 290
86 88 114
86 89 220
86 90 264
86 91 121
86 92 86
86 93 247
86 94 119
86 95 203
86 96 249
86 97 103
86 98 267
86 99 157
87 1 91
87 2 272
87 3 223
87 4 85
87 5 229
87 6 39
87 7 81
87 8 69
87 9 263
87 10 197
87 11 222
87 12 211
87 13 145
87 14 76
87 15 69
87 16 109
87 17 38
87 18 93
87 19 141
87 20 274
87 21 240
87 22 131
87 23 271
87 24 77
87 25 80
87 26 97
87 27 96
87 28 107
87 29 272
87 30 79
87 31 163
87 32 194
87 33 54
87 34 224
87 35 136
87 36 40
87 37 188
87 38 168
87 39 134
87 40 234
87 41 149
87 42 183
87 43 170
87 44 31
87 45 238
87 46 209
87 47 90
87 48 76
87 49 89
87 50 186
87 51 255
87 52 283
87 53 76
87 54 58
87 55 61
87 56 138
87 57 130
87 58 204
87 59 255
87 60 283
87 61 97
87 62 163
87 63 104
87 64 228
87 65 41
87 66 114
87 67 255
87 68 299
87 69 145
87 70 286
87 71 127
87 72 150
87 73 157
87 74 43
87 75 158
87 76 262
87 77 204
87 78 107
87 79 129
87 80 208
87 81 214
87 82 184
87 83 105
87 84 81
87 85 66
87 86 290
87 88 122
87 89 153
87 90 171
87 91 184
87 92 172
87 93 275
87 94 143
87 95 128
87 96 220
87 97 246
87 98 186
87 99 116
88 1 283
88 2 281
88 3 49
88 4 221
88 5 223
88 6 263
88 7 299
88 8 64
88 9 187
88 10 291
88 11 110
88 12 294
88 13 237
88 14 151
88 15 169
88 16 231
88 17 188
88 18 158
88 19 248
88 20 103
88 21 33
88 22 111
88 23 76
88 24 76
88 25 216
88 26 245
88 27 150
88 28 173
88 29 219
88 30 164
88 31 136
88 32 69
88 33 91
88 34 64
88 35 216
88 36 273
88 37 241
88 38 244
88 39 61
88 40 154
88 41 63
88 42 253
88 43 106
88 44 63
88 45 235
88 46 99
88 47 128
88 48 287
88 49 173
88 50 56
88 51 164
88 52 86
88 53 235
88 54 234
88 55 40
88 56 50
88 57 147
88 58 87
88 59 268
88 60 165
88 61 212
88 62 254
88 63 173
88 64 148
88 65 166
88 66 182
88 67 291
88 68 70
88 69 210
88 70 253
88 71 130
88 72 57
88 73 266
88 74 292
88 75 275
88 76 269
88 77 62
88 78 141
88 79 144
88 80 261
88 81 140
88 82 257
88 83 279
88 84 190
88 85 255
88 86 114
88 87 122
88 89 252
88 90 165
88 91 58
88 92 150
88 93 257
88 94 68
88 95 207
88 96 250
88 97 238
88 98 179
88 99 186
89 1 35
89 2 260
89 3 89
89 4 176
89 5 189
89 6 98
89 7 163
89 8 126
89 9 201
89 10 247
89 11 233
89 12 255
89 13 50
89 14 223
89 15 73
89 16 47
89 17 82
89 18 244
89 19 295
89 20 181
89 21 292
89 22 46
89 23 294
89 24 54
89 25 45
89 26 121
89 27 296
89 28 153
89 29 294
89 30 37
89 31 256
89 32 135
89 33 258
89 34 267
89 35 165
89 36 240
89 37 84
89 38 75
89 39 60
89 40 252
89 41 260
89 42 257
89 43 300
89 44 138
89 45 66
89 46 130
89 47 266
89 48 278
89 49 30
89 50 137
89 51 134
89 52 153
89 53 96
89 54 180
89 55 54
89 56 96
89 57 151
89 58 97
89 59 239
89 60 226
89 61 300
89 62 243
89 63 281
89 64 185
89 65 142
89 66 199
89 67 52
89 68 295
89 69 229
89 70 188
89 71 190
89 72 33
89 73 298
89 74 34
89 75 181
89 76 80
89 77 151
89 78 253
89 79 48
89 80 119
89 81 150
89 82 175
89 83 63
89 84 188
89 85 201
89 86 220
89 87 153
89 88 252
89 90 166
89 91 240
89 92 67
89 93 70
89 94 68
89 95 135
89 96 163
89 97 50
89 98 217
89 99 151
90 1 58
90 2 48
90 3 267
90 4 284
90 5 71
90 6 292
90 7 99
90 8 101
90 9 166
90 10 38
90 11 224
90 12 134
90 13 186
90 14 199
90 15 103
90 16 267
90 17 59
90 18 97
90 19 76
90 20 243
90 21 286
90 22 107
90 23 176
90 24 55
90 25 72
90 26 274
90 27 115
90 28 124
90 29 144
90 30 223
90 31 185
90 32 189
90 33 65
90 34 222
90 35 98
90 36 225
90 37 98
90 38 219
90 39 124
90 40 232
90 41 128
90 42 42
90 43 268
90 44 62
90 45 47
90 46 127
90 47 251
90 48 281
90 49 123
90 50 60
90 51 208
90 52 45
90 53 35
90 54 161
90 55 34
90 56 111
90 57 122
90 58 238
90 59 286
90 60 89
90 61 116
90 62 75
90 63 111
90 64 118
90 65 263
90 66 162
90 67 193
90 68 297
90 69 285
90 70 37
90 71 149
90 72 70
90 73 50
90 74 137
90 75 191
90 76 51
90 77 276
90 78 272
90 79 41
90 80 117
90 81 202
90 82 171
90 83 121
90 84 95
90 85 261
90 86 264
90 87 171
90 88 165
90 89 166
90 91 201
90 92 196
90 93 162
90 94 156
90 95 50
90 96 181
90 97 128
90 98 47
90 99 226
91 1 139
91 2 218
91 3 106
91 4 93
91 5 243
91 6 224
91 7 297
91 8 208
91 9 156
91 10 269
91 11 250
91 12 248
91 13 156
91 14 101
91 15 259
91 16 68
91 17 292
91 18 222
91 19 268
91 20 243
91 21 251
91 22 47
91 23 158
91 24 270
91 25 65
91 26 271
91 27 129
91 28 177
91 29 90
91 30 256
91 31 300
91 32 163
91 33 194
91 34 43
91 35 296
91 36 174
91 37 38
91 38 57
91 39 298
91 40 171
91 41 195
91 42 187
91 43 151
91 44 179
91 45 210
91 46 231
91 47 177
91 48 127
91 49 66
91 50 287
91 51 227
91 52 96
91 53 295
91 54 65
91 55 35
91 56 282
91 57 207
91 58 115
91 59 219
91 60 253
91 61 135
91 62 274
91 63 158
91 64 104
91 65 87
91 66 46
91 67 152
91 68 228
91 69 154
91 70 32
91 71 77
91 72 69
91 73 47
91 74 296
91 75 63
91 76 113
91 77 131
91 78 99
91 79 173
91 80 75
91 81 280
91 82 144
91 83 68
91 84 248
91 85 140
91 86 121
91 87 184
91 88 58
91 89 240
91 90 201
91 92 36
91 93 147
91 94 74
91 95 280
91 96 253
91 97 297
91 98 117
91 99 87
92 1 71
92 2 101
92 3 67
92 4 52
92 5 188
92 6 149
92 7 166
92 8 247
92 9 261
92 10 102
92 11 234
92 12 198
92 13 96
92 14 246
92 15 71
92 16 229
92 17 131
92 18 259
92 19 118
92 20 225
92 21 235
92 22 190
92 23 138
92 24 146
92 25 143
92 26 242
92 27 189
92 28 193
92 29 222
92 30 35
92 31 186
92 32 134
92 33 265
92 34 254
92 35 160
92 36 287
92 37 262
92 38 75
92 39 197
92 40 218
92 41 150
92 42 53
92 43 33
92 44 44
92 45 138
92 46 292
92 47 68
92 48 54
92 49 166
92 50 205
92 51 30
92 52 143
92 53 183
92 54 210
92 55 174
92 56 82
92 57 139
92 58 236
92 59 40
92 60 274
92 61 242
92 62 147
92 63 218
92 64 166
92 65 194
92 66 105
92 67 288
92 68 227
92 69 190
92 70 260
92 71 277
92 72 48
92 73 246
92 74 227
92 75 207
92 76 282
92 77 67
92 78 45
92 79 155
92 80 289
92 81 277
92 82 95
92 83 263
92 84 96
92 85 123
92 86 86
92 87 172
92 88 150
92 89 67
92 90 196
92 91 36
92 93 300
92 94 262
92 95 45
92 96 59
92 97 191
92 98 195
92 99 168
93 1 248
93 2 283
93 3 229
93 4 296
93 5 56
93 6 86
93 7 165
93 8 250
93 9 85
93 10 287
93 11 209
93 12 114
93 13 260
93 14 115
93 15 136
93 16 106
93 17 112
93 18 217
93 19 146
93 20 49
93 21 146
93 22 76
93 23 230
93 24 93
93 25 299
93 26 255
93 27 242
93 28 119
93 29 54
93 30 298
93 31 296
93 32 82
93 33 208
93 34 279
93 35 228
93 36 206
93 37 80
93 38 152
93 39 58
93 40 103
93 41 30
93 42 51
93 43 127
93 44 204
93 45 299
93 46 62
93 47 213
93 48 219
93 49 237
93 50 99
93 51 293
93 52 226
93 53 232
93 54 137
93 55 141
93 56 92
93 57 280
93 58 145
93 59 245
93 60 231
93 61 255
93 62 256
93 63 80
93 64 253
93 65 45
93 66 138
93 67 231
93 68 207
93 69 106
93 70 244
93 71 268
93 72 59
93 73 132
93 74 35
93 75 280
93 76 252
93 77 98
93 78 135
93 79 293
93 80 157
93 81 209
93 82 100
93 83 291
93 84 208
93 85 268
93 86 247
93 87 275
93 88 257
93 89 70
93 90 162
93 91 147
93 92 300
93 94 34
93 95 201
93 96 185
93 97 65
93 98 199
93 99 258
94 1 38
94 2 92
94 3 107
94 4 111
94 5 186
94 6 294
94 7 189
94 8 107
94 9 147
94 10 237
94 11 135
94 12 233
94 13 147
94 14 134
94 15 238
94 16 58
94 17 99
94 18 46
94 19 277
94 20 133
94 21 120
94 22 113
94 23 297
94 24 170
94 25 80
94 26 209
94 27 64
94 28 121
94 29 266
94 30 228
94 31 292
94 32 56
94 33 260
94 34 160
94 35 149
94 36 238
94 37 220
94 38 138
94 39 252
94 40 208
94 41 239
94 42 130
94 43 132
94 44 125
94 45 161
94 46 261
94 47 171
94 48 193
94 49 96
94 50 238
94 51 271
94 52 247
94 53 204
94 54 35
94 55 254
94 56 183
94 57 288
94 58 243
94 59 106
94 60 270
94 61 180
94 62 201
94 63 265
94 64 47
94 65 281
94 66 69
94 67 70
94 68 130
94 69 206
94 70 101
94 71 138
94 72 213
94 73 255
94 74 208
94 75 144
94 76 195
94 77 251
94 78 35
94 79 127
94 80 128
94 81 87
94 82 33
94 83 274
94 84 68
94 85 101
94 86 119
94 87 143
94 88 68
94 89 68
94 90 156
94 91 74
94 92 262
94 93 34
94 95 197
94 96 53
94 97 99
94 98 242
94 99 224
95 1 180
95 2 60
95 3 99
95 4 222
95 5 250
95 6 290
95 7 212
95 8 187
95 9 189
95 10 102
95 11 73
95 12 292
95 13 242
95 14 38
95 15 266
95 16 59
95 17 232
95 18 53
95 19 256
95 20 37
95 21 101
95 22 130
95 23 272
95 24 47
95 25 85
95 26 198
95 27 271
95 28 217
95 29 46
95 30 206
95 31 131
95 32 192
95 33 57
95 34 152
95 35 215
95 36 292
95 37 108
95 38 256
95 39 226
95 40 91
95 41 270
95 42 154
95 43 205
95 44 265
95 45 98
95 46 144
95 47 275
95 48 139
95 49 169
95 50 115
95 51 151
95 52 59
95 53 30
95 54 63
95 55 263
95 56 168
95 57 152
95 58 275
95 59 131
95 60 218
95 61 205
95 62 221
95 63 75
95 64 55
95 65 283
95 66 55
95 67 173
95 68 219
95 69 216
95 70 121
95 71 273
95 72 167
95 73 69
95 74 147
95 75 216
95 76 286
95 77 109
95 78 34
95 79 147
95 80 292
95 81 267
95 82 281
95 83 145
95 84 68
95 85 287
95 86 203
95 87 128
95 88 207
95 89 135
95 90 50
95 91 280
95 92 45
95 93 201
95 94 197
95 96 236
95 97 147
95 98 143
95 99 267
96 1 266
96 2 259
96 3 110
96 4 120
96 5 199
96 6 49
96 7 167
96 8 35
96 9 198
96 10 71
96 11 215
96 12 59
96 13 225
96 14 297
96 15 64
96 16 257
96 17 232
96 18 295
96 19 116
96 20 127
96 21 261
96 22 80
96 23 121
96 24 34
96 25 72
96 26 59
96 27 130
96 28 218
96 29 213
96 30 187
96 31 175
96 32 186
96 33 84
96 34 103
96 35 218
96 36 266
96 37 195
96 38 292
96 39 122
96 40 99
96 41 187
96 42 246
96 43 210
96 44 140
96 45 265
96 46 214
96 47 124
96 48 202
96 49 223
96 50 281
96 51 63
96 52 58
96 53 97
96 54 290
96 55 120
96 56 169
96 57 59
96 58 273
96 59 251
96 60 295
96 61 295
96 62 278
96 63 174
96 64 222
96 65 39
96 66 210
96 67 50
96 68 206
96 69 116
96 70 259
96 71 136
96 72 50
96 73 281
96 74 105
96 75 34
96 76 67
96 77 89
96 78 98
96 79 212
96 80 111
96 81 128
96 82 232
96 83 219
96 84 257
96 85 66
96 86 249
96 87 220
96 88 250
96 89 163
96 90 181
96 91 253
96 92 59
96 93 185
96 94 53
96 95 236
96 97 111
96 98 236
96 99 282
97 1 140
97 2 210
97 3 122
97 4 74
97 5 129
97 6 164
97 7 90
97 8 118
97 9 114
97 10 268
97 11 214
97 12 110
97 13 72
97 14 260
97 15 65
97 16 39
97 17 215
97 18 82
97 19 132
97 20 70
97 21 120
97 22 267
97 23 279
97 24 119
97 25 89
97 26 61
97 27 171
97 28 34
97 29 86
97 30 238
97 31 130
97 32 226
97 33 272
97 34 190
97 35 196
97 36 237
97 37 277
97 38 59
97 39 93
97 40 57
97 41 37
97 42 201
97 43 289
97 44 97
97 45 262
97 46 108
97 47 35
97 48 231
97 49 177
97 50 231
97 51 260
97 52 225
97 53 293
97 54 279
97 55 39
97 56 123
97 57 167
97 58 233
97 59 124
97 60 264
97 61 253
97 62 192
97 63 200
97 64 158
97 65 93
97 66 153
97 67 258
97 68 65
97 69 289
97 70 224
97 71 170
97 72 144
97 73 103
97 74 68
97 75 277
97 76 138
97 77 136
97 78 69
97 79 150
97 80 110
97 81 224
97 82 121
97 83 73
97 84 213
97 85 72
97 86 103
97 87 246
97 88 238
97 89 50
97 90 128
97 91 297
97 92 191
97 93 65
97 94 99
97 95 147
97 96 111
97 98 139
97 99 123
98 1 141
98 2 172
98 3 270
98 4 279
98 5 69
98 6 33
98 7 239
98 8 101
98 9 261
98 10 223
98 11 218
98 12 217
98 13 160
98 14 241
98 15 71
98 16 42
98 17 205
98 18 129
98 19 242
98 20 268
98 21 214
98 22 141
98 23 228
98 24 110
98 25 45
98 26 31
98 27 292
98 28 240
98 29 111
98 30 131
98 31 291
98 32 281
98 33 295
98 34 142
98 35 255
98 36 247
98 37 251
98 38 272
98 39 97
98 40 79
98 41 124
98 42 30
98 43 201
98 44 280
98 45 237
98 46 98
98 47 146
98 48 108
98 49 117
98 50 130
98 51 171
98 52 162
98 53 104
98 54 90
98 55 59
98 56 193
98 57 199
98 58 83
98 59 108
98 60 224
98 61 176
98 62 168
98 63 73
98 64 85
98 65 111
98 66 164
98 67 94
98 68 126
98 69 221
98 70 104
98 71 198
98 72 62
98 73 253
98 74 155
98 75 285
98 76 132
98 77 57
98 78 269
98 79 284
98 80 38
98 81 195
98 82 249
98 83 228
98 84 154
98 85 213
98 86 267
98 87 186
98 88 179
98 89 217
98 90 47
98 91 117
98 92 195
98 93 199
98 94 242
98 95 143
98 96 236
98 97 139
98 99 215
1 t 273
2 t 71
3 t 162
4 t 182
5 t 264
6 t 129
7 t 132
8 t 288
9 t 260
10 t 256
11 t 220
12 t 109
13 t 120
14 t 187
15 t 217
16 t 273
17 t 288
18 t 126
19 t 181
20 t 244
21 t 64
22 t 224
23 t 44
24 t 216
25 t 168
26 t 267
27 t 194
28 t 221
29 t 82
30 t 277
31 t 242
32 t 242
33 t 64
34 t 131
35 t 53
36 t 182
37 t 173
38 t 173
39 t 296
40 t 246
41 t 173
42 t 70
43 t 172
44 t 66
45 t 115
46 t 125
47 t 255
48 t 137
49 t 35
50 t 89
51 t 169
52 t 219
53 t 63
54 t 226
55 t 154
56 t 255
57 t 250
58 t 102
59 t 76
60 t 234
61 t 107
62 t 70
63 t 148
64 t 32
65 t 91
66 t 212
67 t 162
68 t 227
69 t 258
70 t 216
71 t 282
72 t 36
73 t 76
74 t 108
75 t 88
76 t 247
77 t 50
78 t 138
79 t 248
80 t 173
81 t 61
82 t 121
83 t 97
84 t 178
85 t 166
86 t 157
87 t 116
88 t 186
89 t 151
90 t 226
91 t 87
92 t 168
93 t 258
94 t 224
95 t 267
96 t 282
97 t 123
98 t 215
