s 1 274
s 2 186
s 3 235
s 4 85
s 5 274
s 6 150
s 7 273
s 8 213
s 9 202
s 10 238
s 11 48
s 12 120
s 13 263
s 14 145
s 15 103
s 16 79
s 17 96
s 18 215
s 19 129
s 20 58
s 21 164
s 22 146
s 23 74
s 24 42
s 25 82
s 26 47
s 27 272
s 28 197
s 29 93
s 30 217
s 31 236
s 32 31
s 33 254
s 34 257
s 35 42
s 36 186
s 37 174
s 38 219
s 39 100
s 40 45
s 41 273
s 42 210
s 43 174
s 44 72
s 45 114
s 46 172
s 47 232
s 48 85
s 49 227
s 50 277
s 51 279
s 52 227
s 53 144
s 54 235
s 55 119
s 56 94
s 57 224
s 58 87
s 59 133
s 60 245
s 61 85
s 62 65
s 63 136
s 64 199
s 65 166
s 66 213
s 67 53
s 68 118
s 69 60
s 70 115
s 71 291
s 72 109
s 73 287
s 74 191
s 75 163
s 76 284
s 77 247
s 78 63
s 79 127
s 80 67
s 81 261
s 82 172
s 83 262
s 84 58
s 85 207
s 86 219
s 87 206
s 88 175
s 89 283
s 90 157
s 91 156
s 92 85
s 93 32
s 94 156
s 95 184
s 96 242
s 97 280
s 98 115
s 99 118
1 2 256
1 3 246
1 4 219
1 5 95
1 6 128
1 7 235
1 8 181
1 9 167
1 10 138
1 11 169
1 12 101
1 13 121
1 14 290
1 15 264
1 16 247
1 17 264
1 18 39
1 19 269
1 20 32
1 21 252
1 22 110
1 23 80
1 24 167
1 25 102
1 26 187
1 27 216
1 28 182
1 29 148
1 30 295
1 31 270
1 32 268
1 33 206
1 34 185
1 35 219
1 36 40
1 37 100
1 38 300
1 39 51
1 40 176
1 41 93
1 42 62
1 43 142
1 44 244
1 45 240
1 46 129
1 47 297
1 48 198
1 49 270
1 50 120
1 51 148
1 52 173
1 53 296
1 54 190
1 55 126
1 56 157
1 57 282
1 58 178
1 59 79
1 60 148
1 61 51
1 62 240
1 63 148
1 64 32
1 65 239
1 66 248
1 67 101
1 68 174
1 69 89
1 70 247
1 71 246
1 72 265
1 73 180
1 74 256
1 75 165
1 76 92
1 77 141
1 78 95
1 79 77
1 80 206
1 81 145
1 82 105
1 83 135
1 84 196
1 85 68
1 86 33
1 87 35
1 88 258
1 89 264
1 90 219
1 91 83
1 92 162
1 93 179
1 94 180
1 95 67
1 96 270
1 97 175
1 98 54
1 99 109
2 1 256
2 3 266
2 4 184
2 5 177
2 6 207
2 7 109
2 8 134
2 9 101
2 10 292
2 11 55
2 12 237
2 13 65
2 14 199
2 15 190
2 16 195
2 17 119
2 18 119
2 19 253
2 20 166
2 21 83
2 22 32
2 23 154
2 24 171
2 25 65
2 26 65
2 27 247
2 28 273
2 29 76
2 30 236
2 31 159
2 32 236
2 33 207
2 34 132
2 35 72
2 36 122
2 37 75
2 38 113
2 39 233
2 40 227
2 41 150
2 42 155
2 43 77
2 44 238
2 45 228
2 46 142
2 47 172
2 48 116
2 49 53
2 50 99
2 51 295
2 52 181
2 53 52
2 54 208
2 55 58
2 56 272
2 57 232
2 58 83
2 59 95
2 60 154
2 61 176
2 62 130
2 63 108
2 64 158
2 65 250
2 66 130
2 67 281
2 68 83
2 69 286
2 70 36
2 71 213
2 72 84
2 73 211
2 74 54
2 75 182
2 76 265
2 77 284
2 78 95
2 79 41
2 80 196
2 81 53
2 82 219
2 83 152
2 84 249
2 85 198
2 86 122
2 87 52
2 88 104
2 89 104
2 90 34
2 91 78
2 92 169
2 93 243
2 94 204
2 95 285
2 96 162
2 97 248
2 98 149
2 99 156
3 1 246
3 2 266
3 4 270
3 5 55
3 6 153
3 7 208
3 8 215
3 9 122
3 10 291
3 11 149
3 12 132
3 13 203
3 14 209
3 15 140
3 16 260
3 17 124
3 18 209
3 19 104
3 20 65
3 21 142
3 22 160
3 23 280
3 24 58
3 25 137
3 26 90
3 27 58
3 28 230
3 29 147
3 30 187
3 31 223
3 32 56
3 33 191
3 34 138
3 35 95
3 36 176
3 37 197
3 38 97
3 39 268
3 40 31
3 41 183
3 42 149
3 43 238
3 44 267
3 45 76
3 46 226
3 47 97
3 48 174
3 49 64
3 50 117
3 51 129
3 52 48
3 53 270
3 54 112
3 55 156
3 56 57
3 57 185
3 58 120
3 59 226
3 60 179
3 61 221
3 62 99
3 63 112
3 64 223
3 65 247
3 66 225
3 67 287
3 68 67
3 69 298
3 70 81
3 71 132
3 72 133
3 73 162
3 74 274
3 75 238
3 76 76
3 77 295
3 78 100
3 79 95
3 80 300
3 81 246
3 82 201
3 83 91
3 84 193
3 85 79
3 86 148
3 87 128
3 88 217
3 89 293
3 90 237
3 91 189
3 92 107
3 93 79
3 94 94
3 95 200
3 96 125
3 97 49
3 98 75
3 99 145
4 1 219
4 2 184
4 3 270
4 5 151
4 6 31
4 7 228
4 8 116
4 9 246
4 10 230
4 11 250
4 12 137
4 13 64
4 14 168
4 15 293
4 16 102
4 17 296
4 18 120
4 19 236
4 20 62
4 21 166
4 22 36
4 23 264
4 24 279
4 25 87
4 26 35
4 27 71
4 28 53
4 29 76
4 30 225
4 31 45
4 32 232
4 33 153
4 34 57
4 35 63
4 36 57
4 37 114
4 38 158
4 39 121
4 40 234
4 41 284
4 42 251
4 43 298
4 44 63
4 45 241
4 46 200
4 47 283
4 48 52
4 49 103
4 50 280
4 51 83
4 52 251
4 53 244
4 54 214
4 55 249
4 56 260
4 57 210
4 58 116
4 59 89
4 60 271
4 61 201
4 62 164
4 63 76
4 64 103
4 65 143
4 66 83
4 67 85
4 68 130
4 69 88
4 70 215
4 71 135
4 72 113
4 73 62
4 74 162
4 75 33
4 76 285
4 77 253
4 78 224
4 79 155
4 80 216
4 81 208
4 82 295
4 83 141
4 84 73
4 85 263
4 86 54
4 87 176
4 88 167
4 89 256
4 90 32
4 91 109
4 92 69
4 93 78
4 94 280
4 95 289
4 96 179
4 97 35
4 98 267
4 99 284
5 1 95
5 2 177
5 3 55
5 4 151
5 6 173
5 7 68
5 8 94
5 9 122
5 10 240
5 11 175
5 12 75
5 13 167
5 14 276
5 15 82
5 16 169
5 17 177
5 18 267
5 19 254
5 20 84
5 21 231
5 22 288
5 23 172
5 24 247
5 25 185
5 26 50
5 27 87
5 28 37
5 29 205
5 30 113
5 31 120
5 32 263
5 33 110
5 34 247
5 35 65
5 36 217
5 37 184
5 38 254
5 39 117
5 40 42
5 41 154
5 42 110
5 43 293
5 44 280
5 45 178
5 46 197
5 47 240
5 48 82
5 49 55
5 50 162
5 51 293
5 52 194
5 53 228
5 54 184
5 55 256
5 56 265
5 57 126
5 58 111
5 59 171
5 60 200
5 61 93
5 62 97
5 63 39
5 64 274
5 65 128
5 66 151
5 67 134
5 68 286
5 69 261
5 70 291
5 71 223
5 72 150
5 73 172
5 74 157
5 75 114
5 76 125
5 77 194
5 78 260
5 79 275
5 80 240
5 81 248
5 82 263
5 83 131
5 84 66
5 85 95
5 86 41
5 87 79
5 88 100
5 89 224
5 90 61
5 91 107
5 92 214
5 93 159
5 94 81
5 95 299
5 96 218
5 97 185
5 98 266
5 99 138
6 1 128
6 2 207
6 3 153
6 4 31
6 5 173
6 7 247
6 8 245
6 9 118
6 10 285
6 11 228
6 12 295
6 13 101
6 14 131
6 15 96
6 16 183
6 17 151
6 18 236
6 19 119
6 20 170
6 21 155
6 22 252
6 23 274
6 24 74
6 25 35
6 26 166
6 27 201
6 28 240
6 29 36
6 30 132
6 31 163
6 32 91
6 33 247
6 34 127
6 35 188
6 36 54
6 37 281
6 38 32
6 39 153
6 40 191
6 41 128
6 42 102
6 43 174
6 44 266
6 45 171
6 46 266
6 47 242
6 48 66
6 49 241
6 50 242
6 51 53
6 52 296
6 53 117
6 54 239
6 55 287
6 56 34
6 57 213
6 58 105
6 59 195
6 60 154
6 61 71
6 62 208
6 63 87
6 64 164
6 65 44
6 66 193
6 67 298
6 68 132
6 69 62
6 70 287
6 71 173
6 72 73
6 73 254
6 74 233
6 75 195
6 76 179
6 77 167
6 78 283
6 79 85
6 80 203
6 81 298
6 82 232
6 83 167
6 84 86
6 85 214
6 86 78
6 87 230
6 88 219
6 89 133
6 90 192
6 91 276
6 92 293
6 93 175
6 94 88
6 95 78
6 96 182
6 97 90
6 98 295
6 99 55
7 1 235
7 2 109
7 3 208
7 4 228
7 5 68
7 6 247
7 8 175
7 9 32
7 10 299
7 11 179
7 12 230
7 13 53
7 14 48
7 15 266
7 16 39
7 17 117
7 18 190
7 19 95
7 20 155
7 21 90
7 22 254
7 23 145
7 24 147
7 25 85
7 26 205
7 27 273
7 28 230
7 29 128
7 30 179
7 31 142
7 32 172
7 33 127
7 34 204
7 35 189
7 36 118
7 37 34
7 38 286
7 39 285
7 40 273
7 41 138
7 42 84
7 43 145
7 44 97
7 45 41
7 46 246
7 47 195
7 48 140
7 49 226
7 50 91
7 51 259
7 52 248
7 53 273
7 54 70
7 55 54
7 56 260
7 57 219
7 58 225
7 59 300
7 60 93
7 61 109
7 62 78
7 63 133
7 64 299
7 65 142
7 66 158
7 67 87
7 68 69
7 69 141
7 70 238
7 71 59
7 72 185
7 73 291
7 74 55
7 75 160
7 76 277
7 77 128
7 78 80
7 79 142
7 80 79
7 81 282
7 82 98
7 83 268
7 84 162
7 85 110
7 86 76
7 87 221
7 88 295
7 89 121
7 90 235
7 91 81
7 92 260
7 93 48
7 94 252
7 95 230
7 96 242
7 97 82
7 98 83
7 99 229
8 1 181
8 2 134
8 3 215
8 4 116
8 5 94
8 6 245
8 7 175
8 9 205
8 10 264
8 11 37
8 12 174
8 13 129
8 14 148
8 15 234
8 16 70
8 17 246
8 18 40
8 19 257
8 20 44
8 21 108
8 22 195
8 23 277
8 24 32
8 25 36
8 26 190
8 27 121
8 28 269
8 29 50
8 30 264
8 31 257
8 32 177
8 33 196
8 34 175
8 35 212
8 36 111
8 37 144
8 38 115
8 39 216
8 40 269
8 41 298
8 42 43
8 43 207
8 44 86
8 45 233
8 46 90
8 47 41
8 48 100
8 49 134
8 50 166
8 51 86
8 52 55
8 53 121
8 54 243
8 55 239
8 56 68
8 57 192
8 58 56
8 59 287
8 60 265
8 61 222
8 62 141
8 63 76
8 64 36
8 65 108
8 66 273
8 67 219
8 68 259
8 69 164
8 70 216
8 71 161
8 72 104
8 73 278
8 74 82
8 75 164
8 76 247
8 77 277
8 78 58
8 79 280
8 80 286
8 81 30
8 82 238
8 83 155
8 84 217
8 85 146
8 86 162
8 87 275
8 88 273
8 89 234
8 90 203
8 91 260
8 92 188
8 93 275
8 94 238
8 95 256
8 96 61
8 97 253
8 98 292
8 99 267
9 1 167
9 2 101
9 3 122
9 4 246
9 5 122
9 6 118
9 7 32
9 8 205
9 10 235
9 11 49
9 12 189
9 13 103
9 14 289
9 15 97
9 16 220
9 17 277
9 18 129
9 19 43
9 20 163
9 21 121
9 22 111
9 23 164
9 24 37
9 25 49
9 26 260
9 27 245
9 28 227
9 29 119
9 30 54
9 31 169
9 32 73
9 33 110
9 34 154
9 35 175
9 36 89
9 37 75
9 38 166
9 39 107
9 40 298
9 41 83
9 42 253
9 43 166
9 44 249
9 45 96
9 46 185
9 47 266
9 48 135
9 49 110
9 50 220
9 51 227
9 52 82
9 53 187
9 54 42
9 55 30
9 56 181
9 57 216
9 58 175
9 59 245
9 60 270
9 61 251
9 62 210
9 63 265
9 64 119
9 65 147
9 66 212
9 67 274
9 68 140
9 69 84
9 70 101
9 71 49
9 72 228
9 73 210
9 74 62
9 75 192
9 76 245
9 77 258
9 78 142
9 79 267
9 80 247
9 81 278
9 82 255
9 83 89
9 84 129
9 85 138
9 86 197
9 87 59
9 88 141
9 89 275
9 90 43
9 91 189
9 92 250
9 93 36
9 94 199
9 95 143
9 96 225
9 97 268
9 98 214
9 99 198
10 1 138
10 2 292
10 3 291
10 4 230
10 5 240
10 6 285
10 7 299
10 8 264
10 9 235
10 11 117
10 12 125
10 13 276
10 14 141
10 15 284
10 16 141
10 17 239
10 18 174
10 19 225
10 20 110
10 21 154
10 22 160
10 23 186
10 24 222
10 25 166
10 26 159
10 27 132
10 28 62
10 29 187
10 30 284
10 31 295
10 32 122
10 33 69
10 34 88
10 35 59
10 36 96
10 37 91
10 38 83
10 39 182
10 40 250
10 41 174
10 42 53
10 43 159
10 44 35
10 45 123
10 46 42
10 47 283
10 48 286
10 49 261
10 50 39
10 51 73
10 52 146
10 53 128
10 54 81
10 55 263
10 56 104
10 57 191
10 58 192
10 59 230
10 60 192
10 61 64
10 62 179
10 63 212
10 64 231
10 65 73
10 66 76
10 67 67
10 68 178
10 69 167
10 70 230
10 71 269
10 72 208
10 73 61
10 74 271
10 75 274
10 76 171
10 77 293
10 78 74
10 79 146
10 80 74
10 81 182
10 82 251
10 83 213
10 84 101
10 85 61
10 86 105
10 87 178
10 88 60
10 89 108
10 90 35
10 91 38
10 92 293
10 93 230
10 94 165
10 95 269
10 96 51
10 97 228
10 98 265
10 99 288
11 1 169
11 2 55
11 3 149
11 4 250
11 5 175
11 6 228
11 7 179
11 8 37
11 9 49
11 10 117
11 12 282
11 13 50
11 14 75
11 15 189
11 16 50
11 17 131
11 18 198
11 19 300
11 20 148
11 21 149
11 22 180
11 23 199
11 24 269
11 25 147
11 26 105
11 27 73
11 28 133
11 29 248
11 30 215
11 31 252
11 32 264
11 33 60
11 34 111
11 35 34
11 36 211
11 37 273
11 38 131
11 39 107
11 40 163
11 41 177
11 42 175
11 43 243
11 44 167
11 45 178
11 46 262
11 47 293
11 48 179
11 49 173
11 50 60
11 51 273
11 52 150
11 53 48
11 54 66
11 55 286
11 56 252
11 57 76
11 58 95
11 59 33
11 60 117
11 61 36
11 62 57
11 63 108
11 64 147
11 65 149
11 66 208
11 67 149
11 68 272
11 69 230
11 70 148
11 71 89
11 72 174
11 73 297
11 74 76
11 75 144
11 76 235
11 77 265
11 78 192
11 79 180
11 80 84
11 81 56
11 82 60
11 83 68
11 84 298
11 85 87
11 86 143
11 87 248
11 88 174
11 89 251
11 90 210
11 91 226
11 92 247
11 93 273
11 94 69
11 95 173
11 96 240
11 97 222
11 98 292
11 99 114
12 1 101
12 2 237
12 3 132
12 4 137
12 5 75
12 6 295
12 7 230
12 8 174
12 9 189
12 10 125
12 11 282
12 13 109
12 14 220
12 15 196
12 16 79
12 17 141
12 18 217
12 19 282
12 20 216
12 21 38
12 22 33
12 23 241
12 24 117
12 25 127
12 26 255
12 27 232
12 28 252
12 29 267
12 30 151
12 31 282
12 32 201
12 33 228
12 34 159
12 35 258
12 36 118
12 37 291
12 38 229
12 39 46
12 40 120
12 41 100
12 42 235
12 43 142
12 44 151
12 45 127
12 46 33
12 47 201
12 48 148
12 49 270
12 50 95
12 51 111
12 52 63
12 53 257
12 54 105
12 55 167
12 56 236
12 57 81
12 58 276
12 59 226
12 60 281
12 61 202
12 62 234
12 63 259
12 64 47
12 65 201
12 66 182
12 67 51
12 68 122
12 69 166
12 70 46
12 71 171
12 72 120
12 73 141
12 74 185
12 75 90
12 76 167
12 77 154
12 78 248
12 79 137
12 80 90
12 81 65
12 82 142
12 83 98
12 84 252
12 85 99
12 86 114
12 87 45
12 88 138
12 89 105
12 90 262
12 91 270
12 92 86
12 93 257
12 94 35
12 95 149
12 96 228
12 97 288
12 98 184
12 99 247
13 1 121
13 2 65
13 3 203
13 4 64
13 5 167
13 6 101
13 7 53
13 8 129
13 9 103
13 10 276
13 11 50
13 12 109
13 14 274
13 15 229
13 16 286
13 17 165
13 18 289
13 19 233
13 20 247
13 21 41
13 22 202
13 23 242
13 24 264
13 25 75
13 26 96
13 27 155
13 28 280
13 29 287
13 30 84
13 31 199
13 32 277
13 33 147
13 34 167
13 35 70
13 36 53
13 37 193
13 38 162
13 39 255
13 40 245
13 41 87
13 42 286
13 43 284
13 44 136
13 45 224
13 46 233
13 47 62
13 48 55
13 49 106
13 50 80
13 51 218
13 52 32
13 53 80
13 54 213
13 55 165
13 56 291
13 57 181
13 58 274
13 59 178
13 60 75
13 61 162
13 62 97
13 63 215
13 64 78
13 65 214
13 66 199
13 67 210
13 68 46
13 69 48
13 70 115
13 71 284
13 72 300
13 73 184
13 74 118
13 75 94
13 76 108
13 77 50
13 78 93
13 79 220
13 80 258
13 81 102
13 82 212
13 83 249
13 84 237
13 85 229
13 86 66
13 87 263
13 88 78
13 89 296
13 90 39
13 91 176
13 92 219
13 93 81
13 94 193
13 95 137
13 96 210
13 97 170
13 98 184
13 99 99
14 1 290
14 2 199
14 3 209
14 4 168
14 5 276
14 6 131
14 7 48
14 8 148
14 9 289
14 10 141
14 11 75
14 12 220
14 13 274
14 15 209
14 16 133
14 17 137
14 18 85
14 19 140
14 20 182
14 21 63
14 22 247
14 23 44
14 24 121
14 25 105
14 26 108
14 27 45
14 28 121
14 29 139
14 30 193
14 31 72
14 32 65
14 33 281
14 34 83
14 35 55
14 36 81
14 37 218
14 38 148
14 39 218
14 40 128
14 41 285
14 42 83
14 43 250
14 44 123
14 45 177
14 46 32
14 47 175
14 48 121
14 49 221
14 50 80
14 51 251
14 52 130
14 53 257
14 54 44
14 55 290
14 56 283
14 57 90
14 58 129
14 59 216
14 60 108
14 61 208
14 62 92
14 63 101
14 64 52
14 65 222
14 66 263
14 67 226
14 68 286
14 69 121
14 70 92
14 71 151
14 72 78
14 73 46
14 74 117
14 75 207
14 76 264
14 77 190
14 78 221
14 79 179
14 80 97
14 81 197
14 82 81
14 83 262
14 84 120
14 85 117
14 86 71
14 87 59
14 88 155
14 89 265
14 90 252
14 91 252
14 92 95
14 93 285
14 94 174
14 95 83
14 96 243
14 97 69
14 98 210
14 99 54
15 1 264
15 2 190
15 3 140
15 4 293
15 5 82
15 6 96
15 7 266
15 8 234
15 9 97
15 10 284
15 11 189
15 12 196
15 13 229
15 14 209
15 16 175
15 17 92
15 18 81
15 19 266
15 20 124
15 21 48
15 22 297
15 23 193
15 24 247
15 25 174
15 26 122
15 27 239
15 28 62
15 29 139
15 30 42
15 31 157
15 32 169
15 33 52
15 34 102
15 35 146
15 36 214
15 37 59
15 38 292
15 39 43
15 40 163
15 41 230
15 42 248
15 43 211
15 44 154
15 45 157
15 46 106
15 47 38
15 48 161
15 49 106
15 50 52
15 51 52
15 52 212
15 53 161
15 54 256
15 55 31
15 56 131
15 57 279
15 58 201
15 59 238
15 60 102
15 61 156
15 62 233
15 63 291
15 64 229
15 65 120
15 66 221
15 67 109
15 68 130
15 69 192
15 70 280
15 71 238
15 72 241
15 73 211
15 74 134
15 75 263
15 76 47
15 77 140
15 78 251
15 79 154
15 80 154
15 81 146
15 82 259
15 83 40
15 84 231
15 85 77
15 86 89
15 87 33
15 88 108
15 89 52
15 90 126
15 91 173
15 92 288
15 93 90
15 94 281
15 95 180
15 96 212
15 97 147
15 98 125
15 99 86
16 1 247
16 2 195
16 3 260
16 4 102
16 5 169
16 6 183
16 7 39
16 8 70
16 9 220
16 10 141
16 11 50
16 12 79
16 13 286
16 14 133
16 15 175
16 17 192
16 18 291
16 19 210
16 20 65
16 21 181
16 22 95
16 23 129
16 24 222
16 25 138
16 26 297
16 27 173
16 28 149
16 29 87
16 30 158
16 31 99
16 32 73
16 33 244
16 34 253
16 35 273
16 36 185
16 37 177
16 38 98
16 39 80
16 40 64
16 41 287
16 42 139
16 43 48
16 44 114
16 45 274
16 46 142
16 47 114
16 48 111
16 49 52
16 50 97
16 51 63
16 52 148
16 53 194
16 54 113
16 55 157
16 56 264
16 57 178
16 58 73
16 59 297
16 60 185
16 61 297
16 62 57
16 63 171
16 64 291
16 65 179
16 66 34
16 67 247
16 68 47
16 69 112
16 70 155
16 71 163
16 72 204
16 73 135
16 74 210
16 75 293
16 76 178
16 77 265
16 78 36
16 79 222
16 80 157
16 81 38
16 82 128
16 83 298
16 84 91
16 85 286
16 86 277
16 87 30
16 88 250
16 89 206
16 90 117
16 91 276
16 92 117
16 93 295
16 94 119
16 95 160
16 96 147
16 97 44
16 98 87
16 99 73
17 1 264
17 2 119
17 3 124
17 4 296
17 5 177
17 6 151
17 7 117
17 8 246
17 9 277
17 10 239
17 11 131
17 12 141
17 13 165
17 14 137
17 15 92
17 16 192
17 18 180
17 19 262
17 20 142
17 21 142
17 22 73
17 23 81
17 24 156
17 25 83
17 26 37
17 27 250
17 28 255
17 29 169
17 30 91
17 31 213
17 32 39
17 33 155
17 34 211
17 35 50
17 36 153
17 37 97
17 38 200
17 39 276
17 40 85
17 41 126
17 42 292
17 43 206
17 44 31
17 45 236
17 46 122
17 47 186
17 48 61
17 49 246
17 50 268
17 51 162
17 52 45
17 53 156
17 54 255
17 55 130
17 56 202
17 57 56
17 58 257
17 59 240
17 60 241
17 61 278
17 62 290
17 63 222
17 64 191
17 65 176
17 66 41
17 67 93
17 68 207
17 69 70
17 70 37
17 71 220
17 72 232
17 73 148
17 74 48
17 75 54
17 76 168
17 77 123
17 78 45
17 79 199
17 80 173
17 81 209
17 82 158
17 83 259
17 84 291
17 85 111
17 86 59
17 87 292
17 88 269
17 89 254
17 90 293
17 91 195
17 92 162
17 93 285
17 94 141
17 95 115
17 96 213
17 97 283
17 98 292
17 99 100
18 1 39
18 2 119
18 3 209
18 4 120
18 5 267
18 6 236
18 7 190
18 8 40
18 9 129
18 10 174
18 11 198
18 12 217
18 13 289
18 14 85
18 15 81
18 16 291
18 17 180
18 19 244
18 20 83
18 21 64
18 22 184
18 23 135
18 24 226
18 25 155
18 26 103
18 27 95
18 28 250
18 29 110
18 30 52
18 31 57
18 32 233
18 33 245
18 34 216
18 35 244
18 36 145
18 37 160
18 38 139
18 39 123
18 40 279
18 41 62
18 42 39
18 43 211
18 44 167
18 45 88
18 46 66
18 47 250
18 48 281
18 49 49
18 50 164
18 51 159
18 52 188
18 53 80
18 54 241
18 55 193
18 56 195
18 57 245
18 58 243
18 59 165
18 60 280
18 61 286
18 62 137
18 63 236
18 64 43
18 65 201
18 66 143
18 67 87
18 68 268
18 69 277
18 70 215
18 71 50
18 72 50
18 73 294
18 74 189
18 75 238
18 76 196
18 77 215
18 78 69
18 79 102
18 80 70
18 81 199
18 82 274
18 83 64
18 84 266
18 85 114
18 86 63
18 87 75
18 88 266
18 89 288
18 90 284
18 91 124
18 92 211
18 93 148
18 94 94
18 95 148
18 96 74
18 97 130
18 98 228
18 99 276
19 1 269
19 2 253
19 3 104
19 4 236
19 5 254
19 6 119
19 7 95
19 8 257
19 9 43
19 10 225
19 11 300
19 12 282
19 13 233
19 14 140
19 15 266
19 16 210
19 17 262
19 18 244
19 20 259
19 21 213
19 22 75
19 23 160
19 24 162
19 25 105
19 26 296
19 27 41
19 28 186
19 29 72
19 30 268
19 31 163
19 32 167
19 33 288
19 34 184
19 35 300
19 36 182
19 37 253
19 38 172
19 39 232
19 40 99
19 41 44
19 42 83
19 43 131
19 44 141
19 45 127
19 46 156
19 47 244
19 48 139
19 49 71
19 50 237
19 51 157
19 52 37
19 53 244
19 54 298
19 55 34
19 56 297
19 57 39
19 58 142
19 59 188
19 60 192
19 61 137
19 62 180
19 63 208
19 64 228
19 65 121
19 66 242
19 67 210
19 68 99
19 69 144
19 70 289
19 71 76
19 72 190
19 73 256
19 74 48
19 75 279
19 76 234
19 77 86
19 78 219
19 79 62
19 80 202
19 81 176
19 82 162
19 83 283
19 84 137
19 85 231
19 86 259
19 87 274
19 88 172
19 89 283
19 90 177
19 91 156
19 92 194
19 93 280
19 94 40
19 95 96
19 96 131
19 97 257
19 98 160
19 99 31
20 1 32
20 2 166
20 3 65
20 4 62
20 5 84
20 6 170
20 7 155
20 8 44
20 9 163
20 10 110
20 11 148
20 12 216
20 13 247
20 14 182
20 15 124
20 16 65
20 17 142
20 18 83
20 19 259
20 21 43
20 22 106
20 23 259
20 24 52
20 25 148
20 26 131
20 27 269
20 28 39
20 29 116
20 30 56
20 31 297
20 32 153
20 33 230
20 34 107
20 35 288
20 36 122
20 37 148
20 38 196
20 39 130
20 40 164
20 41 139
20 42 204
20 43 83
20 44 102
20 45 45
20 46 255
20 47 115
20 48 254
20 49 168
20 50 69
20 51 206
20 52 251
20 53 99
20 54 160
20 55 257
20 56 153
20 57 193
20 58 174
20 59 245
20 60 214
20 61 254
20 62 111
20 63 150
20 64 234
20 65 143
20 66 104
20 67 213
20 68 252
20 69 170
20 70 200
20 71 136
20 72 116
20 73 162
20 74 137
20 75 60
20 76 41
20 77 82
20 78 283
20 79 148
20 80 242
20 81 173
20 82 242
20 83 163
20 84 178
20 85 244
20 86 205
20 87 149
20 88 128
20 89 103
20 90 157
20 91 263
20 92 42
20 93 229
20 94 89
20 95 292
20 96 52
20 97 266
20 98 239
20 99 186
21 1 252
21 2 83
21 3 142
21 4 166
21 5 231
21 6 155
21 7 90
21 8 108
21 9 121
21 10 154
21 11 149
21 12 38
21 13 41
21 14 63
21 15 48
21 16 181
21 17 142
21 18 64
21 19 213
21 20 43
21 22 30
21 23 231
21 24 178
21 25 32
21 26 274
21 27 193
21 28 62
21 29 185
21 30 107
21 31 94
21 32 151
21 33 166
21 34 189
21 35 187
21 36 177
21 37 58
21 38 163
21 39 32
21 40 35
21 41 107
21 42 152
21 43 203
21 44 154
21 45 281
21 46 233
21 47 225
21 48 260
21 49 154
21 50 132
21 51 221
21 52 246
21 53 289
21 54 233
21 55 92
21 56 250
21 57 109
21 58 255
21 59 254
21 60 231
21 61 153
21 62 202
21 63 78
21 64 190
21 65 74
21 66 142
21 67 69
21 68 66
21 69 208
21 70 148
21 71 65
21 72 283
21 73 82
21 74 208
21 75 136
21 76 110
21 77 264
21 78 222
21 79 293
21 80 255
21 81 223
21 82 146
21 83 177
21 84 39
21 85 216
21 86 94
21 87 129
21 88 260
21 89 44
21 90 233
21 91 249
21 92 213
21 93 298
21 94 181
21 95 81
21 96 70
21 97 266
21 98 57
21 99 150
22 1 110
22 2 32
22 3 160
22 4 36
22 5 288
22 6 252
22 7 254
22 8 195
22 9 111
22 10 160
22 11 180
22 12 33
22 13 202
22 14 247
22 15 297
22 16 95
22 17 73
22 18 184
22 19 75
22 20 106
22 21 30
22 23 230
22 24 274
22 25 75
22 26 111
22 27 44
22 28 299
22 29 81
22 30 220
22 31 141
22 32 101
22 33 43
22 34 82
22 35 267
22 36 236
22 37 116
22 38 228
22 39 186
22 40 277
22 41 66
22 42 236
22 43 60
22 44 165
22 45 111
22 46 259
22 47 64
22 48 133
22 49 291
22 50 298
22 51 287
22 52 200
22 53 267
22 54 295
22 55 172
22 56 58
22 57 160
22 58 225
22 59 105
22 60 267
22 61 275
22 62 112
22 63 60
22 64 229
22 65 93
22 66 247
22 67 90
22 68 235
22 69 155
22 70 159
22 71 298
22 72 61
22 73 195
22 74 212
22 75 101
22 76 274
22 77 228
22 78 134
22 79 254
22 80 207
22 81 283
22 82 198
22 83 190
22 84 180
22 85 68
22 86 34
22 87 198
22 88 268
22 89 285
22 90 262
22 91 38
22 92 288
22 93 232
22 94 52
22 95 124
22 96 184
22 97 148
22 98 195
22 99 159
23 1 80
23 2 154
23 3 280
23 4 264
23 5 172
23 6 274
23 7 145
23 8 277
23 9 164
23 10 186
23 11 199
23 12 241
23 13 242
23 14 44
23 15 193
23 16 129
23 17 81
23 18 135
23 19 160
23 20 259
23 21 231
23 22 230
23 24 90
23 25 71
23 26 191
23 27 58
23 28 191
23 29 160
23 30 113
23 31 284
23 32 118
23 33 62
23 34 277
23 35 83
23 36 273
23 37 216
23 38 59
23 39 300
23 40 90
23 41 93
23 42 295
23 43 48
23 44 77
23 45 234
23 46 290
23 47 145
23 48 98
23 49 283
23 50 296
23 51 163
23 52 174
23 53 214
23 54 199
23 55 220
23 56 199
23 57 57
23 58 227
23 59 100
23 60 147
23 61 83
23 62 265
23 63 138
23 64 285
23 65 182
23 66 277
23 67 267
23 68 189
23 69 160
23 70 172
23 71 138
23 72 131
23 73 267
23 74 62
23 75 268
23 76 276
23 77 260
23 78 143
23 79 269
23 80 288
23 81 125
23 82 112
23 83 216
23 84 59
23 85 74
23 86 235
23 87 131
23 88 282
23 89 166
23 90 118
23 91 92
23 92 286
23 93 224
23 94 297
23 95 110
23 96 125
23 97 247
23 98 53
23 99 235
24 1 167
24 2 171
24 3 58
24 4 279
24 5 247
24 6 74
24 7 147
24 8 32
24 9 37
24 10 222
24 11 269
24 12 117
24 13 264
24 14 121
24 15 247
24 16 222
24 17 156
24 18 226
24 19 162
24 20 52
24 21 178
24 22 274
24 23 90
24 25 273
24 26 229
24 27 139
24 28 132
24 29 99
24 30 110
24 31 154
24 32 248
24 33 64
24 34 96
24 35 167
24 36 68
24 37 259
24 38 132
24 39 243
24 40 175
24 41 289
24 42 268
24 43 75
24 44 139
24 45 74
24 46 84
24 47 82
24 48 123
24 49 149
24 50 36
24 51 228
24 52 257
24 53 78
24 54 219
24 55 165
24 56 112
24 57 82
24 58 295
24 59 276
24 60 141
24 61 99
24 62 99
24 63 69
24 64 110
24 65 156
24 66 178
24 67 254
24 68 225
24 69 113
24 70 57
24 71 101
24 72 249
24 73 92
24 74 39
24 75 215
24 76 187
24 77 161
24 78 267
24 79 293
24 80 295
24 81 131
24 82 30
24 83 106
24 84 176
24 85 125
24 86 123
24 87 102
24 88 154
24 89 79
24 90 128
24 91 61
24 92 245
24 93 232
24 94 41
24 95 204
24 96 242
24 97 231
24 98 31
24 99 142
25 1 102
25 2 65
25 3 137
25 4 87
25 5 185
25 6 35
25 7 85
25 8 36
25 9 49
25 10 166
25 11 147
25 12 127
25 13 75
25 14 105
25 15 174
25 16 138
25 17 83
25 18 155
25 19 105
25 20 148
25 21 32
25 22 75
25 23 71
25 24 273
25 26 245
25 27 63
25 28 252
25 29 259
25 30 201
25 31 122
25 32 251
25 33 56
25 34 98
25 35 256
25 36 240
25 37 170
25 38 196
25 39 48
25 40 78
25 41 36
25 42 131
25 43 56
25 44 65
25 45 36
25 46 107
25 47 238
25 48 128
25 49 291
25 50 97
25 51 154
25 52 178
25 53 188
25 54 179
25 55 260
25 56 248
25 57 193
25 58 110
25 59 146
25 60 294
25 61 121
25 62 104
25 63 38
25 64 255
25 65 226
25 66 244
25 67 192
25 68 267
25 69 188
25 70 79
25 71 290
25 72 123
25 73 284
25 74 148
25 75 73
25 76 44
25 77 297
25 78 161
25 79 31
25 80 85
25 81 231
25 82 196
25 83 194
25 84 115
25 85 246
25 86 279
25 87 134
25 88 178
25 89 34
25 90 37
25 91 76
25 92 159
25 93 186
25 94 223
25 95 32
25 96 87
25 97 106
25 98 205
25 99 293
26 1 187
26 2 65
26 3 90
26 4 35
26 5 50
26 6 166
26 7 205
26 8 190
26 9 260
26 10 159
26 11 105
26 12 255
26 13 96
26 14 108
26 15 122
26 16 297
26 17 37
26 18 103
26 19 296
26 20 131
26 21 274
26 22 111
26 23 191
26 24 229
26 25 245
26 27 250
26 28 178
26 29 30
26 30 278
26 31 101
26 32 81
26 33 162
26 34 296
26 35 74
26 36 63
26 37 34
26 38 288
26 39 300
26 40 264
26 41 283
26 42 217
26 43 193
26 44 67
26 45 230
26 46 56
26 47 119
26 48 239
26 49 166
26 50 257
26 51 143
26 52 185
26 53 278
26 54 148
26 55 121
26 56 226
26 57 214
26 58 251
26 59 170
26 60 295
26 61 109
26 62 101
26 63 39
26 64 202
26 65 165
26 66 175
26 67 234
26 68 165
26 69 58
26 70 200
26 71 215
26 72 81
26 73 113
26 74 244
26 75 218
26 76 35
26 77 180
26 78 254
26 79 38
26 80 39
26 81 64
26 82 231
26 83 85
26 84 34
26 85 107
26 86 221
26 87 285
26 88 231
26 89 286
26 90 284
26 91 66
26 92 189
26 93 256
26 94 30
26 95 292
26 96 170
26 97 113
26 98 252
26 99 175
27 1 216
27 2 247
27 3 58
27 4 71
27 5 87
27 6 201
27 7 273
27 8 121
27 9 245
27 10 132
27 11 73
27 12 232
27 13 155
27 14 45
27 15 239
27 16 173
27 17 250
27 18 95
27 19 41
27 20 269
27 21 193
27 22 44
27 23 58
27 24 139
27 25 63
27 26 250
27 28 150
27 29 61
27 30 42
27 31 118
27 32 184
27 33 49
27 34 110
27 35 248
27 36 148
27 37 255
27 38 171
27 39 55
27 40 50
27 41 157
27 42 224
27 43 223
27 44 173
27 45 194
27 46 84
27 47 297
27 48 143
27 49 190
27 50 143
27 51 164
27 52 98
27 53 211
27 54 54
27 55 217
27 56 210
27 57 209
27 58 135
27 59 264
27 60 195
27 61 246
27 62 72
27 63 67
27 64 195
27 65 246
27 66 206
27 67 191
27 68 91
27 69 282
27 70 270
27 71 34
27 72 294
27 73 190
27 74 137
27 75 189
27 76 255
27 77 168
27 78 195
27 79 265
27 80 235
27 81 194
27 82 51
27 83 138
27 84 198
27 85 142
27 86 102
27 87 131
27 88 272
27 89 263
27 90 257
27 91 287
27 92 83
27 93 133
27 94 224
27 95 37
27 96 98
27 97 71
27 98 40
27 99 85
28 1 182
28 2 273
28 3 230
28 4 53
28 5 37
28 6 240
28 7 230
28 8 269
28 9 227
28 10 62
28 11 133
28 12 252
28 13 280
28 14 121
28 15 62
28 16 149
28 17 255
28 18 250
28 19 186
28 20 39
28 21 62
28 22 299
28 23 191
28 24 132
28 25 252
28 26 178
28 27 150
28 29 232
28 30 257
28 31 282
28 32 92
28 33 125
28 34 160
28 35 280
28 36 60
28 37 122
28 38 50
28 39 31
28 40 259
28 41 242
28 42 121
28 43 153
28 44 31
28 45 139
28 46 192
28 47 230
28 48 190
28 49 228
28 50 53
28 51 57
28 52 155
28 53 37
28 54 127
28 55 188
28 56 236
28 57 158
28 58 183
28 59 243
28 60 68
28 61 245
28 62 146
28 63 164
28 64 111
28 65 277
28 66 217
28 67 78
28 68 231
28 69 75
28 70 55
28 71 202
28 72 285
28 73 243
28 74 205
28 75 153
28 76 163
28 77 214
28 78 292
28 79 181
28 80 272
28 81 58
28 82 211
28 83 109
28 84 243
28 85 263
28 86 202
28 87 113
28 88 197
28 89 161
28 90 211
28 91 246
28 92 114
28 93 235
28 94 253
28 95 162
28 96 112
28 97 224
28 98 46
28 99 109
29 1 148
29 2 76
29 3 147
29 4 76
29 5 205
29 6 36
29 7 128
29 8 50
29 9 119
29 10 187
29 11 248
29 12 267
29 13 287
29 14 139
29 15 139
29 16 87
29 17 169
29 18 110
29 19 72
29 20 116
29 21 185
29 22 81
29 23 160
29 24 99
29 25 259
29 26 30
29 27 61
29 28 232
29 30 122
29 31 133
29 32 176
29 33 69
29 34 283
29 35 102
29 36 153
29 37 245
29 38 245
29 39 167
29 40 237
29 41 31
29 42 120
29 43 267
29 44 271
29 45 270
29 46 135
29 47 153
29 48 273
29 49 220
29 50 268
29 51 187
29 52 173
29 53 242
29 54 251
29 55 245
29 56 297
29 57 51
29 58 200
29 59 251
29 60 104
29 61 170
29 62 122
29 63 144
29 64 226
29 65 238
29 66 95
29 67 248
29 68 59
29 69 186
29 70 183
29 71 259
29 72 80
29 73 77
29 74 269
29 75 122
29 76 232
29 77 233
29 78 121
29 79 241
29 80 204
29 81 69
29 82 226
29 83 251
29 84 206
29 85 236
29 86 134
29 87 237
29 88 229
29 89 128
29 90 99
29 91 157
29 92 36
29 93 181
29 94 112
29 95 114
29 96 265
29 97 293
29 98 275
29 99 60
30 1 295
30 2 236
30 3 187
30 4 225
30 5 113
30 6 132
30 7 179
30 8 264
30 9 54
30 10 284
30 11 215
30 12 151
30 13 84
30 14 193
30 15 42
30 16 158
30 17 91
30 18 52
30 19 268
30 20 56
30 21 107
30 22 220
30 23 113
30 24 110
30 25 201
30 26 278
30 27 42
30 28 257
30 29 122
30 31 156
30 32 257
30 33 177
30 34 186
30 35 284
30 36 90
30 37 170
30 38 233
30 39 157
30 40 159
30 41 31
30 42 212
30 43 129
30 44 151
30 45 98
30 46 79
30 47 274
30 48 227
30 49 231
30 50 213
30 51 159
30 52 271
30 53 46
30 54 141
30 55 232
30 56 234
30 57 150
30 58 257
30 59 114
30 60 66
30 61 39
30 62 295
30 63 157
30 64 34
30 65 275
30 66 291
30 67 39
30 68 146
30 69 157
30 70 233
30 71 210
30 72 193
30 73 100
30 74 283
30 75 140
30 76 116
30 77 157
30 78 300
30 79 209
30 80 200
30 81 268
30 82 294
30 83 42
30 84 293
30 85 222
30 86 200
30 87 31
30 88 69
30 89 225
30 90 295
30 91 292
30 92 143
30 93 237
30 94 171
30 95 263
30 96 271
30 97 72
30 98 269
30 99 253
31 1 270
31 2 159
31 3 223
31 4 45
31 5 120
31 6 163
31 7 142
31 8 257
31 9 169
31 10 295
31 11 252
31 12 282
31 13 199
31 14 72
31 15 157
31 16 99
31 17 213
31 18 57
31 19 163
31 20 297
31 21 94
31 22 141
31 23 284
31 24 154
31 25 122
31 26 101
31 27 118
31 28 282
31 29 133
31 30 156
31 32 263
31 33 240
31 34 212
31 35 146
31 36 141
31 37 224
31 38 109
31 39 166
31 40 237
31 41 50
31 42 251
31 43 203
31 44 233
31 45 222
31 46 46
31 47 247
31 48 119
31 49 260
31 50 226
31 51 79
31 52 82
31 53 194
31 54 282
31 55 100
31 56 185
31 57 217
31 58 292
31 59 48
31 60 97
31 61 167
31 62 83
31 63 174
31 64 172
31 65 58
31 66 273
31 67 108
31 68 119
31 69 168
31 70 185
31 71 147
31 72 288
31 73 78
31 74 272
31 75 133
31 76 179
31 77 78
31 78 152
31 79 171
31 80 236
31 81 245
31 82 32
31 83 243
31 84 203
31 85 247
31 86 135
31 87 250
31 88 164
31 89 113
31 90 92
31 91 68
31 92 203
31 93 211
31 94 161
31 95 128
31 96 157
31 97 167
31 98 152
31 99 170
32 1 268
32 2 236
32 3 56
32 4 232
32 5 263
32 6 91
32 7 172
32 8 177
32 9 73
32 10 122
32 11 264
32 12 201
32 13 277
32 14 65
32 15 169
32 16 73
32 17 39
32 18 233
32 19 167
32 20 153
32 21 151
32 22 101
32 23 118
32 24 248
32 25 251
32 26 81
32 27 184
32 28 92
32 29 176
32 30 257
32 31 263
32 33 57
32 34 264
32 35 266
32 36 93
32 37 158
32 38 49
32 39 67
32 40 287
32 41 36
32 42 141
32 43 267
32 44 241
32 45 63
32 46 206
32 47 223
32 48 173
32 49 212
32 50 178
32 51 225
32 52 131
32 53 154
32 54 242
32 55 229
32 56 73
32 57 91
32 58 73
32 59 103
32 60 167
32 61 101
32 62 146
32 63 129
32 64 186
32 65 233
32 66 92
32 67 118
32 68 103
32 69 138
32 70 168
32 71 80
32 72 145
32 73 64
32 74 78
32 75 79
32 76 179
32 77 222
32 78 162
32 79 51
32 80 70
32 81 114
32 82 87
32 83 108
32 84 120
32 85 240
32 86 254
32 87 172
32 88 195
32 89 234
32 90 32
32 91 264
32 92 127
32 93 190
32 94 90
32 95 273
32 96 140
32 97 285
32 98 178
32 99 257
33 1 206
33 2 207
33 3 191
33 4 153
33 5 110
33 6 247
33 7 127
33 8 196
33 9 110
33 10 69
33 11 60
33 12 228
33 13 147
33 14 281
33 15 52
33 16 244
33 17 155
33 18 245
33 19 288
33 20 230
33 21 166
33 22 43
33 23 62
33 24 64
33 25 56
33 26 162
33 27 49
33 28 125
33 29 69
33 30 177
33 31 240
33 32 57
33 34 128
33 35 214
33 36 276
33 37 231
33 38 235
33 39 203
33 40 57
33 41 299
33 42 36
33 43 273
33 44 262
33 45 160
33 46 68
33 47 159
33 48 190
33 49 229
33 50 187
33 51 96
33 52 116
33 53 300
33 54 298
33 55 107
33 56 287
33 57 244
33 58 65
33 59 110
33 60 298
33 61 265
33 62 52
33 63 92
33 64 163
33 65 83
33 66 92
33 67 161
33 68 283
33 69 172
33 70 111
33 71 259
33 72 109
33 73 228
33 74 235
33 75 236
33 76 185
33 77 273
33 78 40
33 79 228
33 80 163
33 81 269
33 82 282
33 83 253
33 84 288
33 85 236
33 86 166
33 87 263
33 88 158
33 89 97
33 90 278
33 91 262
33 92 179
33 93 139
33 94 166
33 95 261
33 96 89
33 97 72
33 98 142
33 99 178
34 1 185
34 2 132
34 3 138
34 4 57
34 5 247
34 6 127
34 7 204
34 8 175
34 9 154
34 10 88
34 11 111
34 12 159
34 13 167
34 14 83
34 15 102
34 16 253
34 17 211
34 18 216
34 19 184
34 20 107
34 21 189
34 22 82
34 23 277
34 24 96
34 25 98
34 26 296
34 27 110
34 28 160
34 29 283
34 30 186
34 31 212
34 32 264
34 33 128
34 35 97
34 36 211
34 37 159
34 38 80
34 39 114
34 40 169
34 41 208
34 42 117
34 43 259
34 44 245
34 45 186
34 46 288
34 47 252
34 48 74
34 49 210
34 50 246
34 51 147
34 52 245
34 53 167
34 54 208
34 55 120
34 56 291
34 57 40
34 58 177
34 59 287
34 60 80
34 61 63
34 62 161
34 63 79
34 64 259
34 65 77
34 66 72
34 67 31
34 68 102
34 69 240
34 70 287
34 71 188
34 72 196
34 73 284
34 74 259
34 75 236
34 76 229
34 77 278
34 78 50
34 79 223
34 80 152
34 81 200
34 82 285
34 83 32
34 84 122
34 85 88
34 86 258
34 87 192
34 88 104
34 89 57
34 90 157
34 91 156
34 92 108
34 93 261
34 94 170
34 95 79
34 96 49
34 97 74
34 98 84
34 99 202
35 1 219
35 2 72
35 3 95
35 4 63
35 5 65
35 6 188
35 7 189
35 8 212
35 9 175
35 10 59
35 11 34
35 12 258
35 13 70
35 14 55
35 15 146
35 16 273
35 17 50
35 18 244
35 19 300
35 20 288
35 21 187
35 22 267
35 23 83
35 24 167
35 25 256
35 26 74
35 27 248
35 28 280
35 29 102
35 30 284
35 31 146
35 32 266
35 33 214
35 34 97
35 36 78
35 37 73
35 38 258
35 39 172
35 40 73
35 41 129
35 42 114
35 43 187
35 44 169
35 45 47
35 46 232
35 47 63
35 48 35
35 49 158
35 50 89
35 51 208
35 52 268
35 53 51
35 54 117
35 55 136
35 56 31
35 57 217
35 58 117
35 59 208
35 60 120
35 61 56
35 62 151
35 63 215
35 64 274
35 65 166
35 66 295
35 67 76
35 68 193
35 69 49
35 70 176
35 71 221
35 72 294
35 73 155
35 74 197
35 75 293
35 76 41
35 77 176
35 78 291
35 79 115
35 80 201
35 81 141
35 82 99
35 83 158
35 84 157
35 85 78
35 86 135
35 87 281
35 88 150
35 89 292
35 90 37
35 91 159
35 92 257
35 93 226
35 94 50
35 95 41
35 96 235
35 97 204
35 98 173
35 99 99
36 1 40
36 2 122
36 3 176
36 4 57
36 5 217
36 6 54
36 7 118
36 8 111
36 9 89
36 10 96
36 11 211
36 12 118
36 13 53
36 14 81
36 15 214
36 16 185
36 17 153
36 18 145
36 19 182
36 20 122
36 21 177
36 22 236
36 23 273
36 24 68
36 25 240
36 26 63
36 27 148
36 28 60
36 29 153
36 30 90
36 31 141
36 32 93
36 33 276
36 34 211
36 35 78
36 37 191
36 38 132
36 39 85
36 40 45
36 41 140
36 42 42
36 43 172
36 44 217
36 45 147
36 46 203
36 47 225
36 48 253
36 49 209
36 50 48
36 51 147
36 52 43
36 53 179
36 54 289
36 55 214
36 56 217
36 57 43
36 58 151
36 59 38
36 60 195
36 61 50
36 62 142
36 63 143
36 64 219
36 65 83
36 66 101
36 67 166
36 68 247
36 69 92
36 70 162
36 71 158
36 72 273
36 73 240
36 74 262
36 75 296
36 76 63
36 77 145
36 78 101
36 79 223
36 80 274
36 81 160
36 82 224
36 83 189
36 84 278
36 85 30
36 86 176
36 87 149
36 88 244
36 89 264
36 90 178
36 91 104
36 92 126
36 93 168
36 94 284
36 95 64
36 96 171
36 97 248
36 98 40
36 99 69
37 1 100
37 2 75
37 3 197
37 4 114
37 5 184
37 6 281
37 7 34
37 8 144
37 9 75
37 10 91
37 11 273
37 12 291
37 13 193
37 14 218
37 15 59
37 16 177
37 17 97
37 18 160
37 19 253
37 20 148
37 21 58
37 22 116
37 23 216
37 24 259
37 25 170
37 26 34
37 27 255
37 28 122
37 29 245
37 30 170
37 31 224
37 32 158
37 33 231
37 34 159
37 35 73
37 36 191
37 38 142
37 39 76
37 40 119
37 41 287
37 42 244
37 43 146
37 44 274
37 45 252
37 46 40
37 47 205
37 48 81
37 49 248
37 50 274
37 51 75
37 52 191
37 53 173
37 54 229
37 55 270
37 56 125
37 57 98
37 58 260
37 59 144
37 60 248
37 61 105
37 62 70
37 63 219
37 64 160
37 65 77
37 66 134
37 67 207
37 68 299
37 69 178
37 70 241
37 71 120
37 72 44
37 73 62
37 74 290
37 75 136
37 76 152
37 77 272
37 78 128
37 79 78
37 80 105
37 81 70
37 82 207
37 83 113
37 84 152
37 85 279
37 86 270
37 87 64
37 88 269
37 89 162
37 90 179
37 91 46
37 92 87
37 93 102
37 94 74
37 95 139
37 96 62
37 97 187
37 98 297
37 99 274
38 1 300
38 2 113
38 3 97
38 4 158
38 5 254
38 6 32
38 7 286
38 8 115
38 9 166
38 10 83
38 11 131
38 12 229
38 13 162
38 14 148
38 15 292
38 16 98
38 17 200
38 18 139
38 19 172
38 20 196
38 21 163
38 22 228
38 23 59
38 24 132
38 25 196
38 26 288
38 27 171
38 28 50
38 29 245
38 30 233
38 31 109
38 32 49
38 33 235
38 34 80
38 35 258
38 36 132
38 37 142
38 39 142
38 40 287
38 41 93
38 42 63
38 43 271
38 44 276
38 45 271
38 46 268
38 47 99
38 48 279
38 49 232
38 50 104
38 51 56
38 52 210
38 53 279
38 54 123
38 55 60
38 56 198
38 57 234
38 58 196
38 59 93
38 60 162
38 61 76
38 62 156
38 63 267
38 64 72
38 65 299
38 66 58
38 67 42
38 68 181
38 69 254
38 70 259
38 71 141
38 72 110
38 73 259
38 74 273
38 75 111
38 76 144
38 77 169
38 78 139
38 79 33
38 80 100
38 81 136
38 82 217
38 83 208
38 84 218
38 85 78
38 86 129
38 87 120
38 88 191
38 89 192
38 90 77
38 91 160
38 92 79
38 93 257
38 94 175
38 95 281
38 96 51
38 97 169
38 98 36
38 99 74
39 1 51
39 2 233
39 3 268
39 4 121
39 5 117
39 6 153
39 7 285
39 8 216
39 9 107
39 10 182
39 11 107
39 12 46
39 13 255
39 14 218
39 15 43
39 16 80
39 17 276
39 18 123
39 19 232
39 20 130
39 21 32
39 22 186
39 23 300
39 24 243
39 25 48
39 26 300
39 27 55
39 28 31
39 29 167
39 30 157
39 31 166
39 32 67
39 33 203
39 34 114
39 35 172
39 36 85
39 37 76
39 38 142
39 40 185
39 41 225
39 42 111
39 43 184
39 44 219
39 45 180
39 46 294
39 47 203
39 48 239
39 49 216
39 50 266
39 51 108
39 52 189
39 53 132
39 54 69
39 55 293
39 56 197
39 57 226
39 58 177
39 59 154
39 60 150
39 61 56
39 62 89
39 63 207
39 64 122
39 65 44
39 66 295
39 67 115
39 68 280
39 69 60
39 70 175
39 71 292
39 72 293
39 73 260
39 74 41
39 75 210
39 76 202
39 77 286
39 78 237
39 79 124
39 80 52
39 81 199
39 82 97
39 83 170
39 84 174
39 85 45
39 86 226
39 87 46
39 88 171
39 89 120
39 90 50
39 91 202
39 92 67
39 93 163
39 94 126
39 95 147
39 96 69
39 97 140
39 98 121
39 99 51
40 1 176
40 2 227
40 3 31
40 4 234
40 5 42
40 6 191
40 7 273
40 8 269
40 9 298
40 10 250
40 11 163
40 12 120
40 13 245
40 14 128
40 15 163
40 16 64
40 17 85
40 18 279
40 19 99
40 20 164
40 21 35
40 22 277
40 23 90
40 24 175
40 25 78
40 26 264
40 27 50
40 28 259
40 29 237
40 30 159
40 31 237
40 32 287
40 33 57
40 34 169
40 35 73
40 36 45
40 37 119
40 38 287
40 39 185
40 41 55
40 42 243
40 43 85
40 44 97
40 45 164
40 46 266
40 47 33
40 48 37
40 49 292
40 50 90
40 51 290
40 52 244
40 53 253
40 54 71
40 55 230
40 56 278
40 57 72
40 58 243
40 59 107
40 60 42
40 61 146
40 62 201
40 63 112
40 64 74
40 65 154
40 66 261
40 67 287
40 68 198
40 69 278
40 70 294
40 71 55
40 72 281
40 73 56
40 74 179
40 75 272
40 76 219
40 77 274
40 78 80
40 79 118
40 80 83
40 81 33
40 82 282
40 83 211
40 84 95
40 85 217
40 86 31
40 87 162
40 88 108
40 89 281
40 90 37
40 91 220
40 92 273
40 93 140
40 94 207
40 95 260
40 96 217
40 97 145
40 98 181
40 99 55
41 1 93
41 2 150
41 3 183
41 4 284
41 5 154
41 6 128
41 7 138
41 8 298
41 9 83
41 10 174
41 11 177
41 12 100
41 13 87
41 14 285
41 15 230
41 16 287
41 17 126
41 18 62
41 19 44
41 20 139
41 21 107
41 22 66
41 23 93
41 24 289
41 25 36
41 26 283
41 27 157
41 28 242
41 29 31
41 30 31
41 31 50
41 32 36
41 33 299
41 34 208
41 35 129
41 36 140
41 37 287
41 38 93
41 39 225
41 40 55
41 42 272
41 43 157
41 44 290
41 45 58
41 46 207
41 47 138
41 48 81
41 49 224
41 50 183
41 51 183
41 52 246
41 53 73
41 54 227
41 55 261
41 56 36
41 57 187
41 58 73
41 59 53
41 60 283
41 61 43
41 62 261
41 63 181
41 64 109
41 65 208
41 66 195
41 67 197
41 68 100
41 69 196
41 70 182
41 71 297
41 72 66
41 73 75
41 74 99
41 75 265
41 76 67
41 77 70
41 78 154
41 79 169
41 80 243
41 81 149
41 82 271
41 83 68
41 84 269
41 85 293
41 86 125
41 87 195
41 88 206
41 89 71
41 90 50
41 91 233
41 92 81
41 93 101
41 94 130
41 95 198
41 96 146
41 97 35
41 98 64
41 99 258
42 1 62
42 2 155
42 3 149
42 4 251
42 5 110
42 6 102
42 7 84
42 8 43
42 9 253
42 10 53
42 11 175
42 12 235
42 13 286
42 14 83
42 15 248
42 16 139
42 17 292
42 18 39
42 19 83
42 20 204
42 21 152
42 22 236
42 23 295
42 24 268
42 25 131
42 26 217
42 27 224
42 28 121
42 29 120
42 30 212
42 31 251
42 32 141
42 33 36
42 34 117
42 35 114
42 36 42
42 37 244
42 38 63
42 39 111
42 40 243
42 41 272
42 43 46
42 44 231
42 45 297
42 46 199
42 47 150
42 48 260
42 49 97
42 50 130
42 51 209
42 52 122
42 53 282
42 54 87
42 55 208
42 56 259
42 57 176
42 58 130
42 59 235
42 60 192
42 61 209
42 62 100
42 63 35
42 64 79
42 65 173
42 66 272
42 67 77
42 68 164
42 69 73
42 70 272
42 71 106
42 72 189
42 73 224
42 74 73
42 75 233
42 76 69
42 77 71
42 78 237
42 79 49
42 80 227
42 81 195
42 82 235
42 83 201
42 84 174
42 85 71
42 86 258
42 87 277
42 88 43
42 89 287
42 90 217
42 91 142
42 92 174
42 93 265
42 94 153
42 95 144
42 96 47
42 97 167
42 98 236
42 99 30
43 1 142
43 2 77
43 3 238
43 4 298
43 5 293
43 6 174
43 7 145
43 8 207
43 9 166
43 10 159
43 11 243
43 12 142
43 13 284
43 14 250
43 15 211
43 16 48
43 17 206
43 18 211
43 19 131
43 20 83
43 21 203
43 22 60
43 23 48
43 24 75
43 25 56
43 26 193
43 27 223
43 28 153
43 29 267
43 30 129
43 31 203
43 32 267
43 33 273
43 34 259
43 35 187
43 36 172
43 37 146
43 38 271
43 39 184
43 40 85
43 41 157
43 42 46
43 44 288
43 45 94
43 46 198
43 47 104
43 48 260
43 49 147
43 50 58
43 51 291
43 52 234
43 53 276
43 54 143
43 55 35
43 56 219
43 57 297
43 58 222
43 59 263
43 60 92
43 61 275
43 62 219
43 63 237
43 64 152
43 65 285
43 66 230
43 67 113
43 68 117
43 69 199
43 70 81
43 71 280
43 72 180
43 73 80
43 74 227
43 75 193
43 76 166
43 77 178
43 78 144
43 79 47
43 80 129
43 81 38
43 82 72
43 83 275
43 84 174
43 85 47
43 86 264
43 87 70
43 88 286
43 89 211
43 90 148
43 91 196
43 92 33
43 93 45
43 94 119
43 95 280
43 96 291
43 97 214
43 98 64
43 99 65
44 1 244
44 2 238
44 3 267
44 4 63
44 5 280
44 6 266
44 7 97
44 8 86
44 9 249
44 10 35
44 11 167
44 12 151
44 13 136
44 14 123
44 15 154
44 16 114
44 17 31
44 18 167
44 19 141
44 20 102
44 21 154
44 22 165
44 23 77
44 24 139
44 25 65
44 26 67
44 27 173
44 28 31
44 29 271
44 30 151
44 31 233
44 32 241
44 33 262
44 34 245
44 35 169
44 36 217
44 37 274
44 38 276
44 39 219
44 40 97
44 41 290
44 42 231
44 43 288
44 45 290
44 46 95
44 47 37
44 48 201
44 49 83
44 50 221
44 51 85
44 52 126
44 53 186
44 54 87
44 55 233
44 56 124
44 57 291
44 58 295
44 59 67
44 60 128
44 61 196
44 62 143
44 63 116
44 64 153
44 65 266
44 66 46
44 67 91
44 68 56
44 69 210
44 70 251
44 71 217
44 72 234
44 73 108
44 74 130
44 75 247
44 76 68
44 77 207
44 78 223
44 79 48
44 80 245
44 81 289
44 82 143
44 83 163
44 84 132
44 85 231
44 86 238
44 87 129
44 88 273
44 89 60
44 90 109
44 91 221
44 92 139
44 93 42
44 94 207
44 95 96
44 96 191
44 97 182
44 98 235
44 99 56
45 1 240
45 2 228
45 3 76
45 4 241
45 5 178
45 6 171
45 7 41
45 8 233
45 9 96
45 10 123
45 11 178
45 12 127
45 13 224
45 14 177
45 15 157
45 16 274
45 17 236
45 18 88
45 19 127
45 20 45
45 21 281
45 22 111
45 23 234
45 24 74
45 25 36
45 26 230
45 27 194
45 28 139
45 29 270
45 30 98
45 31 222
45 32 63
45 33 160
45 34 186
45 35 47
45 36 147
45 37 252
45 38 271
45 39 180
45 40 164
45 41 58
45 42 297
45 43 94
45 44 290
45 46 141
45 47 33
45 48 269
45 49 98
45 50 286
45 51 250
45 52 244
45 53 227
45 54 222
45 55 119
45 56 52
45 57 128
45 58 54
45 59 210
45 60 33
45 61 67
45 62 135
45 63 265
45 64 198
45 65 37
45 66 161
45 67 72
45 68 152
45 69 271
45 70 60
45 71 123
45 72 56
45 73 198
45 74 93
45 75 193
45 76 74
45 77 34
45 78 185
45 79 136
45 80 206
45 81 282
45 82 195
45 83 116
45 84 263
45 85 59
45 86 145
45 87 76
45 88 83
45 89 156
45 90 186
45 91 55
45 92 63
45 93 200
45 94 265
45 95 79
45 96 243
45 97 188
45 98 194
45 99 119
46 1 129
46 2 142
46 3 226
46 4 200
46 5 197
46 6 266
46 7 246
46 8 90
46 9 185
46 10 42
46 11 262
46 12 33
46 13 233
46 14 32
46 15 106
46 16 142
46 17 122
46 18 66
46 19 156
46 20 255
46 21 233
46 22 259
46 23 290
46 24 84
46 25 107
46 26 56
46 27 84
46 28 192
46 29 135
46 30 79
46 31 46
46 32 206
46 33 68
46 34 288
46 35 232
46 36 203
46 37 40
46 38 268
46 39 294
46 40 266
46 41 207
46 42 199
46 43 198
46 44 95
46 45 141
46 47 91
46 48 194
46 49 140
46 50 175
46 51 95
46 52 235
46 53 178
46 54 258
46 55 71
46 56 216
46 57 237
46 58 55
46 59 228
46 60 53
46 61 138
46 62 215
46 63 164
46 64 144
46 65 127
46 66 37
46 67 250
46 68 80
46 69 298
46 70 297
46 71 262
46 72 108
46 73 115
46 74 159
46 75 213
46 76 117
46 77 142
46 78 54
46 79 289
46 80 277
46 81 284
46 82 192
46 83 193
46 84 187
46 85 100
46 86 230
46 87 204
46 88 103
46 89 242
46 90 225
46 91 115
46 92 202
46 93 232
46 94 243
46 95 213
46 96 287
46 97 91
46 98 209
46 99 51
47 1 297
47 2 172
47 3 97
47 4 283
47 5 240
47 6 242
47 7 195
47 8 41
47 9 266
47 10 283
47 11 293
47 12 201
47 13 62
47 14 175
47 15 38
47 16 114
47 17 186
47 18 250
47 19 244
47 20 115
47 21 225
47 22 64
47 23 145
47 24 82
47 25 238
47 26 119
47 27 297
47 28 230
47 29 153
47 30 274
47 31 247
47 32 223
47 33 159
47 34 252
47 35 63
47 36 225
47 37 205
47 38 99
47 39 203
47 40 33
47 41 138
47 42 150
47 43 104
47 44 37
47 45 33
47 46 91
47 48 55
47 49 63
47 50 229
47 51 43
47 52 230
47 53 283
47 54 236
47 55 171
47 56 160
47 57 259
47 58 285
47 59 91
47 60 128
47 61 204
47 62 293
47 63 94
47 64 126
47 65 218
47 66 240
47 67 124
47 68 253
47 69 243
47 70 216
47 71 224
47 72 204
47 73 101
47 74 61
47 75 96
47 76 76
47 77 288
47 78 37
47 79 213
47 80 124
47 81 75
47 82 297
47 83 128
47 84 153
47 85 215
47 86 68
47 87 185
47 88 291
47 89 75
47 90 281
47 91 85
47 92 236
47 93 296
47 94 234
47 95 268
47 96 247
47 97 119
47 98 224
47 99 186
48 1 198
48 2 116
48 3 174
48 4 52
48 5 82
48 6 66
48 7 140
48 8 100
48 9 135
48 10 286
48 11 179
48 12 148
48 13 55
48 14 121
48 15 161
48 16 111
48 17 61
48 18 281
48 19 139
48 20 254
48 21 260
48 22 133
48 23 98
48 24 123
48 25 128
48 26 239
48 27 143
48 28 190
48 29 273
48 30 227
48 31 119
48 32 173
48 33 190
48 34 74
48 35 35
48 36 253
48 37 81
48 38 279
48 39 239
48 40 37
48 41 81
48 42 260
48 43 260
48 44 201
48 45 269
48 46 194
48 47 55
48 49 177
48 50 182
48 51 273
48 52 286
48 53 278
48 54 142
48 55 132
48 56 287
48 57 231
48 58 232
48 59 31
48 60 229
48 61 77
48 62 56
48 63 159
48 64 280
48 65 176
48 66 174
48 67 247
48 68 258
48 69 262
48 70 53
48 71 44
48 72 42
48 73 211
48 74 145
48 75 174
48 76 69
48 77 195
48 78 139
48 79 236
48 80 147
48 81 95
48 82 119
48 83 64
48 84 33
48 85 78
48 86 77
48 87 35
48 88 33
48 89 90
48 90 202
48 91 140
48 92 139
48 93 200
48 94 232
48 95 287
48 96 85
48 97 153
48 98 254
48 99 159
49 1 270
49 2 53
49 3 64
49 4 103
49 5 55
49 6 241
49 7 226
49 8 134
49 9 110
49 10 261
49 11 173
49 12 270
49 13 106
49 14 221
49 15 106
49 16 52
49 17 246
49 18 49
49 19 71
49 20 168
49 21 154
49 22 291
49 23 283
49 24 149
49 25 291
49 26 166
49 27 190
49 28 228
49 29 220
49 30 231
49 31 260
49 32 212
49 33 229
49 34 210
49 35 158
49 36 209
49 37 248
49 38 232
49 39 216
49 40 292
49 41 224
49 42 97
49 43 147
49 44 83
49 45 98
49 46 140
49 47 63
49 48 177
49 50 33
49 51 52
49 52 272
49 53 135
49 54 74
49 55 236
49 56 232
49 57 226
49 58 174
49 59 129
49 60 224
49 61 117
49 62 110
49 63 42
49 64 127
49 65 43
49 66 83
49 67 75
49 68 97
49 69 258
49 70 108
49 71 213
49 72 281
49 73 132
49 74 247
49 75 126
49 76 256
49 77 41
49 78 55
49 79 231
49 80 157
49 81 279
49 82 78
49 83 237
49 84 223
49 85 74
49 86 197
49 87 74
49 88 92
49 89 100
49 90 38
49 91 272
49 92 78
49 93 38
49 94 240
49 95 46
49 96 278
49 97 38
49 98 126
49 99 238
50 1 120
50 2 99
50 3 117
50 4 280
50 5 162
50 6 242
50 7 91
50 8 166
50 9 220
50 10 39
50 11 60
50 12 95
50 13 80
50 14 80
50 15 52
50 16 97
50 17 268
50 18 164
50 19 237
50 20 69
50 21 132
50 22 298
50 23 296
50 24 36
50 25 97
50 26 257
50 27 143
50 28 53
50 29 268
50 30 213
50 31 226
50 32 178
50 33 187
50 34 246
50 35 89
50 36 48
50 37 274
50 38 104
50 39 266
50 40 90
50 41 183
50 42 130
50 43 58
50 44 221
50 45 286
50 46 175
50 47 229
50 48 182
50 49 33
50 51 293
50 52 143
50 53 99
50 54 242
50 55 283
50 56 244
50 57 256
50 58 279
50 59 42
50 60 271
50 61 131
50 62 246
50 63 280
50 64 193
50 65 262
50 66 149
50 67 61
50 68 199
50 69 59
50 70 120
50 71 60
50 72 158
50 73 275
50 74 162
50 75 207
50 76 171
50 77 83
50 78 223
50 79 116
50 80 209
50 81 290
50 82 201
50 83 144
50 84 222
50 85 118
50 86 284
50 87 41
50 88 237
50 89 211
50 90 56
50 91 247
50 92 171
50 93 293
50 94 288
50 95 73
50 96 77
50 97 238
50 98 276
50 99 210
51 1 148
51 2 295
51 3 129
51 4 83
51 5 293
51 6 53
51 7 259
51 8 86
51 9 227
51 10 73
51 11 273
51 12 111
51 13 218
51 14 251
51 15 52
51 16 63
51 17 162
51 18 159
51 19 157
51 20 206
51 21 221
51 22 287
51 23 163
51 24 228
51 25 154
51 26 143
51 27 164
51 28 57
51 29 187
51 30 159
51 31 79
51 32 225
51 33 96
51 34 147
51 35 208
51 36 147
51 37 75
51 38 56
51 39 108
51 40 290
51 41 183
51 42 209
51 43 291
51 44 85
51 45 250
51 46 95
51 47 43
51 48 273
51 49 52
51 50 293
51 52 53
51 53 111
51 54 201
51 55 93
51 56 63
51 57 212
51 58 127
51 59 50
51 60 161
51 61 216
51 62 220
51 63 238
51 64 131
51 65 206
51 66 158
51 67 172
51 68 59
51 69 69
51 70 224
51 71 142
51 72 146
51 73 292
51 74 134
51 75 183
51 76 167
51 77 245
51 78 158
51 79 170
51 80 67
51 81 117
51 82 224
51 83 265
51 84 208
51 85 243
51 86 170
51 87 59
51 88 221
51 89 296
51 90 187
51 91 105
51 92 48
51 93 290
51 94 249
51 95 252
51 96 248
51 97 274
51 98 212
51 99 283
52 1 173
52 2 181
52 3 48
52 4 251
52 5 194
52 6 296
52 7 248
52 8 55
52 9 82
52 10 146
52 11 150
52 12 63
52 13 32
52 14 130
52 15 212
52 16 148
52 17 45
52 18 188
52 19 37
52 20 251
52 21 246
52 22 200
52 23 174
52 24 257
52 25 178
52 26 185
52 27 98
52 28 155
52 29 173
52 30 271
52 31 82
52 32 131
52 33 116
52 34 245
52 35 268
52 36 43
52 37 191
52 38 210
52 39 189
52 40 244
52 41 246
52 42 122
52 43 234
52 44 126
52 45 244
52 46 235
52 47 230
52 48 286
52 49 272
52 50 143
52 51 53
52 53 288
52 54 36
52 55 69
52 56 93
52 57 68
52 58 91
52 59 77
52 60 281
52 61 182
52 62 228
52 63 59
52 64 173
52 65 236
52 66 61
52 67 44
52 68 55
52 69 140
52 70 97
52 71 121
52 72 229
52 73 203
52 74 267
52 75 154
52 76 84
52 77 268
52 78 259
52 79 185
52 80 97
52 81 65
52 82 79
52 83 76
52 84 89
52 85 263
52 86 138
52 87 151
52 88 145
52 89 260
52 90 174
52 91 161
52 92 259
52 93 260
52 94 166
52 95 233
52 96 41
52 97 35
52 98 177
52 99 119
53 1 296
53 2 52
53 3 270
53 4 244
53 5 228
53 6 117
53 7 273
53 8 121
53 9 187
53 10 128
53 11 48
53 12 257
53 13 80
53 14 257
53 15 161
53 16 194
53 17 156
53 18 80
53 19 244
53 20 99
53 21 289
53 22 267
53 23 214
53 24 78
53 25 188
53 26 278
53 27 211
53 28 37
53 29 242
53 30 46
53 31 194
53 32 154
53 33 300
53 34 167
53 35 51
53 36 179
53 37 173
53 38 279
53 39 132
53 40 253
53 41 73
53 42 282
53 43 276
53 44 186
53 45 227
53 46 178
53 47 283
53 48 278
53 49 135
53 50 99
53 51 111
53 52 288
53 54 229
53 55 295
53 56 45
53 57 260
53 58 135
53 59 282
53 60 260
53 61 155
53 62 79
53 63 190
53 64 216
53 65 62
53 66 144
53 67 170
53 68 181
53 69 47
53 70 233
53 71 290
53 72 109
53 73 219
53 74 293
53 75 250
53 76 141
53 77 89
53 78 76
53 79 133
53 80 196
53 81 87
53 82 139
53 83 52
53 84 52
53 85 153
53 86 229
53 87 65
53 88 191
53 89 46
53 90 185
53 91 212
53 92 300
53 93 97
53 94 207
53 95 192
53 96 217
53 97 188
53 98 266
53 99 58
54 1 190
54 2 208
54 3 112
54 4 214
54 5 184
54 6 239
54 7 70
54 8 243
54 9 42
54 10 81
54 11 66
54 12 105
54 13 213
54 14 44
54 15 256
54 16 113
54 17 255
54 18 241
54 19 298
54 20 160
54 21 233
54 22 295
54 23 199
54 24 219
54 25 179
54 26 148
54 27 54
54 28 127
54 29 251
54 30 141
54 31 282
54 32 242
54 33 298
54 34 208
54 35 117
54 36 289
54 37 229
54 38 123
54 39 69
54 40 71
54 41 227
54 42 87
54 43 143
54 44 87
54 45 222
54 46 258
54 47 236
54 48 142
54 49 74
54 50 242
54 51 201
54 52 36
54 53 229
54 55 248
54 56 102
54 57 72
54 58 256
54 59 205
54 60 281
54 61 280
54 62 65
54 63 179
54 64 159
54 65 193
54 66 140
54 67 286
54 68 68
54 69 208
54 70 39
54 71 39
54 72 253
54 73 256
54 74 207
54 75 298
54 76 97
54 77 74
54 78 295
54 79 258
54 80 76
54 81 163
54 82 44
54 83 124
54 84 104
54 85 32
54 86 128
54 87 161
54 88 58
54 89 243
54 90 287
54 91 158
54 92 154
54 93 87
54 94 208
54 95 77
54 96 117
54 97 37
54 98 293
54 99 232
55 1 126
55 2 58
55 3 156
55 4 249
55 5 256
55 6 287
55 7 54
55 8 239
55 9 30
55 10 263
55 11 286
55 12 167
55 13 165
55 14 290
55 15 31
55 16 157
55 17 130
55 18 193
55 19 34
55 20 257
55 21 92
55 22 172
55 23 220
55 24 165
55 25 260
55 26 121
55 27 217
55 28 188
55 29 245
55 30 232
55 31 100
55 32 229
55 33 107
55 34 120
55 35 136
55 36 214
55 37 270
55 38 60
55 39 293
55 40 230
55 41 261
55 42 208
55 43 35
55 44 233
55 45 119
55 46 71
55 47 171
55 48 132
55 49 236
55 50 283
55 51 93
55 52 69
55 53 295
55 54 248
55 56 260
55 57 187
55 58 85
55 59 194
55 60 260
55 61 93
55 62 138
55 63 189
55 64 192
55 65 108
55 66 110
55 67 189
55 68 87
55 69 141
55 70 32
55 71 248
55 72 116
55 73 108
55 74 165
55 75 57
55 76 210
55 77 83
55 78 196
55 79 115
55 80 80
55 81 181
55 82 77
55 83 219
55 84 30
55 85 92
55 86 112
55 87 36
55 88 130
55 89 73
55 90 267
55 91 66
55 92 156
55 93 55
55 94 237
55 95 68
55 96 88
55 97 196
55 98 197
55 99 281
56 1 157
56 2 272
56 3 57
56 4 260
56 5 265
56 6 34
56 7 260
56 8 68
56 9 181
56 10 104
56 11 252
56 12 236
56 13 291
56 14 283
56 15 131
56 16 264
56 17 202
56 18 195
56 19 297
56 20 153
56 21 250
56 22 58
56 23 199
56 24 112
56 25 248
56 26 226
56 27 210
56 28 236
56 29 297
56 30 234
56 31 185
56 32 73
56 33 287
56 34 291
56 35 31
56 36 217
56 37 125
56 38 198
56 39 197
56 40 278
56 41 36
56 42 259
56 43 219
56 44 124
56 45 52
56 46 216
56 47 160
56 48 287
56 49 232
56 50 244
56 51 63
56 52 93
56 53 45
56 54 102
56 55 260
56 57 64
56 58 132
56 59 72
56 60 114
56 61 208
56 62 40
56 63 119
56 64 260
56 65 52
56 66 68
56 67 297
56 68 291
56 69 186
56 70 259
56 71 119
56 72 251
56 73 238
56 74 125
56 75 128
56 76 94
56 77 124
56 78 184
56 79 106
56 80 37
56 81 59
56 82 150
56 83 228
56 84 278
56 85 40
56 86 103
56 87 283
56 88 47
56 89 49
56 90 135
56 91 100
56 92 53
56 93 94
56 94 177
56 95 58
56 96 248
56 97 180
56 98 157
56 99 295
57 1 282
57 2 232
57 3 185
57 4 210
57 5 126
57 6 213
57 7 219
57 8 192
57 9 216
57 10 191
57 11 76
57 12 81
57 13 181
57 14 90
57 15 279
57 16 178
57 17 56
57 18 245
57 19 39
57 20 193
57 21 109
57 22 160
57 23 57
57 24 82
57 25 193
57 26 214
57 27 209
57 28 158
57 29 51
57 30 150
57 31 217
57 32 91
57 33 244
57 34 40
57 35 217
57 36 43
57 37 98
57 38 234
57 39 226
57 40 72
57 41 187
57 42 176
57 43 297
57 44 291
57 45 128
57 46 237
57 47 259
57 48 231
57 49 226
57 50 256
57 51 212
57 52 68
57 53 260
57 54 72
57 55 187
57 56 64
57 58 255
57 59 93
57 60 43
57 61 67
57 62 143
57 63 178
57 64 59
57 65 159
57 66 243
57 67 66
57 68 67
57 69 46
57 70 102
57 71 267
57 72 106
57 73 287
57 74 227
57 75 297
57 76 268
57 77 286
57 78 34
57 79 295
57 80 47
57 81 32
57 82 62
57 83 251
57 84 164
57 85 218
57 86 51
57 87 226
57 88 145
57 89 179
57 90 73
57 91 188
57 92 160
57 93 223
57 94 245
57 95 224
57 96 30
57 97 271
57 98 37
57 99 229
58 1 178
58 2 83
58 3 120
58 4 116
58 5 111
58 6 105
58 7 225
58 8 56
58 9 175
58 10 192
58 11 95
58 12 276
58 13 274
58 14 129
58 15 201
58 16 73
58 17 257
58 18 243
58 19 142
58 20 174
58 21 255
58 22 225
58 23 227
58 24 295
58 25 110
58 26 251
58 27 135
58 28 183
58 29 200
58 30 257
58 31 292
58 32 73
58 33 65
58 34 177
58 35 117
58 36 151
58 37 260
58 38 196
58 39 177
58 40 243
58 41 73
58 42 130
58 43 222
58 44 295
58 45 54
58 46 55
58 47 285
58 48 232
58 49 174
58 50 279
58 51 127
58 52 91
58 53 135
58 54 256
58 55 85
58 56 132
58 57 255
58 59 136
58 60 70
58 61 74
58 62 56
58 63 257
58 64 89
58 65 191
58 66 273
58 67 110
58 68 220
58 69 279
58 70 185
58 71 217
58 72 193
58 73 152
58 74 225
58 75 110
58 76 122
58 77 279
58 78 140
58 79 138
58 80 30
58 81 189
58 82 106
58 83 170
58 84 48
58 85 272
58 86 155
58 87 68
58 88 136
58 89 101
58 90 126
58 91 209
58 92 109
58 93 235
58 94 185
58 95 96
58 96 90
58 97 176
58 98 30
58 99 167
59 1 79
59 2 95
59 3 226
59 4 89
59 5 171
59 6 195
59 7 300
59 8 287
59 9 245
59 10 230
59 11 33
59 12 226
59 13 178
59 14 216
59 15 238
59 16 297
59 17 240
59 18 165
59 19 188
59 20 245
59 21 254
59 22 105
59 23 100
59 24 276
59 25 146
59 26 170
59 27 264
59 28 243
59 29 251
59 30 114
59 31 48
59 32 103
59 33 110
59 34 287
59 35 208
59 36 38
59 37 144
59 38 93
59 39 154
59 40 107
59 41 53
59 42 235
59 43 263
59 44 67
59 45 210
59 46 228
59 47 91
59 48 31
59 49 129
59 50 42
59 51 50
59 52 77
59 53 282
59 54 205
59 55 194
59 56 72
59 57 93
59 58 136
59 60 262
59 61 167
59 62 154
59 63 168
59 64 121
59 65 75
59 66 289
59 67 140
59 68 44
59 69 41
59 70 171
59 71 167
59 72 85
59 73 71
59 74 136
59 75 283
59 76 279
59 77 237
59 78 56
59 79 114
59 80 279
59 81 117
59 82 80
59 83 274
59 84 85
59 85 30
59 86 158
59 87 177
59 88 182
59 89 206
59 90 159
59 91 248
59 92 140
59 93 226
59 94 46
59 95 144
59 96 65
59 97 121
59 98 213
59 99 209
60 1 148
60 2 154
60 3 179
60 4 271
60 5 200
60 6 154
60 7 93
60 8 265
60 9 270
60 10 192
60 11 117
60 12 281
60 13 75
60 14 108
60 15 102
60 16 185
60 17 241
60 18 280
60 19 192
60 20 214
60 21 231
60 22 267
60 23 147
60 24 141
60 25 294
60 26 295
60 27 195
60 28 68
60 29 104
60 30 66
60 31 97
60 32 167
60 33 298
60 34 80
60 35 120
60 36 195
60 37 248
60 38 162
60 39 150
60 40 42
60 41 283
60 42 192
60 43 92
60 44 128
60 45 33
60 46 53
60 47 128
60 48 229
60 49 224
60 50 271
60 51 161
60 52 281
60 53 260
60 54 281
60 55 260
60 56 114
60 57 43
60 58 70
60 59 262
60 61 265
60 62 82
60 63 116
60 64 291
60 65 238
60 66 102
60 67 296
60 68 277
60 69 211
60 70 68
60 71 49
60 72 31
60 73 159
60 74 115
60 75 300
60 76 239
60 77 151
60 78 47
60 79 133
60 80 216
60 81 44
60 82 72
60 83 262
60 84 115
60 85 119
60 86 260
60 87 282
60 88 102
60 89 32
60 90 116
60 91 110
60 92 71
60 93 192
60 94 258
60 95 113
60 96 282
60 97 194
60 98 195
60 99 206
61 1 51
61 2 176
61 3 221
61 4 201
61 5 93
61 6 71
61 7 109
61 8 222
61 9 251
61 10 64
61 11 36
61 12 202
61 13 162
61 14 208
61 15 156
61 16 297
61 17 278
61 18 286
61 19 137
61 20 254
61 21 153
61 22 275
61 23 83
61 24 99
61 25 121
61 26 109
61 27 246
61 28 245
61 29 170
61 30 39
61 31 167
61 32 101
61 33 265
61 34 63
61 35 56
61 36 50
61 37 105
61 38 76
61 39 56
61 40 146
61 41 43
61 42 209
61 43 275
61 44 196
61 45 67
61 46 138
61 47 204
61 48 77
61 49 117
61 50 131
61 51 216
61 52 182
61 53 155
61 54 280
61 55 93
61 56 208
61 57 67
61 58 74
61 59 167
61 60 265
61 62 298
61 63 100
61 64 167
61 65 55
61 66 300
61 67 201
61 68 83
61 69 56
61 70 34
61 71 127
61 72 247
61 73 213
61 74 182
61 75 61
61 76 285
61 77 143
61 78 222
61 79 187
61 80 60
61 81 160
61 82 242
61 83 47
61 84 195
61 85 123
61 86 260
61 87 215
61 88 215
61 89 265
61 90 261
61 91 272
61 92 158
61 93 111
61 94 251
61 95 300
61 96 148
61 97 290
61 98 41
61 99 111
62 1 240
62 2 130
62 3 99
62 4 164
62 5 97
62 6 208
62 7 78
62 8 141
62 9 210
62 10 179
62 11 57
62 12 234
62 13 97
62 14 92
62 15 233
62 16 57
62 17 290
62 18 137
62 19 180
62 20 111
62 21 202
62 22 112
62 23 265
62 24 99
62 25 104
62 26 101
62 27 72
62 28 146
62 29 122
62 30 295
62 31 83
62 32 146
62 33 52
62 34 161
62 35 151
62 36 142
62 37 70
62 38 156
62 39 89
62 40 201
62 41 261
62 42 100
62 43 219
62 44 143
62 45 135
62 46 215
62 47 293
62 48 56
62 49 110
62 50 246
62 51 220
62 52 228
62 53 79
62 54 65
62 55 138
62 56 40
62 57 143
62 58 56
62 59 154
62 60 82
62 61 298
62 63 245
62 64 124
62 65 58
62 66 56
62 67 58
62 68 79
62 69 179
62 70 63
62 71 93
62 72 52
62 73 294
62 74 34
62 75 277
62 76 196
62 77 300
62 78 247
62 79 155
62 80 244
62 81 59
62 82 207
62 83 63
62 84 233
62 85 63
62 86 283
62 87 247
62 88 101
62 89 225
62 90 138
62 91 106
62 92 285
62 93 211
62 94 225
62 95 222
62 96 296
62 97 158
62 98 70
62 99 180
63 1 148
63 2 108
63 3 112
63 4 76
63 5 39
63 6 87
63 7 133
63 8 76
63 9 265
63 10 212
63 11 108
63 12 259
63 13 215
63 14 101
63 15 291
63 16 171
63 17 222
63 18 236
63 19 208
63 20 150
63 21 78
63 22 60
63 23 138
63 24 69
63 25 38
63 26 39
63 27 67
63 28 164
63 29 144
63 30 157
63 31 174
63 32 129
63 33 92
63 34 79
63 35 215
63 36 143
63 37 219
63 38 267
63 39 207
63 40 112
63 41 181
63 42 35
63 43 237
63 44 116
63 45 265
63 46 164
63 47 94
63 48 159
63 49 42
63 50 280
63 51 238
63 52 59
63 53 190
63 54 179
63 55 189
63 56 119
63 57 178
63 58 257
63 59 168
63 60 116
63 61 100
63 62 245
63 64 192
63 65 249
63 66 289
63 67 192
63 68 95
63 69 110
63 70 48
63 71 31
63 72 232
63 73 67
63 74 200
63 75 134
63 76 241
63 77 160
63 78 110
63 79 272
63 80 298
63 81 272
63 82 282
63 83 165
63 84 33
63 85 186
63 86 151
63 87 284
63 88 250
63 89 240
63 90 67
63 91 153
63 92 82
63 93 99
63 94 283
63 95 240
63 96 108
63 97 265
63 98 50
63 99 151
64 1 32
64 2 158
64 3 223
64 4 103
64 5 274
64 6 164
64 7 299
64 8 36
64 9 119
64 10 231
64 11 147
64 12 47
64 13 78
64 14 52
64 15 229
64 16 291
64 17 191
64 18 43
64 19 228
64 20 234
64 21 190
64 22 229
64 23 285
64 24 110
64 25 255
64 26 202
64 27 195
64 28 111
64 29 226
64 30 34
64 31 172
64 32 186
64 33 163
64 34 259
64 35 274
64 36 219
64 37 160
64 38 72
64 39 122
64 40 74
64 41 109
64 42 79
64 43 152
64 44 153
64 45 198
64 46 144
64 47 126
64 48 280
64 49 127
64 50 193
64 51 131
64 52 173
64 53 216
64 54 159
64 55 192
64 56 260
64 57 59
64 58 89
64 59 121
64 60 291
64 61 167
64 62 124
64 63 192
64 65 219
64 66 225
64 67 200
64 68 87
64 69 136
64 70 244
64 71 133
64 72 75
64 73 50
64 74 96
64 75 129
64 76 174
64 77 161
64 78 88
64 79 232
64 80 48
64 81 57
64 82 251
64 83 221
64 84 82
64 85 234
64 86 215
64 87 229
64 88 62
64 89 42
64 90 100
64 91 47
64 92 196
64 93 66
64 94 265
64 95 134
64 96 84
64 97 170
64 98 112
64 99 256
65 1 239
65 2 250
65 3 247
65 4 143
65 5 128
65 6 44
65 7 142
65 8 108
65 9 147
65 10 73
65 11 149
65 12 201
65 13 214
65 14 222
65 15 120
65 16 179
65 17 176
65 18 201
65 19 121
65 20 143
65 21 74
65 22 93
65 23 182
65 24 156
65 25 226
65 26 165
65 27 246
65 28 277
65 29 238
65 30 275
65 31 58
65 32 233
65 33 83
65 34 77
65 35 166
65 36 83
65 37 77
65 38 299
65 39 44
65 40 154
65 41 208
65 42 173
65 43 285
65 44 266
65 45 37
65 46 127
65 47 218
65 48 176
65 49 43
65 50 262
65 51 206
65 52 236
65 53 62
65 54 193
65 55 108
65 56 52
65 57 159
65 58 191
65 59 75
65 60 238
65 61 55
65 62 58
65 63 249
65 64 219
65 66 182
65 67 292
65 68 93
65 69 106
65 70 79
65 71 270
65 72 235
65 73 126
65 74 129
65 75 30
65 76 43
65 77 32
65 78 141
65 79 197
65 80 298
65 81 233
65 82 216
65 83 236
65 84 97
65 85 142
65 86 181
65 87 260
65 88 46
65 89 205
65 90 31
65 91 156
65 92 99
65 93 169
65 94 146
65 95 235
65 96 32
65 97 30
65 98 68
65 99 49
66 1 248
66 2 130
66 3 225
66 4 83
66 5 151
66 6 193
66 7 158
66 8 273
66 9 212
66 10 76
66 11 208
66 12 182
66 13 199
66 14 263
66 15 221
66 16 34
66 17 41
66 18 143
66 19 242
66 20 104
66 21 142
66 22 247
66 23 277
66 24 178
66 25 244
66 26 175
66 27 206
66 28 217
66 29 95
66 30 291
66 31 273
66 32 92
66 33 92
66 34 72
66 35 295
66 36 101
66 37 134
66 38 58
66 39 295
66 40 261
66 41 195
66 42 272
66 43 230
66 44 46
66 45 161
66 46 37
66 47 240
66 48 174
66 49 83
66 50 149
66 51 158
66 52 61
66 53 144
66 54 140
66 55 110
66 56 68
66 57 243
66 58 273
66 59 289
66 60 102
66 61 300
66 62 56
66 63 289
66 64 225
66 65 182
66 67 94
66 68 277
66 69 182
66 70 220
66 71 267
66 72 275
66 73 135
66 74 40
66 75 167
66 76 234
66 77 267
66 78 247
66 79 35
66 80 85
66 81 281
66 82 227
66 83 145
66 84 84
66 85 259
66 86 152
66 87 184
66 88 270
66 89 173
66 90 210
66 91 296
66 92 151
66 93 237
66 94 185
66 95 215
66 96 46
66 97 48
66 98 260
66 99 236
67 1 101
67 2 281
67 3 287
67 4 85
67 5 134
67 6 298
67 7 87
67 8 219
67 9 274
67 10 67
67 11 149
67 12 51
67 13 210
67 14 226
67 15 109
67 16 247
67 17 93
67 18 87
67 19 210
67 20 213
67 21 69
67 22 90
67 23 267
67 24 254
67 25 192
67 26 234
67 27 191
67 28 78
67 29 248
67 30 39
67 31 108
67 32 118
67 33 161
67 34 31
67 35 76
67 36 166
67 37 207
67 38 42
67 39 115
67 40 287
67 41 197
67 42 77
67 43 113
67 44 91
67 45 72
67 46 250
67 47 124
67 48 247
67 49 75
67 50 61
67 51 172
67 52 44
67 53 170
67 54 286
67 55 189
67 56 297
67 57 66
67 58 110
67 59 140
67 60 296
67 61 201
67 62 58
67 63 192
67 64 200
67 65 292
67 66 94
67 68 156
67 69 193
67 70 284
67 71 172
67 72 82
67 73 131
67 74 88
67 75 272
67 76 252
67 77 180
67 78 163
67 79 246
67 80 184
67 81 209
67 82 134
67 83 260
67 84 86
67 85 149
67 86 247
67 87 214
67 88 187
67 89 251
67 90 200
67 91 174
67 92 243
67 93 189
67 94 185
67 95 201
67 96 256
67 97 174
67 98 43
67 99 77
68 1 174
68 2 83
68 3 67
68 4 130
68 5 286
68 6 132
68 7 69
68 8 259
68 9 140
68 10 178
68 11 272
68 12 122
68 13 46
68 14 286
68 15 130
68 16 47
68 17 207
68 18 268
68 19 99
68 20 252
68 21 66
68 22 235
68 23 189
68 24 225
68 25 267
68 26 165
68 27 91
68 28 231
68 29 59
68 30 146
68 31 119
68 32 103
68 33 283
68 34 102
68 35 193
68 36 247
68 37 299
68 38 181
68 39 280
68 40 198
68 41 100
68 42 164
68 43 117
68 44 56
68 45 152
68 46 80
68 47 253
68 48 258
68 49 97
68 50 199
68 51 59
68 52 55
68 53 181
68 54 68
68 55 87
68 56 291
68 57 67
68 58 220
68 59 44
68 60 277
68 61 83
68 62 79
68 63 95
68 64 87
68 65 93
68 66 277
68 67 156
68 69 49
68 70 187
68 71 235
68 72 145
68 73 83
68 74 293
68 75 227
68 76 190
68 77 147
68 78 279
68 79 218
68 80 202
68 81 64
68 82 122
68 83 209
68 84 134
68 85 37
68 86 53
68 87 247
68 88 164
68 89 211
68 90 276
68 91 54
68 92 229
68 93 138
68 94 103
68 95 254
68 96 244
68 97 195
68 98 162
68 99 222
69 1 89
69 2 286
69 3 298
69 4 88
69 5 261
69 6 62
69 7 141
69 8 164
69 9 84
69 10 167
69 11 230
69 12 166
69 13 48
69 14 121
69 15 192
69 16 112
69 17 70
69 18 277
69 19 144
69 20 170
69 21 208
69 22 155
69 23 160
69 24 113
69 25 188
69 26 58
69 27 282
69 28 75
69 29 186
69 30 157
69 31 168
69 32 138
69 33 172
69 34 240
69 35 49
69 36 92
69 37 178
69 38 254
69 39 60
69 40 278
69 41 196
69 42 73
69 43 199
69 44 210
69 45 271
69 46 298
69 47 243
69 48 262
69 49 258
69 50 59
69 51 69
69 52 140
69 53 47
69 54 208
69 55 141
69 56 186
69 57 46
69 58 279
69 59 41
69 60 211
69 61 56
69 62 179
69 63 110
69 64 136
69 65 106
69 66 182
69 67 193
69 68 49
69 70 249
69 71 292
69 72 67
69 73 110
69 74 143
69 75 271
69 76 215
69 77 225
69 78 159
69 79 270
69 80 278
69 81 175
69 82 52
69 83 153
69 84 198
69 85 297
69 86 71
69 87 126
69 88 289
69 89 262
69 90 203
69 91 54
69 92 128
69 93 146
69 94 132
69 95 45
69 96 126
69 97 238
69 98 181
69 99 183
70 1 247
70 2 36
70 3 81
70 4 215
70 5 291
70 6 287
70 7 238
70 8 216
70 9 101
70 10 230
70 11 148
70 12 46
70 13 115
70 14 92
70 15 280
70 16 155
70 17 37
70 18 215
70 19 289
70 20 200
70 21 148
70 22 159
70 23 172
70 24 57
70 25 79
70 26 200
70 27 270
70 28 55
70 29 183
70 30 233
70 31 185
70 32 168
70 33 111
70 34 287
70 35 176
70 36 162
70 37 241
70 38 259
70 39 175
70 40 294
70 41 182
70 42 272
70 43 81
70 44 251
70 45 60
70 46 297
70 47 216
70 48 53
70 49 108
70 50 120
70 51 224
70 52 97
70 53 233
70 54 39
70 55 32
70 56 259
70 57 102
70 58 185
70 59 171
70 60 68
70 61 34
70 62 63
70 63 48
70 64 244
70 65 79
70 66 220
70 67 284
70 68 187
70 69 249
70 71 152
70 72 198
70 73 94
70 74 153
70 75 74
70 76 91
70 77 71
70 78 159
70 79 121
70 80 172
70 81 63
70 82 67
70 83 51
70 84 211
70 85 37
70 86 213
70 87 124
70 88 32
70 89 167
70 90 80
70 91 237
70 92 45
70 93 290
70 94 95
70 95 143
70 96 70
70 97 85
70 98 231
70 99 218
71 1 246
71 2 213
71 3 132
71 4 135
71 5 223
71 6 173
71 7 59
71 8 161
71 9 49
71 10 269
71 11 89
71 12 171
71 13 284
71 14 151
71 15 238
71 16 163
71 17 220
71 18 50
71 19 76
71 20 136
71 21 65
71 22 298
71 23 138
71 24 101
71 25 290
71 26 215
71 27 34
71 28 202
71 29 259
71 30 210
71 31 147
71 32 80
71 33 259
71 34 188
71 35 221
71 36 158
71 37 120
71 38 141
71 39 292
71 40 55
71 41 297
71 42 106
71 43 280
71 44 217
71 45 123
71 46 262
71 47 224
71 48 44
71 49 213
71 50 60
71 51 142
71 52 121
71 53 290
71 54 39
71 55 248
71 56 119
71 57 267
71 58 217
71 59 167
71 60 49
71 61 127
71 62 93
71 63 31
71 64 133
71 65 270
71 66 267
71 67 172
71 68 235
71 69 292
71 70 152
71 72 116
71 73 280
71 74 79
71 75 263
71 76 198
71 77 257
71 78 251
71 79 162
71 80 73
71 81 69
71 82 73
71 83 55
71 84 257
71 85 61
71 86 108
71 87 261
71 88 141
71 89 202
71 90 278
71 91 62
71 92 151
71 93 215
71 94 85
71 95 63
71 96 262
71 97 110
71 98 152
71 99 115
72 1 265
72 2 84
72 3 133
72 4 113
72 5 150
72 6 73
72 7 185
72 8 104
72 9 228
72 10 208
72 11 174
72 12 120
72 13 300
72 14 78
72 15 241
72 16 204
72 17 232
72 18 50
72 19 190
72 20 116
72 21 283
72 22 61
72 23 131
72 24 249
72 25 123
72 26 81
72 27 294
72 28 285
72 29 80
72 30 193
72 31 288
72 32 145
72 33 109
72 34 196
72 35 294
72 36 273
72 37 44
72 38 110
72 39 293
72 40 281
72 41 66
72 42 189
72 43 180
72 44 234
72 45 56
72 46 108
72 47 204
72 48 42
72 49 281
72 50 158
72 51 146
72 52 229
72 53 109
72 54 253
72 55 116
72 56 251
72 57 106
72 58 193
72 59 85
72 60 31
72 61 247
72 62 52
72 63 232
72 64 75
72 65 235
72 66 275
72 67 82
72 68 145
72 69 67
72 70 198
72 71 116
72 73 273
72 74 240
72 75 228
72 76 271
72 77 57
72 78 141
72 79 141
72 80 133
72 81 216
72 82 40
72 83 298
72 84 76
72 85 161
72 86 250
72 87 162
72 88 79
72 89 35
72 90 80
72 91 54
72 92 166
72 93 122
72 94 146
72 95 43
72 96 161
72 97 249
72 98 87
72 99 154
73 1 180
73 2 211
73 3 162
73 4 62
73 5 172
73 6 254
73 7 291
73 8 278
73 9 210
73 10 61
73 11 297
73 12 141
73 13 184
73 14 46
73 15 211
73 16 135
73 17 148
73 18 294
73 19 256
73 20 162
73 21 82
73 22 195
73 23 267
73 24 92
73 25 284
73 26 113
73 27 190
73 28 243
73 29 77
73 30 100
73 31 78
73 32 64
73 33 228
73 34 284
73 35 155
73 36 240
73 37 62
73 38 259
73 39 260
73 40 56
73 41 75
73 42 224
73 43 80
73 44 108
73 45 198
73 46 115
73 47 101
73 48 211
73 49 132
73 50 275
73 51 292
73 52 203
73 53 219
73 54 256
73 55 108
73 56 238
73 57 287
73 58 152
73 59 71
73 60 159
73 61 213
73 62 294
73 63 67
73 64 50
73 65 126
73 66 135
73 67 131
73 68 83
73 69 110
73 70 94
73 71 280
73 72 273
73 74 96
73 75 171
73 76 92
73 77 90
73 78 187
73 79 82
73 80 65
73 81 182
73 82 54
73 83 274
73 84 291
73 85 256
73 86 265
73 87 68
73 88 150
73 89 114
73 90 37
73 91 143
73 92 60
73 93 192
73 94 222
73 95 48
73 96 233
73 97 197
73 98 31
73 99 193
74 1 256
74 2 54
74 3 274
74 4 162
74 5 157
74 6 233
74 7 55
74 8 82
74 9 62
74 10 271
74 11 76
74 12 185
74 13 118
74 14 117
74 15 134
74 16 210
74 17 48
74 18 189
74 19 48
74 20 137
74 21 208
74 22 212
74 23 62
74 24 39
74 25 148
74 26 244
74 27 137
74 28 205
74 29 269
74 30 283
74 31 272
74 32 78
74 33 235
74 34 259
74 35 197
74 36 262
74 37 290
74 38 273
74 39 41
74 40 179
74 41 99
74 42 73
74 43 227
74 44 130
74 45 93
74 46 159
74 47 61
74 48 145
74 49 247
74 50 162
74 51 134
74 52 267
74 53 293
74 54 207
74 55 165
74 56 125
74 57 227
74 58 225
74 59 136
74 60 115
74 61 182
74 62 34
74 63 200
74 64 96
74 65 129
74 66 40
74 67 88
74 68 293
74 69 143
74 70 153
74 71 79
74 72 240
74 73 96
74 75 32
74 76 296
74 77 91
74 78 237
74 79 51
74 80 233
74 81 81
74 82 103
74 83 291
74 84 170
74 85 177
74 86 214
74 87 207
74 88 213
74 89 48
74 90 35
74 91 227
74 92 77
74 93 113
74 94 90
74 95 156
74 96 279
74 97 227
74 98 221
74 99 133
75 1 165
75 2 182
75 3 238
75 4 33
75 5 114
75 6 195
75 7 160
75 8 164
75 9 192
75 10 274
75 11 144
75 12 90
75 13 94
75 14 207
75 15 263
75 16 293
75 17 54
75 18 238
75 19 279
75 20 60
75 21 136
75 22 101
75 23 268
75 24 215
75 25 73
75 26 218
75 27 189
75 28 153
75 29 122
75 30 140
75 31 133
75 32 79
75 33 236
75 34 236
75 35 293
75 36 296
75 37 136
75 38 111
75 39 210
75 40 272
75 41 265
75 42 233
75 43 193
75 44 247
75 45 193
75 46 213
75 47 96
75 48 174
75 49 126
75 50 207
75 51 183
75 52 154
75 53 250
75 54 298
75 55 57
75 56 128
75 57 297
75 58 110
75 59 283
75 60 300
75 61 61
75 62 277
75 63 134
75 64 129
75 65 30
75 66 167
75 67 272
75 68 227
75 69 271
75 70 74
75 71 263
75 72 228
75 73 171
75 74 32
75 76 177
75 77 55
75 78 169
75 79 284
75 80 276
75 81 101
75 82 238
75 83 38
75 84 290
75 85 172
75 86 148
75 87 189
75 88 293
75 89 223
75 90 128
75 91 222
75 92 57
75 93 146
75 94 215
75 95 289
75 96 281
75 97 102
75 98 66
75 99 128
76 1 92
76 2 265
76 3 76
76 4 285
76 5 125
76 6 179
76 7 277
76 8 247
76 9 245
76 10 171
76 11 235
76 12 167
76 13 108
76 14 264
76 15 47
76 16 178
76 17 168
76 18 196
76 19 234
76 20 41
76 21 110
76 22 274
76 23 276
76 24 187
76 25 44
76 26 35
76 27 255
76 28 163
76 29 232
76 30 116
76 31 179
76 32 179
76 33 185
76 34 229
76 35 41
76 36 63
76 37 152
76 38 144
76 39 202
76 40 219
76 41 67
76 42 69
76 43 166
76 44 68
76 45 74
76 46 117
76 47 76
76 48 69
76 49 256
76 50 171
76 51 167
76 52 84
76 53 141
76 54 97
76 55 210
76 56 94
76 57 268
76 58 122
76 59 279
76 60 239
76 61 285
76 62 196
76 63 241
76 64 174
76 65 43
76 66 234
76 67 252
76 68 190
76 69 215
76 70 91
76 71 198
76 72 271
76 73 92
76 74 296
76 75 177
76 77 80
76 78 189
76 79 67
76 80 257
76 81 43
76 82 239
76 83 53
76 84 146
76 85 246
76 86 76
76 87 185
76 88 48
76 89 90
76 90 31
76 91 253
76 92 64
76 93 72
76 94 181
76 95 233
76 96 65
76 97 128
76 98 141
76 99 209
77 1 141
77 2 284
77 3 295
77 4 253
77 5 194
77 6 167
77 7 128
77 8 277
77 9 258
77 10 293
77 11 265
77 12 154
77 13 50
77 14 190
77 15 140
77 16 265
77 17 123
77 18 215
77 19 86
77 20 82
77 21 264
77 22 228
77 23 260
77 24 161
77 25 297
77 26 180
77 27 168
77 28 214
77 29 233
77 30 157
77 31 78
77 32 222
77 33 273
77 34 278
77 35 176
77 36 145
77 37 272
77 38 169
77 39 286
77 40 274
77 41 70
77 42 71
77 43 178
77 44 207
77 45 34
77 46 142
77 47 288
77 48 195
77 49 41
77 50 83
77 51 245
77 52 268
77 53 89
77 54 74
77 55 83
77 56 124
77 57 286
77 58 279
77 59 237
77 60 151
77 61 143
77 62 300
77 63 160
77 64 161
77 65 32
77 66 267
77 67 180
77 68 147
77 69 225
77 70 71
77 71 257
77 72 57
77 73 90
77 74 91
77 75 55
77 76 80
77 78 138
77 79 63
77 80 240
77 81 65
77 82 205
77 83 274
77 84 223
77 85 266
77 86 297
77 87 62
77 88 63
77 89 124
77 90 279
77 91 153
77 92 159
77 93 134
77 94 237
77 95 145
77 96 157
77 97 282
77 98 250
77 99 238
78 1 95
78 2 95
78 3 100
78 4 224
78 5 260
78 6 283
78 7 80
78 8 58
78 9 142
78 10 74
78 11 192
78 12 248
78 13 93
78 14 221
78 15 251
78 16 36
78 17 45
78 18 69
78 19 219
78 20 283
78 21 222
78 22 134
78 23 143
78 24 267
78 25 161
78 26 254
78 27 195
78 28 292
78 29 121
78 30 300
78 31 152
78 32 162
78 33 40
78 34 50
78 35 291
78 36 101
78 37 128
78 38 139
78 39 237
78 40 80
78 41 154
78 42 237
78 43 144
78 44 223
78 45 185
78 46 54
78 47 37
78 48 139
78 49 55
78 50 223
78 51 158
78 52 259
78 53 76
78 54 295
78 55 196
78 56 184
78 57 34
78 58 140
78 59 56
78 60 47
78 61 222
78 62 247
78 63 110
78 64 88
78 65 141
78 66 247
78 67 163
78 68 279
78 69 159
78 70 159
78 71 251
78 72 141
78 73 187
78 74 237
78 75 169
78 76 189
78 77 138
78 79 54
78 80 56
78 81 121
78 82 131
78 83 56
78 84 103
78 85 161
78 86 76
78 87 35
78 88 59
78 89 272
78 90 261
78 91 263
78 92 111
78 93 81
78 94 262
78 95 146
78 96 89
78 97 62
78 98 237
78 99 224
79 1 77
79 2 41
79 3 95
79 4 155
79 5 275
79 6 85
79 7 142
79 8 280
79 9 267
79 10 146
79 11 180
79 12 137
79 13 220
79 14 179
79 15 154
79 16 222
79 17 199
79 18 102
79 19 62
79 20 148
79 21 293
79 22 254
79 23 269
79 24 293
79 25 31
79 26 38
79 27 265
79 28 181
79 29 241
79 30 209
79 31 171
79 32 51
79 33 228
79 34 223
79 35 115
79 36 223
79 37 78
79 38 33
79 39 124
79 40 118
79 41 169
79 42 49
79 43 47
79 44 48
79 45 136
79 46 289
79 47 213
79 48 236
79 49 231
79 50 116
79 51 170
79 52 185
79 53 133
79 54 258
79 55 115
79 56 106
79 57 295
79 58 138
79 59 114
79 60 133
79 61 187
79 62 155
79 63 272
79 64 232
79 65 197
79 66 35
79 67 246
79 68 218
79 69 270
79 70 121
79 71 162
79 72 141
79 73 82
79 74 51
79 75 284
79 76 67
79 77 63
79 78 54
79 80 79
79 81 185
79 82 88
79 83 216
79 84 107
79 85 273
79 86 90
79 87 160
79 88 80
79 89 130
79 90 277
79 91 82
79 92 284
79 93 156
79 94 225
79 95 97
79 96 89
79 97 56
79 98 290
79 99 145
80 1 206
80 2 196
80 3 300
80 4 216
80 5 240
80 6 203
80 7 79
80 8 286
80 9 247
80 10 74
80 11 84
80 12 90
80 13 258
80 14 97
80 15 154
80 16 157
80 17 173
80 18 70
80 19 202
80 20 242
80 21 255
80 22 207
80 23 288
80 24 295
80 25 85
80 26 39
80 27 235
80 28 272
80 29 204
80 30 200
80 31 236
80 32 70
80 33 163
80 34 152
80 35 201
80 36 274
80 37 105
80 38 100
80 39 52
80 40 83
80 41 243
80 42 227
80 43 129
80 44 245
80 45 206
80 46 277
80 47 124
80 48 147
80 49 157
80 50 209
80 51 67
80 52 97
80 53 196
80 54 76
80 55 80
80 56 37
80 57 47
80 58 30
80 59 279
80 60 216
80 61 60
80 62 244
80 63 298
80 64 48
80 65 298
80 66 85
80 67 184
80 68 202
80 69 278
80 70 172
80 71 73
80 72 133
80 73 65
80 74 233
80 75 276
80 76 257
80 77 240
80 78 56
80 79 79
80 81 147
80 82 149
80 83 273
80 84 61
80 85 84
80 86 190
80 87 170
80 88 49
80 89 221
80 90 285
80 91 39
80 92 127
80 93 246
80 94 291
80 95 277
80 96 134
80 97 280
80 98 171
80 99 156
81 1 145
81 2 53
81 3 246
81 4 208
81 5 248
81 6 298
81 7 282
81 8 30
81 9 278
81 10 182
81 11 56
81 12 65
81 13 102
81 14 197
81 15 146
81 16 38
81 17 209
81 18 199
81 19 176
81 20 173
81 21 223
81 22 283
81 23 125
81 24 131
81 25 231
81 26 64
81 27 194
81 28 58
81 29 69
81 30 268
81 31 245
81 32 114
81 33 269
81 34 200
81 35 141
81 36 160
81 37 70
81 38 136
81 39 199
81 40 33
81 41 149
81 42 195
81 43 38
81 44 289
81 45 282
81 46 284
81 47 75
81 48 95
81 49 279
81 50 290
81 51 117
81 52 65
81 53 87
81 54 163
81 55 181
81 56 59
81 57 32
81 58 189
81 59 117
81 60 44
81 61 160
81 62 59
81 63 272
81 64 57
81 65 233
81 66 281
81 67 209
81 68 64
81 69 175
81 70 63
81 71 69
81 72 216
81 73 182
81 74 81
81 75 101
81 76 43
81 77 65
81 78 121
81 79 185
81 80 147
81 82 139
81 83 112
81 84 66
81 85 187
81 86 148
81 87 272
81 88 243
81 89 249
81 90 207
81 91 49
81 92 281
81 93 67
81 94 233
81 95 177
81 96 281
81 97 87
81 98 257
81 99 184
82 1 105
82 2 219
82 3 201
82 4 295
82 5 263
82 6 232
82 7 98
82 8 238
82 9 255
82 10 251
82 11 60
82 12 142
82 13 212
82 14 81
82 15 259
82 16 128
82 17 158
82 18 274
82 19 162
82 20 242
82 21 146
82 22 198
82 23 112
82 24 30
82 25 196
82 26 231
82 27 51
82 28 211
82 29 226
82 30 294
82 31 32
82 32 87
82 33 282
82 34 285
82 35 99
82 36 224
82 37 207
82 38 217
82 39 97
82 40 282
82 41 271
82 42 235
82 43 72
82 44 143
82 45 195
82 46 192
82 47 297
82 48 119
82 49 78
82 50 201
82 51 224
82 52 79
82 53 139
82 54 44
82 55 77
82 56 150
82 57 62
82 58 106
82 59 80
82 60 72
82 61 242
82 62 207
82 63 282
82 64 251
82 65 216
82 66 227
82 67 134
82 68 122
82 69 52
82 70 67
82 71 73
82 72 40
82 73 54
82 74 103
82 75 238
82 76 239
82 77 205
82 78 131
82 79 88
82 80 149
82 81 139
82 83 187
82 84 291
82 85 246
82 86 228
82 87 226
82 88 132
82 89 209
82 90 215
82 91 164
82 92 101
82 93 34
82 94 202
82 95 131
82 96 193
82 97 43
82 98 181
82 99 171
83 1 135
83 2 152
83 3 91
83 4 141
83 5 131
83 6 167
83 7 268
83 8 155
83 9 89
83 10 213
83 11 68
83 12 98
83 13 249
83 14 262
83 15 40
83 16 298
83 17 259
83 18 64
83 19 283
83 20 163
83 21 177
83 22 190
83 23 216
83 24 106
83 25 194
83 26 85
83 27 138
83 28 109
83 29 251
83 30 42
83 31 243
83 32 108
83 33 253
83 34 32
83 35 158
83 36 189
83 37 113
83 38 208
83 39 170
83 40 211
83 41 68
83 42 201
83 43 275
83 44 163
83 45 116
83 46 193
83 47 128
83 48 64
83 49 237
83 50 144
83 51 265
83 52 76
83 53 52
83 54 124
83 55 219
83 56 228
83 57 251
83 58 170
83 59 274
83 60 262
83 61 47
83 62 63
83 63 165
83 64 221
83 65 236
83 66 145
83 67 260
83 68 209
83 69 153
83 70 51
83 71 55
83 72 298
83 73 274
83 74 291
83 75 38
83 76 53
83 77 274
83 78 56
83 79 216
83 80 273
83 81 112
83 82 187
83 84 104
83 85 38
83 86 106
83 87 101
83 88 228
83 89 282
83 90 147
83 91 103
83 92 213
83 93 201
83 94 171
83 95 173
83 96 296
83 97 233
83 98 267
83 99 291
84 1 196
84 2 249
84 3 193
84 4 73
84 5 66
84 6 86
84 7 162
84 8 217
84 9 129
84 10 101
84 11 298
84 12 252
84 13 237
84 14 120
84 15 231
84 16 91
84 17 291
84 18 266
84 19 137
84 20 178
84 21 39
84 22 180
84 23 59
84 24 176
84 25 115
84 26 34
84 27 198
84 28 243
84 29 206
84 30 293
84 31 203
84 32 120
84 33 288
84 34 122
84 35 157
84 36 278
84 37 152
84 38 218
84 39 174
84 40 95
84 41 269
84 42 174
84 43 174
84 44 132
84 45 263
84 46 187
84 47 153
84 48 33
84 49 223
84 50 222
84 51 208
84 52 89
84 53 52
84 54 104
84 55 30
84 56 278
84 57 164
84 58 48
84 59 85
84 60 115
84 61 195
84 62 233
84 63 33
84 64 82
84 65 97
84 66 84
84 67 86
84 68 134
84 69 198
84 70 211
84 71 257
84 72 76
84 73 291
84 74 170
84 75 290
84 76 146
84 77 223
84 78 103
84 79 107
84 80 61
84 81 66
84 82 291
84 83 104
84 85 212
84 86 101
84 87 271
84 88 190
84 89 52
84 90 263
84 91 84
84 92 31
84 93 280
84 94 68
84 95 295
84 96 159
84 97 139
84 98 238
84 99 162
85 1 68
85 2 198
85 3 79
85 4 263
85 5 95
85 6 214
85 7 110
85 8 146
85 9 138
85 10 61
85 11 87
85 12 99
85 13 229
85 14 117
85 15 77
85 16 286
85 17 111
85 18 114
85 19 231
85 20 244
85 21 216
85 22 68
85 23 74
85 24 125
85 25 246
85 26 107
85 27 142
85 28 263
85 29 236
85 30 222
85 31 247
85 32 240
85 33 236
85 34 88
85 35 78
85 36 30
85 37 279
85 38 78
85 39 45
85 40 217
85 41 293
85 42 71
85 43 47
85 44 231
85 45 59
85 46 100
85 47 215
85 48 78
85 49 74
85 50 118
85 51 243
85 52 263
85 53 153
85 54 32
85 55 92
85 56 40
85 57 218
85 58 272
85 59 30
85 60 119
85 61 123
85 62 63
85 63 186
85 64 234
85 65 142
85 66 259
85 67 149
85 68 37
85 69 297
85 70 37
85 71 61
85 72 161
85 73 256
85 74 177
85 75 172
85 76 246
85 77 266
85 78 161
85 79 273
85 80 84
85 81 187
85 82 246
85 83 38
85 84 212
85 86 229
85 87 80
85 88 61
85 89 40
85 90 76
85 91 174
85 92 257
85 93 195
85 94 242
85 95 140
85 96 109
85 97 149
85 98 168
85 99 37
86 1 33
86 2 122
86 3 148
86 4 54
86 5 41
86 6 78
86 7 76
86 8 162
86 9 197
86 10 105
86 11 143
86 12 114
86 13 66
86 14 71
86 15 89
86 16 277
86 17 59
86 18 63
86 19 259
86 20 205
86 21 94
86 22 34
86 23 235
86 24 123
86 25 279
86 26 221
86 27 102
86 28 202
86 29 134
86 30 200
86 31 135
86 32 254
86 33 166
86 34 258
86 35 135
86 36 176
86 37 270
86 38 129
86 39 226
86 40 31
86 41 125
86 42 258
86 43 264
86 44 238
86 45 145
86 46 230
86 47 68
86 48 77
86 49 197
86 50 284
86 51 170
86 52 138
86 53 229
86 54 128
86 55 112
86 56 103
86 57 51
86 58 155
86 59 158
86 60 260
86 61 260
86 62 283
86 63 151
86 64 215
86 65 181
86 66 152
86 67 247
86 68 53
86 69 71
86 70 213
86 71 108
86 72 250
86 73 265
86 74 214
86 75 148
86 76 76
86 77 297
86 78 76
86 79 90
86 80 190
86 81 148
86 82 228
86 83 106
86 84 101
86 85 229
86 87 273
86 88 42
86 89 281
86 90 215
86 91 141
86 92 89
86 93 56
86 94 146
86 95 120
86 96 177
86 97 77
86 98 42
86 99 123
87 1 35
87 2 52
87 3 128
87 4 176
87 5 79
87 6 230
87 7 221
87 8 275
87 9 59
87 10 178
87 11 248
87 12 45
87 13 263
87 14 59
87 15 33
87 16 30
87 17 292
87 18 75
87 19 274
87 20 149
87 21 129
87 22 198
87 23 131
87 24 102
87 25 134
87 26 285
87 27 131
87 28 113
87 29 237
87 30 31
87 31 250
87 32 172
87 33 263
87 34 192
87 35 281
87 36 149
87 37 64
87 38 120
87 39 46
87 40 162
87 41 195
87 42 277
87 43 70
87 44 129
87 45 76
87 46 204
87 47 185
87 48 35
87 49 74
87 50 41
87 51 59
87 52 151
87 53 65
87 54 161
87 55 36
87 56 283
87 57 226
87 58 68
87 59 177
87 60 282
87 61 215
87 62 247
87 63 284
87 64 229
87 65 260
87 66 184
87 67 214
87 68 247
87 69 126
87 70 124
87 71 261
87 72 162
87 73 68
87 74 207
87 75 189
87 76 185
87 77 62
87 78 35
87 79 160
87 80 170
87 81 272
87 82 226
87 83 101
87 84 271
87 85 80
87 86 273
87 88 186
87 89 244
87 90 47
87 91 56
87 92 109
87 93 171
87 94 62
87 95 253
87 96 181
87 97 32
87 98 215
87 99 211
88 1 258
88 2 104
88 3 217
88 4 167
88 5 100
88 6 219
88 7 295
88 8 273
88 9 141
88 10 60
88 11 174
88 12 138
88 13 78
88 14 155
88 15 108
88 16 250
88 17 269
88 18 266
88 19 172
88 20 128
88 21 260
88 22 268
88 23 282
88 24 154
88 25 178
88 26 231
88 27 272
88 28 197
88 29 229
88 30 69
88 31 164
88 32 195
88 33 158
88 34 104
88 35 150
88 36 244
88 37 269
88 38 191
88 39 171
88 40 108
88 41 206
88 42 43
88 43 286
88 44 273
88 45 83
88 46 103
88 47 291
88 48 33
88 49 92
88 50 237
88 51 221
88 52 145
88 53 191
88 54 58
88 55 130
88 56 47
88 57 145
88 58 136
88 59 182
88 60 102
88 61 215
88 62 101
88 63 250
88 64 62
88 65 46
88 66 270
88 67 187
88 68 164
88 69 289
88 70 32
88 71 141
88 72 79
88 73 150
88 74 213
88 75 293
88 76 48
88 77 63
88 78 59
88 79 80
88 80 49
88 81 243
88 82 132
88 83 228
88 84 190
88 85 61
88 86 42
88 87 186
88 89 40
88 90 129
88 91 251
88 92 68
88 93 146
88 94 259
88 95 117
88 96 198
88 97 223
88 98 218
88 99 295
89 1 264
89 2 104
89 3 293
89 4 256
89 5 224
89 6 133
89 7 121
89 8 234
89 9 275
89 10 108
89 11 251
89 12 105
89 13 296
89 14 265
89 15 52
89 16 206
89 17 254
89 18 288
89 19 283
89 20 103
89 21 44
89 22 285
89 23 166
89 24 79
89 25 34
89 26 286
89 27 263
89 28 161
89 29 128
89 30 225
89 31 113
89 32 234
89 33 97
89 34 57
89 35 292
89 36 264
89 37 162
89 38 192
89 39 120
89 40 281
89 41 71
89 42 287
89 43 211
89 44 60
89 45 156
89 46 242
89 47 75
89 48 90
89 49 100
89 50 211
89 51 296
89 52 260
89 53 46
89 54 243
89 55 73
89 56 49
89 57 179
89 58 101
89 59 206
89 60 32
89 61 265
89 62 225
89 63 240
89 64 42
89 65 205
89 66 173
89 67 251
89 68 211
89 69 262
89 70 167
89 71 202
89 72 35
89 73 114
89 74 48
89 75 223
89 76 90
89 77 124
89 78 272
89 79 130
89 80 221
89 81 249
89 82 209
89 83 282
89 84 52
89 85 40
89 86 281
89 87 244
89 88 40
89 90 279
89 91 116
89 92 179
89 93 160
89 94 102
89 95 185
89 96 55
89 97 225
89 98 118
89 99 225
90 1 219
90 2 34
90 3 237
90 4 32
90 5 61
90 6 192
90 7 235
90 8 203
90 9 43
90 10 35
90 11 210
90 12 262
90 13 39
90 14 252
90 15 126
90 16 117
90 17 293
90 18 284
90 19 177
90 20 157
90 21 233
90 22 262
90 23 118
90 24 128
90 25 37
90 26 284
90 27 257
90 28 211
90 29 99
90 30 295
90 31 92
90 32 32
90 33 278
90 34 157
90 35 37
90 36 178
90 37 179
90 38 77
90 39 50
90 40 37
90 41 50
90 42 217
90 43 148
90 44 109
90 45 186
90 46 225
90 47 281
90 48 202
90 49 38
90 50 56
90 51 187
90 52 174
90 53 185
90 54 287
90 55 267
90 56 135
90 57 73
90 58 126
90 59 159
90 60 116
90 61 261
90 62 138
90 63 67
90 64 100
90 65 31
90 66 210
90 67 200
90 68 276
90 69 203
90 70 80
90 71 278
90 72 80
90 73 37
90 74 35
90 75 128
90 76 31
90 77 279
90 78 261
90 79 277
90 80 285
90 81 207
90 82 215
90 83 147
90 84 263
90 85 76
90 86 215
90 87 47
90 88 129
90 89 279
90 91 294
90 92 247
90 93 72
90 94 113
90 95 45
90 96 195
90 97 106
90 98 92
90 99 167
91 1 83
91 2 78
91 3 189
91 4 109
91 5 107
91 6 276
91 7 81
91 8 260
91 9 189
91 10 38
91 11 226
91 12 270
91 13 176
91 14 252
91 15 173
91 16 276
91 17 195
91 18 124
91 19 156
91 20 263
91 21 249
91 22 38
91 23 92
91 24 61
91 25 76
91 26 66
91 27 287
91 28 246
91 29 157
91 30 292
91 31 68
91 32 264
91 33 262
91 34 156
91 35 159
91 36 104
91 37 46
91 38 160
91 39 202
91 40 220
91 41 233
91 42 142
91 43 196
91 44 221
91 45 55
91 46 115
91 47 85
91 48 140
91 49 272
91 50 247
91 51 105
91 52 161
91 53 212
91 54 158
91 55 66
91 56 100
91 57 188
91 58 209
91 59 248
91 60 110
91 61 272
91 62 106
91 63 153
91 64 47
91 65 156
91 66 296
91 67 174
91 68 54
91 69 54
91 70 237
91 71 62
91 72 54
91 73 143
91 74 227
91 75 222
91 76 253
91 77 153
91 78 263
91 79 82
91 80 39
91 81 49
91 82 164
91 83 103
91 84 84
91 85 174
91 86 141
91 87 56
91 88 251
91 89 116
91 90 294
91 92 159
91 93 163
91 94 113
91 95 170
91 96 224
91 97 209
91 98 223
91 99 108
92 1 162
92 2 169
92 3 107
92 4 69
92 5 214
92 6 293
92 7 260
92 8 188
92 9 250
92 10 293
92 11 247
92 12 86
92 13 219
92 14 95
92 15 288
92 16 117
92 17 162
92 18 211
92 19 194
92 20 42
92 21 213
92 22 288
92 23 286
92 24 245
92 25 159
92 26 189
92 27 83
92 28 114
92 29 36
92 30 143
92 31 203
92 32 127
92 33 179
92 34 108
92 35 257
92 36 126
92 37 87
92 38 79
92 39 67
92 40 273
92 41 81
92 42 174
92 43 33
92 44 139
92 45 63
92 46 202
92 47 236
92 48 139
92 49 78
92 50 171
92 51 48
92 52 259
92 53 300
92 54 154
92 55 156
92 56 53
92 57 160
92 58 109
92 59 140
92 60 71
92 61 158
92 62 285
92 63 82
92 64 196
92 65 99
92 66 151
92 67 243
92 68 229
92 69 128
92 70 45
92 71 151
92 72 166
92 73 60
92 74 77
92 75 57
92 76 64
92 77 159
92 78 111
92 79 284
92 80 127
92 81 281
92 82 101
92 83 213
92 84 31
92 85 257
92 86 89
92 87 109
92 88 68
92 89 179
92 90 247
92 91 159
92 93 211
92 94 211
92 95 190
92 96 36
92 97 53
92 98 293
92 99 158
93 1 179
93 2 243
93 3 79
93 4 78
93 5 159
93 6 175
93 7 48
93 8 275
93 9 36
93 10 230
93 11 273
93 12 257
93 13 81
93 14 285
93 15 90
93 16 295
93 17 285
93 18 148
93 19 280
93 20 229
93 21 298
93 22 232
93 23 224
93 24 232
93 25 186
93 26 256
93 27 133
93 28 235
93 29 181
93 30 237
93 31 211
93 32 190
93 33 139
93 34 261
93 35 226
93 36 168
93 37 102
93 38 257
93 39 163
93 40 140
93 41 101
93 42 265
93 43 45
93 44 42
93 45 200
93 46 232
93 47 296
93 48 200
93 49 38
93 50 293
93 51 290
93 52 260
93 53 97
93 54 87
93 55 55
93 56 94
93 57 223
93 58 235
93 59 226
93 60 192
93 61 111
93 62 211
93 63 99
93 64 66
93 65 169
93 66 237
93 67 189
93 68 138
93 69 146
93 70 290
93 71 215
93 72 122
93 73 192
93 74 113
93 75 146
93 76 72
93 77 134
93 78 81
93 79 156
93 80 246
93 81 67
93 82 34
93 83 201
93 84 280
93 85 195
93 86 56
93 87 171
93 88 146
93 89 160
93 90 72
93 91 163
93 92 211
93 94 135
93 95 34
93 96 129
93 97 241
93 98 178
93 99 73
94 1 180
94 2 204
94 3 94
94 4 280
94 5 81
94 6 88
94 7 252
94 8 238
94 9 199
94 10 165
94 11 69
94 12 35
94 13 193
94 14 174
94 15 281
94 16 119
94 17 141
94 18 94
94 19 40
94 20 89
94 21 181
94 22 52
94 23 297
94 24 41
94 25 223
94 26 30
94 27 224
94 28 253
94 29 112
94 30 171
94 31 161
94 32 90
94 33 166
94 34 170
94 35 50
94 36 284
94 37 74
94 38 175
94 39 126
94 40 207
94 41 130
94 42 153
94 43 119
94 44 207
94 45 265
94 46 243
94 47 234
94 48 232
94 49 240
94 50 288
94 51 249
94 52 166
94 53 207
94 54 208
94 55 237
94 56 177
94 57 245
94 58 185
94 59 46
94 60 258
94 61 251
94 62 225
94 63 283
94 64 265
94 65 146
94 66 185
94 67 185
94 68 103
94 69 132
94 70 95
94 71 85
94 72 146
94 73 222
94 74 90
94 75 215
94 76 181
94 77 237
94 78 262
94 79 225
94 80 291
94 81 233
94 82 202
94 83 171
94 84 68
94 85 242
94 86 146
94 87 62
94 88 259
94 89 102
94 90 113
94 91 113
94 92 211
94 93 135
94 95 261
94 96 88
94 97 104
94 98 180
94 99 150
95 1 67
95 2 285
95 3 200
95 4 289
95 5 299
95 6 78
95 7 230
95 8 256
95 9 143
95 10 269
95 11 173
95 12 149
95 13 137
95 14 83
95 15 180
95 16 160
95 17 115
95 18 148
95 19 96
95 20 292
95 21 81
95 22 124
95 23 110
95 24 204
95 25 32
95 26 292
95 27 37
95 28 162
95 29 114
95 30 263
95 31 128
95 32 273
95 33 261
95 34 79
95 35 41
95 36 64
95 37 139
95 38 281
95 39 147
95 40 260
95 41 198
95 42 144
95 43 280
95 44 96
95 45 79
95 46 213
95 47 268
95 48 287
95 49 46
95 50 73
95 51 252
95 52 233
95 53 192
95 54 77
95 55 68
95 56 58
95 57 224
95 58 96
95 59 144
95 60 113
95 61 300
95 62 222
95 63 240
95 64 134
95 65 235
95 66 215
95 67 201
95 68 254
95 69 45
95 70 143
95 71 63
95 72 43
95 73 48
95 74 156
95 75 289
95 76 233
95 77 145
95 78 146
95 79 97
95 80 277
95 81 177
95 82 131
95 83 173
95 84 295
95 85 140
95 86 120
95 87 253
95 88 117
95 89 185
95 90 45
95 91 170
95 92 190
95 93 34
95 94 261
95 96 153
95 97 245
95 98 284
95 99 135
96 1 270
96 2 162
96 3 125
96 4 179
96 5 218
96 6 182
96 7 242
96 8 61
96 9 225
96 10 51
96 11 240
96 12 228
96 13 210
96 14 243
96 15 212
96 16 147
96 17 213
96 18 74
96 19 131
96 20 52
96 21 70
96 22 184
96 23 125
96 24 242
96 25 87
96 26 170
96 27 98
96 28 112
96 29 265
96 30 271
96 31 157
96 32 140
96 33 89
96 34 49
96 35 235
96 36 171
96 37 62
96 38 51
96 39 69
96 40 217
96 41 146
96 42 47
96 43 291
96 44 191
96 45 243
96 46 287
96 47 247
96 48 85
96 49 278
96 50 77
96 51 248
96 52 41
96 53 217
96 54 117
96 55 88
96 56 248
96 57 30
96 58 90
96 59 65
96 60 282
96 61 148
96 62 296
96 63 108
96 64 84
96 65 32
96 66 46
96 67 256
96 68 244
96 69 126
96 70 70
96 71 262
96 72 161
96 73 233
96 74 279
96 75 281
96 76 65
96 77 157
96 78 89
96 79 89
96 80 134
96 81 281
96 82 193
96 83 296
96 84 159
96 85 109
96 86 177
96 87 181
96 88 198
96 89 55
96 90 195
96 91 224
96 92 36
96 93 129
96 94 88
96 95 153
96 97 170
96 98 274
96 99 289
97 1 175
97 2 248
97 3 49
97 4 35
97 5 185
97 6 90
97 7 82
97 8 253
97 9 268
97 10 228
97 11 222
97 12 288
97 13 170
97 14 69
97 15 147
97 16 44
97 17 283
97 18 130
97 19 257
97 20 266
97 21 266
97 22 148
97 23 247
97 24 231
97 25 106
97 26 113
97 27 71
97 28 224
97 29 293
97 30 72
97 31 167
97 32 285
97 33 72
97 34 74
97 35 204
97 36 248
97 37 187
97 38 169
97 39 140
97 40 145
97 41 35
97 42 167
97 43 214
97 44 182
97 45 188
97 46 91
97 47 119
97 48 153
97 49 38
97 50 238
97 51 274
97 52 35
97 53 188
97 54 37
97 55 196
97 56 180
97 57 271
97 58 176
97 59 121
97 60 194
97 61 290
97 62 158
97 63 265
97 64 170
97 65 30
97 66 48
97 67 174
97 68 195
97 69 238
97 70 85
97 71 110
97 72 249
97 73 197
97 74 227
97 75 102
97 76 128
97 77 282
97 78 62
97 79 56
97 80 280
97 81 87
97 82 43
97 83 233
97 84 139
97 85 149
97 86 77
97 87 32
97 88 223
97 89 225
97 90 106
97 91 209
97 92 53
97 93 241
97 94 104
97 95 245
97 96 170
97 98 143
97 99 266
98 1 54
98 2 149
98 3 75
98 4 267
98 5 266
98 6 295
98 7 83
98 8 292
98 9 214
98 10 265
98 11 292
98 12 184
98 13 184
98 14 210
98 15 125
98 16 87
98 17 292
98 18 228
98 19 160
98 20 239
98 21 57
98 22 195
98 23 53
98 24 31
98 25 205
98 26 252
98 27 40
98 28 46
98 29 275
98 30 269
98 31 152
98 32 178
98 33 142
98 34 84
98 35 173
98 36 40
98 37 297
98 38 36
98 39 121
98 40 181
98 41 64
98 42 236
98 43 64
98 44 235
98 45 194
98 46 209
98 47 224
98 48 254
98 49 126
98 50 276
98 51 212
98 52 177
98 53 266
98 54 293
98 55 197
98 56 157
98 57 37
98 58 30
98 59 213
98 60 195
98 61 41
98 62 70
98 63 50
98 64 112
98 65 68
98 66 260
98 67 43
98 68 162
98 69 181
98 70 231
98 71 152
98 72 87
98 73 31
98 74 221
98 75 66
98 76 141
98 77 250
98 78 237
98 79 290
98 80 171
98 81 257
98 82 181
98 83 267
98 84 238
98 85 168
98 86 42
98 87 215
98 88 218
98 89 118
98 90 92
98 91 223
98 92 293
98 93 178
98 94 180
98 95 284
98 96 274
98 97 143
98 99 39
1 t 109
2 t 156
3 t 145
4 t 284
5 t 138
6 t 55
7 t 229
8 t 267
9 t 198
10 t 288
11 t 114
12 t 247
13 t 99
14 t 54
15 t 86
16 t 73
17 t 100
18 t 276
19 t 31
20 t 186
21 t 150
22 t 159
23 t 235
24 t 142
25 t 293
26 t 175
27 t 85
28 t 109
29 t 60
30 t 253
31 t 170
32 t 257
33 t 178
34 t 202
35 t 99
36 t 69
37 t 274
38 t 74
39 t 51
40 t 55
41 t 258
42 t 30
43 t 65
44 t 56
45 t 119
46 t 51
47 t 186
48 t 159
49 t 238
50 t 210
51 t 283
52 t 119
53 t 58
54 t 232
55 t 281
56 t 295
57 t 229
58 t 167
59 t 209
60 t 206
61 t 111
62 t 180
63 t 151
64 t 256
65 t 49
66 t 236
67 t 77
68 t 222
69 t 183
70 t 218
71 t 115
72 t 154
73 t 193
74 t 133
75 t 128
76 t 209
77 t 238
78 t 224
79 t 145
80 t 156
81 t 184
82 t 171
83 t 291
84 t 162
85 t 37
86 t 123
87 t 211
88 t 295
89 t 225
90 t 167
91 t 108
92 t 158
93 t 73
94 t 150
95 t 135
96 t 289
97 t 266
98 t 39
