s 1 270
s 2 209
s 3 168
s 4 199
s 5 99
s 6 156
s 7 36
s 8 257
s 9 181
s 10 209
s 11 39
s 12 222
s 13 58
s 14 167
s 15 217
s 16 281
s 17 159
s 18 199
s 19 82
s 20 46
s 21 266
s 22 149
s 23 36
s 24 144
s 25 140
s 26 97
s 27 260
s 28 196
s 29 265
s 30 50
s 31 265
s 32 143
s 33 71
s 34 269
s 35 42
s 36 135
s 37 155
s 38 52
s 39 46
s 40 173
s 41 45
s 42 229
s 43 149
s 44 224
s 45 38
s 46 42
s 47 168
s 48 206
s 49 97
s 50 187
s 51 43
s 52 264
s 53 235
s 54 299
s 55 168
s 56 281
s 57 164
s 58 203
s 59 145
s 60 172
s 61 38
s 62 161
s 63 172
s 64 41
s 65 249
s 66 49
s 67 63
s 68 111
s 69 275
s 70 67
s 71 285
s 72 294
s 73 89
s 74 222
s 75 80
s 76 162
s 77 296
s 78 185
s 79 149
s 80 61
s 81 176
s 82 140
s 83 69
s 84 54
s 85 204
s 86 47
s 87 300
s 88 273
s 89 279
s 90 37
s 91 52
s 92 194
s 93 225
s 94 183
s 95 282
s 96 145
s 97 265
s 98 167
s 99 272
1 2 103
1 3 128
1 4 99
1 5 164
1 6 287
1 7 274
1 8 159
1 9 277
1 10 249
1 11 74
1 12 193
1 13 196
1 14 285
1 15 200
1 16 106
1 17 270
1 18 175
1 19 137
1 20 161
1 21 40
1 22 110
1 23 148
1 24 56
1 25 99
1 26 131
1 27 137
1 28 85
1 29 200
1 30 61
1 31 97
1 32 35
1 33 108
1 34 133
1 35 78
1 36 290
1 37 166
1 38 160
1 39 132
1 40 170
1 41 32
1 42 119
1 43 76
1 44 92
1 45 160
1 46 170
1 47 166
1 48 82
1 49 89
1 50 82
1 51 187
1 52 58
1 53 251
1 54 49
1 55 162
1 56 145
1 57 141
1 58 36
1 59 120
1 60 162
1 61 78
1 62 31
1 63 145
1 64 281
1 65 46
1 66 235
1 67 61
1 68 224
1 69 107
1 70 101
1 71 277
1 72 43
1 73 48
1 74 261
1 75 134
1 76 225
1 77 165
1 78 231
1 79 82
1 80 170
1 81 284
1 82 65
1 83 265
1 84 96
1 85 237
1 86 34
1 87 233
1 88 268
1 89 171
1 90 190
1 91 156
1 92 153
1 93 45
1 94 280
1 95 43
1 96 271
1 97 30
1 98 201
1 99 291
2 1 103
2 3 90
2 4 276
2 5 284
2 6 79
2 7 199
2 8 124
2 9 83
2 10 62
2 11 193
2 12 250
2 13 74
2 14 283
2 15 84
2 16 135
2 17 99
2 18 223
2 19 207
2 20 32
2 21 52
2 22 205
2 23 174
2 24 176
2 25 288
2 26 223
2 27 95
2 28 163
2 29 59
2 30 98
2 31 260
2 32 155
2 33 158
2 34 169
2 35 49
2 36 62
2 37 87
2 38 140
2 39 91
2 40 56
2 41 107
2 42 152
2 43 130
2 44 99
2 45 290
2 46 164
2 47 211
2 48 162
2 49 290
2 50 256
2 51 177
2 52 295
2 53 76
2 54 32
2 55 174
2 56 78
2 57 103
2 58 71
2 59 108
2 60 210
2 61 62
2 62 135
2 63 259
2 64 217
2 65 197
2 66 215
2 67 267
2 68 264
2 69 122
2 70 47
2 71 99
2 72 279
2 73 92
2 74 141
2 75 187
2 76 132
2 77 81
2 78 283
2 79 73
2 80 161
2 81 37
2 82 46
2 83 66
2 84 180
2 85 187
2 86 297
2 87 197
2 88 42
2 89 61
2 90 111
2 91 132
2 92 245
2 93 281
2 94 298
2 95 253
2 96 90
2 97 197
2 98 254
2 99 248
3 1 128
3 2 90
3 4 215
3 5 82
3 6 280
3 7 224
3 8 67
3 9 231
3 10 228
3 11 83
3 12 261
3 13 106
3 14 197
3 15 57
3 16 254
3 17 119
3 18 299
3 19 244
3 20 264
3 21 144
3 22 213
3 23 162
3 24 222
3 25 173
3 26 120
3 27 131
3 28 165
3 29 114
3 30 226
3 31 272
3 32 181
3 33 118
3 34 296
3 35 64
3 36 135
3 37 177
3 38 164
3 39 154
3 40 46
3 41 207
3 42 104
3 43 48
3 44 91
3 45 184
3 46 48
3 47 219
3 48 202
3 49 237
3 50 33
3 51 284
3 52 93
3 53 143
3 54 131
3 55 245
3 56 37
3 57 224
3 58 70
3 59 100
3 60 238
3 61 78
3 62 221
3 63 182
3 64 200
3 65 166
3 66 110
3 67 185
3 68 263
3 69 142
3 70 43
3 71 177
3 72 62
3 73 172
3 74 62
3 75 30
3 76 251
3 77 256
3 78 40
3 79 255
3 80 257
3 81 257
3 82 257
3 83 278
3 84 104
3 85 284
3 86 103
3 87 85
3 88 100
3 89 288
3 90 165
3 91 142
3 92 48
3 93 235
3 94 191
3 95 37
3 96 202
3 97 254
3 98 277
3 99 42
4 1 99
4 2 276
4 3 215
4 5 60
4 6 234
4 7 108
4 8 84
4 9 70
4 10 300
4 11 147
4 12 185
4 13 224
4 14 243
4 15 216
4 16 173
4 17 127
4 18 269
4 19 137
4 20 126
4 21 219
4 22 254
4 23 74
4 24 95
4 25 34
4 26 290
4 27 220
4 28 274
4 29 31
4 30 258
4 31 226
4 32 99
4 33 43
4 34 263
4 35 165
4 36 116
4 37 32
4 38 98
4 39 300
4 40 61
4 41 150
4 42 120
4 43 177
4 44 298
4 45 112
4 46 271
4 47 33
4 48 32
4 49 104
4 50 156
4 51 178
4 52 284
4 53 41
4 54 270
4 55 224
4 56 211
4 57 36
4 58 243
4 59 205
4 60 211
4 61 107
4 62 296
4 63 120
4 64 138
4 65 195
4 66 142
4 67 78
4 68 128
4 69 74
4 70 60
4 71 300
4 72 80
4 73 162
4 74 50
4 75 112
4 76 222
4 77 229
4 78 271
4 79 276
4 80 217
4 81 143
4 82 76
4 83 229
4 84 290
4 85 261
4 86 232
4 87 152
4 88 178
4 89 292
4 90 74
4 91 42
4 92 99
4 93 150
4 94 171
4 95 293
4 96 275
4 97 136
4 98 119
4 99 295
5 1 164
5 2 284
5 3 82
5 4 60
5 6 165
5 7 35
5 8 70
5 9 277
5 10 252
5 11 60
5 12 220
5 13 75
5 14 155
5 15 83
5 16 217
5 17 226
5 18 170
5 19 32
5 20 62
5 21 218
5 22 268
5 23 139
5 24 69
5 25 286
5 26 259
5 27 39
5 28 177
5 29 105
5 30 177
5 31 82
5 32 280
5 33 279
5 34 193
5 35 70
5 36 198
5 37 156
5 38 269
5 39 108
5 40 66
5 41 46
5 42 35
5 43 137
5 44 63
5 45 205
5 46 205
5 47 92
5 48 203
5 49 47
5 50 162
5 51 77
5 52 262
5 53 291
5 54 131
5 55 266
5 56 233
5 57 267
5 58 152
5 59 116
5 60 33
5 61 300
5 62 106
5 63 109
5 64 114
5 65 207
5 66 85
5 67 226
5 68 56
5 69 73
5 70 102
5 71 292
5 72 245
5 73 82
5 74 295
5 75 64
5 76 73
5 77 89
5 78 262
5 79 46
5 80 216
5 81 262
5 82 43
5 83 271
5 84 45
5 85 265
5 86 214
5 87 154
5 88 139
5 89 33
5 90 296
5 91 273
5 92 148
5 93 255
5 94 130
5 95 239
5 96 214
5 97 276
5 98 204
5 99 110
6 1 287
6 2 79
6 3 280
6 4 234
6 5 165
6 7 200
6 8 179
6 9 283
6 10 113
6 11 201
6 12 95
6 13 121
6 14 65
6 15 177
6 16 95
6 17 120
6 18 104
6 19 300
6 20 231
6 21 79
6 22 31
6 23 274
6 24 141
6 25 279
6 26 126
6 27 256
6 28 276
6 29 39
6 30 205
6 31 254
6 32 91
6 33 174
6 34 83
6 35 186
6 36 263
6 37 175
6 38 112
6 39 67
6 40 261
6 41 251
6 42 246
6 43 139
6 44 175
6 45 157
6 46 161
6 47 119
6 48 293
6 49 106
6 50 128
6 51 217
6 52 168
6 53 38
6 54 271
6 55 216
6 56 123
6 57 183
6 58 230
6 59 44
6 60 122
6 61 117
6 62 122
6 63 42
6 64 88
6 65 221
6 66 62
6 67 141
6 68 46
6 69 119
6 70 256
6 71 168
6 72 208
6 73 235
6 74 49
6 75 253
6 76 127
6 77 171
6 78 284
6 79 247
6 80 188
6 81 120
6 82 82
6 83 88
6 84 300
6 85 46
6 86 293
6 87 221
6 88 271
6 89 149
6 90 290
6 91 83
6 92 50
6 93 287
6 94 207
6 95 99
6 96 135
6 97 178
6 98 116
6 99 65
7 1 274
7 2 199
7 3 224
7 4 108
7 5 35
7 6 200
7 8 31
7 9 158
7 10 286
7 11 254
7 12 82
7 13 73
7 14 36
7 15 255
7 16 278
7 17 229
7 18 60
7 19 256
7 20 248
7 21 295
7 22 273
7 23 63
7 24 189
7 25 228
7 26 292
7 27 233
7 28 175
7 29 256
7 30 116
7 31 152
7 32 216
7 33 213
7 34 274
7 35 163
7 36 253
7 37 111
7 38 74
7 39 97
7 40 119
7 41 211
7 42 82
7 43 34
7 44 88
7 45 271
7 46 210
7 47 82
7 48 100
7 49 112
7 50 113
7 51 85
7 52 220
7 53 105
7 54 67
7 55 32
7 56 199
7 57 113
7 58 41
7 59 154
7 60 278
7 61 130
7 62 66
7 63 286
7 64 286
7 65 117
7 66 157
7 67 247
7 68 277
7 69 240
7 70 186
7 71 40
7 72 98
7 73 97
7 74 246
7 75 63
7 76 217
7 77 272
7 78 297
7 79 87
7 80 106
7 81 102
7 82 146
7 83 288
7 84 90
7 85 99
7 86 232
7 87 47
7 88 77
7 89 295
7 90 203
7 91 262
7 92 152
7 93 289
7 94 282
7 95 222
7 96 280
7 97 128
7 98 195
7 99 181
8 1 159
8 2 124
8 3 67
8 4 84
8 5 70
8 6 179
8 7 31
8 9 33
8 10 98
8 11 126
8 12 233
8 13 119
8 14 112
8 15 284
8 16 176
8 17 57
8 18 222
8 19 98
8 20 258
8 21 182
8 22 92
8 23 267
8 24 71
8 25 223
8 26 234
8 27 50
8 28 47
8 29 66
8 30 224
8 31 286
8 32 54
8 33 44
8 34 42
8 35 135
8 36 239
8 37 127
8 38 205
8 39 229
8 40 185
8 41 207
8 42 177
8 43 257
8 44 145
8 45 246
8 46 247
8 47 75
8 48 139
8 49 70
8 50 252
8 51 190
8 52 59
8 53 78
8 54 204
8 55 40
8 56 50
8 57 113
8 58 260
8 59 72
8 60 102
8 61 268
8 62 213
8 63 128
8 64 92
8 65 135
8 66 297
8 67 203
8 68 211
8 69 215
8 70 202
8 71 227
8 72 196
8 73 174
8 74 241
8 75 299
8 76 228
8 77 208
8 78 134
8 79 131
8 80 180
8 81 32
8 82 41
8 83 76
8 84 67
8 85 282
8 86 272
8 87 177
8 88 212
8 89 242
8 90 196
8 91 85
8 92 238
8 93 47
8 94 217
8 95 31
8 96 205
8 97 189
8 98 109
8 99 215
9 1 277
9 2 83
9 3 231
9 4 70
9 5 277
9 6 283
9 7 158
9 8 33
9 10 297
9 11 135
9 12 203
9 13 193
9 14 180
9 15 99
9 16 277
9 17 281
9 18 236
9 19 87
9 20 219
9 21 40
9 22 251
9 23 285
9 24 190
9 25 30
9 26 222
9 27 56
9 28 105
9 29 58
9 30 215
9 31 177
9 32 38
9 33 180
9 34 267
9 35 153
9 36 274
9 37 88
9 38 271
9 39 244
9 40 46
9 41 246
9 42 136
9 43 162
9 44 161
9 45 108
9 46 186
9 47 270
9 48 47
9 49 287
9 50 270
9 51 119
9 52 223
9 53 73
9 54 102
9 55 289
9 56 57
9 57 235
9 58 129
9 59 183
9 60 100
9 61 71
9 62 143
9 63 180
9 64 273
9 65 138
9 66 54
9 67 113
9 68 173
9 69 192
9 70 258
9 71 113
9 72 165
9 73 151
9 74 280
9 75 148
9 76 106
9 77 188
9 78 271
9 79 287
9 80 277
9 81 212
9 82 244
9 83 86
9 84 91
9 85 235
9 86 187
9 87 213
9 88 206
9 89 284
9 90 122
9 91 237
9 92 59
9 93 93
9 94 218
9 95 285
9 96 285
9 97 45
9 98 235
9 99 57
10 1 249
10 2 62
10 3 228
10 4 300
10 5 252
10 6 113
10 7 286
10 8 98
10 9 297
10 11 263
10 12 192
10 13 147
10 14 69
10 15 62
10 16 102
10 17 61
10 18 219
10 19 249
10 20 246
10 21 277
10 22 142
10 23 133
10 24 58
10 25 217
10 26 209
10 27 137
10 28 265
10 29 209
10 30 60
10 31 170
10 32 222
10 33 43
10 34 131
10 35 72
10 36 81
10 37 232
10 38 280
10 39 62
10 40 273
10 41 117
10 42 52
10 43 128
10 44 179
10 45 208
10 46 261
10 47 240
10 48 84
10 49 46
10 50 272
10 51 169
10 52 115
10 53 202
10 54 100
10 55 196
10 56 152
10 57 271
10 58 121
10 59 289
10 60 243
10 61 133
10 62 260
10 63 204
10 64 149
10 65 164
10 66 88
10 67 111
10 68 103
10 69 104
10 70 250
10 71 218
10 72 205
10 73 83
10 74 62
10 75 61
10 76 100
10 77 135
10 78 84
10 79 133
10 80 67
10 81 213
10 82 65
10 83 71
10 84 56
10 85 33
10 86 271
10 87 67
10 88 48
10 89 176
10 90 64
10 91 203
10 92 281
10 93 31
10 94 150
10 95 145
10 96 148
10 97 211
10 98 294
10 99 229
11 1 74
11 2 193
11 3 83
11 4 147
11 5 60
11 6 201
11 7 254
11 8 126
11 9 135
11 10 263
11 12 70
11 13 131
11 14 65
11 15 115
11 16 98
11 17 198
11 18 57
11 19 55
11 20 158
11 21 62
11 22 279
11 23 228
11 24 289
11 25 183
11 26 144
11 27 99
11 28 39
11 29 292
11 30 71
11 31 209
11 32 250
11 33 233
11 34 93
11 35 30
11 36 257
11 37 107
11 38 229
11 39 87
11 40 213
11 41 139
11 42 175
11 43 152
11 44 96
11 45 144
11 46 281
11 47 221
11 48 235
11 49 101
11 50 270
11 51 257
11 52 234
11 53 203
11 54 71
11 55 223
11 56 240
11 57 118
11 58 50
11 59 69
11 60 254
11 61 210
11 62 283
11 63 279
11 64 107
11 65 137
11 66 113
11 67 202
11 68 159
11 69 133
11 70 271
11 71 46
11 72 237
11 73 108
11 74 135
11 75 144
11 76 138
11 77 114
11 78 273
11 79 133
11 80 59
11 81 37
11 82 273
11 83 190
11 84 262
11 85 189
11 86 127
11 87 118
11 88 76
11 89 235
11 90 213
11 91 170
11 92 171
11 93 138
11 94 55
11 95 264
11 96 285
11 97 96
11 98 153
11 99 62
12 1 193
12 2 250
12 3 261
12 4 185
12 5 220
12 6 95
12 7 82
12 8 233
12 9 203
12 10 192
12 11 70
12 13 140
12 14 253
12 15 274
12 16 206
12 17 271
12 18 112
12 19 137
12 20 270
12 21 226
12 22 153
12 23 49
12 24 258
12 25 73
12 26 151
12 27 260
12 28 258
12 29 88
12 30 63
12 31 152
12 32 202
12 33 197
12 34 112
12 35 37
12 36 78
12 37 46
12 38 163
12 39 277
12 40 286
12 41 166
12 42 200
12 43 113
12 44 171
12 45 254
12 46 248
12 47 183
12 48 294
12 49 180
12 50 214
12 51 190
12 52 279
12 53 53
12 54 262
12 55 181
12 56 271
12 57 162
12 58 284
12 59 39
12 60 267
12 61 195
12 62 185
12 63 46
12 64 235
12 65 190
12 66 216
12 67 111
12 68 50
12 69 111
12 70 115
12 71 101
12 72 293
12 73 229
12 74 169
12 75 238
12 76 282
12 77 254
12 78 103
12 79 257
12 80 256
12 81 181
12 82 183
12 83 71
12 84 273
12 85 109
12 86 89
12 87 200
12 88 156
12 89 30
12 90 198
12 91 147
12 92 193
12 93 78
12 94 112
12 95 99
12 96 180
12 97 178
12 98 241
12 99 288
13 1 196
13 2 74
13 3 106
13 4 224
13 5 75
13 6 121
13 7 73
13 8 119
13 9 193
13 10 147
13 11 131
13 12 140
13 14 34
13 15 77
13 16 229
13 17 263
13 18 127
13 19 119
13 20 266
13 21 38
13 22 84
13 23 155
13 24 172
13 25 299
13 26 223
13 27 210
13 28 209
13 29 235
13 30 63
13 31 121
13 32 210
13 33 179
13 34 128
13 35 217
13 36 46
13 37 81
13 38 259
13 39 130
13 40 45
13 41 215
13 42 32
13 43 159
13 44 132
13 45 278
13 46 102
13 47 42
13 48 187
13 49 175
13 50 125
13 51 286
13 52 98
13 53 41
13 54 209
13 55 289
13 56 224
13 57 118
13 58 151
13 59 206
13 60 39
13 61 225
13 62 243
13 63 184
13 64 257
13 65 295
13 66 294
13 67 238
13 68 184
13 69 277
13 70 283
13 71 133
13 72 146
13 73 261
13 74 142
13 75 73
13 76 62
13 77 190
13 78 217
13 79 129
13 80 185
13 81 92
13 82 124
13 83 72
13 84 81
13 85 183
13 86 48
13 87 48
13 88 298
13 89 256
13 90 97
13 91 273
13 92 212
13 93 208
13 94 128
13 95 193
13 96 40
13 97 161
13 98 175
13 99 163
14 1 285
14 2 283
14 3 197
14 4 243
14 5 155
14 6 65
14 7 36
14 8 112
14 9 180
14 10 69
14 11 65
14 12 253
14 13 34
14 15 290
14 16 90
14 17 175
14 18 165
14 19 187
14 20 103
14 21 289
14 22 292
14 23 45
14 24 107
14 25 131
14 26 65
14 27 192
14 28 234
14 29 185
14 30 105
14 31 205
14 32 160
14 33 170
14 34 84
14 35 289
14 36 283
14 37 101
14 38 159
14 39 184
14 40 83
14 41 234
14 42 277
14 43 103
14 44 290
14 45 295
14 46 101
14 47 63
14 48 205
14 49 106
14 50 70
14 51 70
14 52 158
14 53 108
14 54 133
14 55 284
14 56 239
14 57 50
14 58 78
14 59 208
14 60 246
14 61 158
14 62 73
14 63 123
14 64 139
14 65 269
14 66 236
14 67 211
14 68 135
14 69 140
14 70 196
14 71 105
14 72 80
14 73 99
14 74 263
14 75 194
14 76 87
14 77 109
14 78 98
14 79 44
14 80 241
14 81 164
14 82 42
14 83 33
14 84 234
14 85 293
14 86 52
14 87 89
14 88 225
14 89 299
14 90 47
14 91 95
14 92 130
14 93 290
14 94 189
14 95 173
14 96 133
14 97 265
14 98 144
14 99 83
15 1 200
15 2 84
15 3 57
15 4 216
15 5 83
15 6 177
15 7 255
15 8 284
15 9 99
15 10 62
15 11 115
15 12 274
15 13 77
15 14 290
15 16 198
15 17 59
15 18 244
15 19 287
15 20 256
15 21 215
15 22 283
15 23 115
15 24 137
15 25 53
15 26 222
15 27 292
15 28 171
15 29 145
15 30 179
15 31 144
15 32 293
15 33 49
15 34 47
15 35 123
15 36 72
15 37 123
15 38 254
15 39 207
15 40 198
15 41 262
15 42 73
15 43 134
15 44 266
15 45 251
15 46 30
15 47 91
15 48 187
15 49 55
15 50 180
15 51 296
15 52 181
15 53 36
15 54 214
15 55 157
15 56 87
15 57 265
15 58 284
15 59 300
15 60 286
15 61 291
15 62 140
15 63 75
15 64 255
15 65 270
15 66 38
15 67 90
15 68 221
15 69 126
15 70 200
15 71 229
15 72 73
15 73 34
15 74 257
15 75 227
15 76 190
15 77 104
15 78 199
15 79 179
15 80 159
15 81 135
15 82 75
15 83 212
15 84 274
15 85 168
15 86 32
15 87 195
15 88 142
15 89 175
15 90 242
15 91 103
15 92 118
15 93 224
15 94 252
15 95 107
15 96 296
15 97 198
15 98 298
15 99 119
16 1 106
16 2 135
16 3 254
16 4 173
16 5 217
16 6 95
16 7 278
16 8 176
16 9 277
16 10 102
16 11 98
16 12 206
16 13 229
16 14 90
16 15 198
16 17 274
16 18 266
16 19 250
16 20 265
16 21 145
16 22 230
16 23 165
16 24 283
16 25 88
16 26 32
16 27 41
16 28 234
16 29 269
16 30 64
16 31 49
16 32 84
16 33 32
16 34 79
16 35 124
16 36 234
16 37 281
16 38 286
16 39 123
16 40 234
16 41 270
16 42 259
16 43 223
16 44 121
16 45 107
16 46 278
16 47 123
16 48 169
16 49 158
16 50 263
16 51 256
16 52 265
16 53 279
16 54 257
16 55 177
16 56 224
16 57 94
16 58 43
16 59 282
16 60 127
16 61 215
16 62 88
16 63 157
16 64 246
16 65 100
16 66 200
16 67 70
16 68 52
16 69 38
16 70 228
16 71 131
16 72 136
16 73 145
16 74 288
16 75 78
16 76 276
16 77 182
16 78 276
16 79 270
16 80 205
16 81 287
16 82 237
16 83 218
16 84 216
16 85 132
16 86 283
16 87 258
16 88 159
16 89 124
16 90 232
16 91 164
16 92 135
16 93 241
16 94 66
16 95 91
16 96 166
16 97 72
16 98 196
16 99 275
17 1 270
17 2 99
17 3 119
17 4 127
17 5 226
17 6 120
17 7 229
17 8 57
17 9 281
17 10 61
17 11 198
17 12 271
17 13 263
17 14 175
17 15 59
17 16 274
17 18 294
17 19 221
17 20 273
17 21 90
17 22 86
17 23 202
17 24 116
17 25 207
17 26 213
17 27 92
17 28 282
17 29 47
17 30 179
17 31 238
17 32 174
17 33 145
17 34 42
17 35 172
17 36 213
17 37 188
17 38 83
17 39 64
17 40 163
17 41 85
17 42 224
17 43 276
17 44 79
17 45 163
17 46 168
17 47 151
17 48 113
17 49 215
17 50 225
17 51 165
17 52 67
17 53 287
17 54 172
17 55 279
17 56 125
17 57 242
17 58 33
17 59 156
17 60 83
17 61 109
17 62 297
17 63 209
17 64 244
17 65 256
17 66 273
17 67 185
17 68 144
17 69 299
17 70 188
17 71 172
17 72 266
17 73 70
17 74 275
17 75 203
17 76 253
17 77 128
17 78 228
17 79 66
17 80 81
17 81 44
17 82 154
17 83 76
17 84 257
17 85 264
17 86 272
17 87 170
17 88 279
17 89 195
17 90 154
17 91 52
17 92 51
17 93 138
17 94 58
17 95 125
17 96 111
17 97 210
17 98 264
17 99 103
18 1 175
18 2 223
18 3 299
18 4 269
18 5 170
18 6 104
18 7 60
18 8 222
18 9 236
18 10 219
18 11 57
18 12 112
18 13 127
18 14 165
18 15 244
18 16 266
18 17 294
18 19 220
18 20 212
18 21 240
18 22 116
18 23 249
18 24 99
18 25 31
18 26 224
18 27 68
18 28 284
18 29 111
18 30 258
18 31 183
18 32 103
18 33 68
18 34 72
18 35 93
18 36 136
18 37 295
18 38 47
18 39 108
18 40 60
18 41 298
18 42 212
18 43 208
18 44 173
18 45 132
18 46 152
18 47 132
18 48 254
18 49 237
18 50 91
18 51 47
18 52 126
18 53 250
18 54 117
18 55 89
18 56 102
18 57 113
18 58 218
18 59 147
18 60 173
18 61 278
18 62 111
18 63 225
18 64 59
18 65 182
18 66 118
18 67 222
18 68 300
18 69 182
18 70 203
18 71 207
18 72 91
18 73 197
18 74 181
18 75 279
18 76 269
18 77 165
18 78 203
18 79 122
18 80 60
18 81 114
18 82 273
18 83 62
18 84 94
18 85 200
18 86 218
18 87 39
18 88 176
18 89 88
18 90 140
18 91 279
18 92 42
18 93 130
18 94 118
18 95 228
18 96 115
18 97 96
18 98 67
18 99 187
19 1 137
19 2 207
19 3 244
19 4 137
19 5 32
19 6 300
19 7 256
19 8 98
19 9 87
19 10 249
19 11 55
19 12 137
19 13 119
19 14 187
19 15 287
19 16 250
19 17 221
19 18 220
19 20 55
19 21 292
19 22 66
19 23 222
19 24 268
19 25 259
19 26 141
19 27 299
19 28 250
19 29 144
19 30 96
19 31 80
19 32 196
19 33 245
19 34 165
19 35 97
19 36 299
19 37 172
19 38 101
19 39 237
19 40 155
19 41 258
19 42 167
19 43 293
19 44 98
19 45 285
19 46 174
19 47 113
19 48 176
19 49 142
19 50 76
19 51 138
19 52 159
19 53 177
19 54 62
19 55 91
19 56 279
19 57 153
19 58 134
19 59 250
19 60 237
19 61 272
19 62 100
19 63 290
19 64 207
19 65 187
19 66 81
19 67 246
19 68 209
19 69 59
19 70 182
19 71 233
19 72 277
19 73 169
19 74 75
19 75 288
19 76 169
19 77 270
19 78 169
19 79 265
19 80 174
19 81 31
19 82 256
19 83 40
19 84 205
19 85 200
19 86 149
19 87 247
19 88 232
19 89 267
19 90 83
19 91 105
19 92 290
19 93 286
19 94 215
19 95 287
19 96 95
19 97 239
19 98 101
19 99 261
20 1 161
20 2 32
20 3 264
20 4 126
20 5 62
20 6 231
20 7 248
20 8 258
20 9 219
20 10 246
20 11 158
20 12 270
20 13 266
20 14 103
20 15 256
20 16 265
20 17 273
20 18 212
20 19 55
20 21 71
20 22 121
20 23 282
20 24 115
20 25 122
20 26 174
20 27 76
20 28 81
20 29 212
20 30 186
20 31 267
20 32 289
20 33 168
20 34 35
20 35 45
20 36 71
20 37 47
20 38 189
20 39 163
20 40 183
20 41 152
20 42 42
20 43 41
20 44 298
20 45 146
20 46 263
20 47 60
20 48 85
20 49 219
20 50 90
20 51 84
20 52 32
20 53 133
20 54 50
20 55 131
20 56 83
20 57 210
20 58 168
20 59 244
20 60 44
20 61 179
20 62 40
20 63 280
20 64 188
20 65 155
20 66 271
20 67 163
20 68 206
20 69 190
20 70 48
20 71 207
20 72 81
20 73 53
20 74 81
20 75 179
20 76 241
20 77 131
20 78 241
20 79 203
20 80 198
20 81 32
20 82 174
20 83 238
20 84 279
20 85 208
20 86 262
20 87 184
20 88 116
20 89 227
20 90 267
20 91 174
20 92 158
20 93 293
20 94 149
20 95 110
20 96 46
20 97 47
20 98 179
20 99 41
21 1 40
21 2 52
21 3 144
21 4 219
21 5 218
21 6 79
21 7 295
21 8 182
21 9 40
21 10 277
21 11 62
21 12 226
21 13 38
21 14 289
21 15 215
21 16 145
21 17 90
21 18 240
21 19 292
21 20 71
21 22 74
21 23 75
21 24 102
21 25 267
21 26 202
21 27 40
21 28 50
21 29 262
21 30 106
21 31 255
21 32 276
21 33 86
21 34 59
21 35 142
21 36 144
21 37 260
21 38 195
21 39 51
21 40 41
21 41 244
21 42 172
21 43 121
21 44 77
21 45 150
21 46 50
21 47 271
21 48 54
21 49 136
21 50 272
21 51 224
21 52 195
21 53 35
21 54 148
21 55 126
21 56 120
21 57 251
21 58 178
21 59 235
21 60 109
21 61 100
21 62 144
21 63 82
21 64 212
21 65 183
21 66 64
21 67 146
21 68 148
21 69 211
21 70 164
21 71 162
21 72 165
21 73 207
21 74 267
21 75 239
21 76 167
21 77 181
21 78 191
21 79 211
21 80 262
21 81 296
21 82 78
21 83 106
21 84 74
21 85 59
21 86 144
21 87 234
21 88 179
21 89 240
21 90 250
21 91 175
21 92 110
21 93 127
21 94 75
21 95 238
21 96 93
21 97 48
21 98 150
21 99 95
22 1 110
22 2 205
22 3 213
22 4 254
22 5 268
22 6 31
22 7 273
22 8 92
22 9 251
22 10 142
22 11 279
22 12 153
22 13 84
22 14 292
22 15 283
22 16 230
22 17 86
22 18 116
22 19 66
22 20 121
22 21 74
22 23 130
22 24 189
22 25 210
22 26 286
22 27 70
22 28 210
22 29 232
22 30 137
22 31 183
22 32 205
22 33 131
22 34 72
22 35 232
22 36 266
22 37 83
22 38 182
22 39 209
22 40 195
22 41 139
22 42 152
22 43 92
22 44 99
22 45 255
22 46 198
22 47 79
22 48 183
22 49 203
22 50 60
22 51 164
22 52 231
22 53 136
22 54 136
22 55 88
22 56 85
22 57 45
22 58 229
22 59 186
22 60 110
22 61 199
22 62 60
22 63 94
22 64 162
22 65 282
22 66 272
22 67 179
22 68 91
22 69 269
22 70 98
22 71 75
22 72 50
22 73 289
22 74 236
22 75 160
22 76 290
22 77 117
22 78 34
22 79 39
22 80 123
22 81 66
22 82 47
22 83 129
22 84 221
22 85 246
22 86 210
22 87 93
22 88 41
22 89 65
22 90 117
22 91 159
22 92 222
22 93 291
22 94 115
22 95 81
22 96 117
22 97 296
22 98 123
22 99 288
23 1 148
23 2 174
23 3 162
23 4 74
23 5 139
23 6 274
23 7 63
23 8 267
23 9 285
23 10 133
23 11 228
23 12 49
23 13 155
23 14 45
23 15 115
23 16 165
23 17 202
23 18 249
23 19 222
23 20 282
23 21 75
23 22 130
23 24 170
23 25 108
23 26 235
23 27 122
23 28 32
23 29 114
23 30 132
23 31 243
23 32 96
23 33 150
23 34 128
23 35 189
23 36 265
23 37 146
23 38 135
23 39 70
23 40 245
23 41 232
23 42 234
23 43 140
23 44 89
23 45 213
23 46 143
23 47 211
23 48 144
23 49 34
23 50 252
23 51 108
23 52 126
23 53 126
23 54 281
23 55 246
23 56 220
23 57 176
23 58 49
23 59 110
23 60 71
23 61 285
23 62 123
23 63 271
23 64 252
23 65 102
23 66 85
23 67 269
23 68 75
23 69 293
23 70 162
23 71 160
23 72 266
23 73 60
23 74 33
23 75 207
23 76 63
23 77 46
23 78 168
23 79 46
23 80 211
23 81 174
23 82 134
23 83 183
23 84 292
23 85 256
23 86 281
23 87 103
23 88 175
23 89 158
23 90 93
23 91 39
23 92 31
23 93 174
23 94 229
23 95 183
23 96 126
23 97 253
23 98 176
23 99 219
24 1 56
24 2 176
24 3 222
24 4 95
24 5 69
24 6 141
24 7 189
24 8 71
24 9 190
24 10 58
24 11 289
24 12 258
24 13 172
24 14 107
24 15 137
24 16 283
24 17 116
24 18 99
24 19 268
24 20 115
24 21 102
24 22 189
24 23 170
24 25 41
24 26 225
24 27 176
24 28 183
24 29 30
24 30 51
24 31 246
24 32 187
24 33 216
24 34 170
24 35 190
24 36 45
24 37 103
24 38 83
24 39 205
24 40 103
24 41 300
24 42 284
24 43 41
24 44 68
24 45 135
24 46 100
24 47 41
24 48 116
24 49 30
24 50 50
24 51 65
24 52 91
24 53 167
24 54 233
24 55 81
24 56 122
24 57 237
24 58 57
24 59 138
24 60 114
24 61 58
24 62 271
24 63 177
24 64 98
24 65 224
24 66 94
24 67 125
24 68 233
24 69 41
24 70 191
24 71 176
24 72 104
24 73 162
24 74 191
24 75 167
24 76 259
24 77 187
24 78 283
24 79 61
24 80 222
24 81 231
24 82 286
24 83 31
24 84 161
24 85 268
24 86 132
24 87 238
24 88 290
24 89 278
24 90 248
24 91 234
24 92 219
24 93 225
24 94 220
24 95 71
24 96 138
24 97 122
24 98 284
24 99 30
25 1 99
25 2 288
25 3 173
25 4 34
25 5 286
25 6 279
25 7 228
25 8 223
25 9 30
25 10 217
25 11 183
25 12 73
25 13 299
25 14 131
25 15 53
25 16 88
25 17 207
25 18 31
25 19 259
25 20 122
25 21 267
25 22 210
25 23 108
25 24 41
25 26 67
25 27 153
25 28 241
25 29 81
25 30 238
25 31 169
25 32 125
25 33 181
25 34 81
25 35 240
25 36 56
25 37 127
25 38 100
25 39 288
25 40 42
25 41 175
25 42 60
25 43 285
25 44 118
25 45 97
25 46 82
25 47 196
25 48 108
25 49 219
25 50 188
25 51 225
25 52 126
25 53 90
25 54 84
25 55 238
25 56 250
25 57 274
25 58 298
25 59 185
25 60 68
25 61 69
25 62 118
25 63 147
25 64 250
25 65 126
25 66 96
25 67 132
25 68 195
25 69 69
25 70 84
25 71 226
25 72 49
25 73 279
25 74 231
25 75 140
25 76 76
25 77 283
25 78 68
25 79 149
25 80 95
25 81 129
25 82 242
25 83 166
25 84 73
25 85 107
25 86 144
25 87 189
25 88 180
25 89 75
25 90 221
25 91 146
25 92 184
25 93 269
25 94 154
25 95 150
25 96 73
25 97 157
25 98 248
25 99 216
26 1 131
26 2 223
26 3 120
26 4 290
26 5 259
26 6 126
26 7 292
26 8 234
26 9 222
26 10 209
26 11 144
26 12 151
26 13 223
26 14 65
26 15 222
26 16 32
26 17 213
26 18 224
26 19 141
26 20 174
26 21 202
26 22 286
26 23 235
26 24 225
26 25 67
26 27 265
26 28 253
26 29 287
26 30 137
26 31 156
26 32 239
26 33 198
26 34 136
26 35 291
26 36 125
26 37 54
26 38 102
26 39 290
26 40 41
26 41 137
26 42 83
26 43 185
26 44 156
26 45 131
26 46 162
26 47 193
26 48 264
26 49 58
26 50 94
26 51 87
26 52 261
26 53 106
26 54 207
26 55 229
26 56 110
26 57 293
26 58 196
26 59 82
26 60 38
26 61 81
26 62 200
26 63 166
26 64 101
26 65 281
26 66 90
26 67 288
26 68 195
26 69 199
26 70 88
26 71 36
26 72 66
26 73 257
26 74 62
26 75 151
26 76 137
26 77 208
26 78 298
26 79 242
26 80 268
26 81 149
26 82 183
26 83 238
26 84 43
26 85 72
26 86 48
26 87 174
26 88 44
26 89 281
26 90 297
26 91 133
26 92 31
26 93 142
26 94 236
26 95 132
26 96 187
26 97 85
26 98 69
26 99 185
27 1 137
27 2 95
27 3 131
27 4 220
27 5 39
27 6 256
27 7 233
27 8 50
27 9 56
27 10 137
27 11 99
27 12 260
27 13 210
27 14 192
27 15 292
27 16 41
27 17 92
27 18 68
27 19 299
27 20 76
27 21 40
27 22 70
27 23 122
27 24 176
27 25 153
27 26 265
27 28 187
27 29 228
27 30 159
27 31 233
27 32 62
27 33 166
27 34 91
27 35 88
27 36 275
27 37 237
27 38 89
27 39 236
27 40 164
27 41 94
27 42 30
27 43 198
27 44 255
27 45 107
27 46 270
27 47 216
27 48 256
27 49 152
27 50 176
27 51 181
27 52 180
27 53 96
27 54 67
27 55 297
27 56 199
27 57 73
27 58 174
27 59 218
27 60 33
27 61 267
27 62 50
27 63 182
27 64 86
27 65 62
27 66 41
27 67 99
27 68 209
27 69 242
27 70 219
27 71 284
27 72 276
27 73 251
27 74 291
27 75 126
27 76 90
27 77 274
27 78 224
27 79 142
27 80 162
27 81 60
27 82 207
27 83 169
27 84 56
27 85 50
27 86 212
27 87 280
27 88 86
27 89 85
27 90 87
27 91 81
27 92 132
27 93 129
27 94 276
27 95 286
27 96 206
27 97 39
27 98 208
27 99 283
28 1 85
28 2 163
28 3 165
28 4 274
28 5 177
28 6 276
28 7 175
28 8 47
28 9 105
28 10 265
28 11 39
28 12 258
28 13 209
28 14 234
28 15 171
28 16 234
28 17 282
28 18 284
28 19 250
28 20 81
28 21 50
28 22 210
28 23 32
28 24 183
28 25 241
28 26 253
28 27 187
28 29 45
28 30 189
28 31 46
28 32 70
28 33 84
28 34 222
28 35 91
28 36 188
28 37 299
28 38 32
28 39 131
28 40 203
28 41 50
28 42 104
28 43 68
28 44 37
28 45 70
28 46 115
28 47 135
28 48 220
28 49 60
28 50 236
28 51 58
28 52 146
28 53 163
28 54 295
28 55 113
28 56 51
28 57 196
28 58 95
28 59 203
28 60 263
28 61 152
28 62 280
28 63 274
28 64 258
28 65 191
28 66 148
28 67 88
28 68 101
28 69 282
28 70 224
28 71 70
28 72 108
28 73 162
28 74 177
28 75 299
28 76 56
28 77 114
28 78 103
28 79 208
28 80 259
28 81 146
28 82 256
28 83 76
28 84 269
28 85 243
28 86 136
28 87 266
28 88 61
28 89 296
28 90 178
28 91 216
28 92 188
28 93 113
28 94 232
28 95 62
28 96 285
28 97 246
28 98 190
28 99 218
29 1 200
29 2 59
29 3 114
29 4 31
29 5 105
29 6 39
29 7 256
29 8 66
29 9 58
29 10 209
29 11 292
29 12 88
29 13 235
29 14 185
29 15 145
29 16 269
29 17 47
29 18 111
29 19 144
29 20 212
29 21 262
29 22 232
29 23 114
29 24 30
29 25 81
29 26 287
29 27 228
29 28 45
29 30 89
29 31 101
29 32 95
29 33 276
29 34 231
29 35 270
29 36 264
29 37 30
29 38 201
29 39 264
29 40 130
29 41 104
29 42 118
29 43 189
29 44 105
29 45 204
29 46 159
29 47 146
29 48 114
29 49 296
29 50 239
29 51 287
29 52 160
29 53 243
29 54 268
29 55 178
29 56 81
29 57 200
29 58 108
29 59 153
29 60 64
29 61 39
29 62 77
29 63 106
29 64 101
29 65 192
29 66 103
29 67 146
29 68 212
29 69 247
29 70 41
29 71 195
29 72 251
29 73 234
29 74 130
29 75 113
29 76 255
29 77 120
29 78 77
29 79 215
29 80 108
29 81 32
29 82 139
29 83 234
29 84 266
29 85 97
29 86 261
29 87 36
29 88 241
29 89 127
29 90 71
29 91 286
29 92 217
29 93 105
29 94 137
29 95 204
29 96 190
29 97 50
29 98 283
29 99 130
30 1 61
30 2 98
30 3 226
30 4 258
30 5 177
30 6 205
30 7 116
30 8 224
30 9 215
30 10 60
30 11 71
30 12 63
30 13 63
30 14 105
30 15 179
30 16 64
30 17 179
30 18 258
30 19 96
30 20 186
30 21 106
30 22 137
30 23 132
30 24 51
30 25 238
30 26 137
30 27 159
30 28 189
30 29 89
30 31 209
30 32 167
30 33 149
30 34 270
30 35 85
30 36 67
30 37 223
30 38 91
30 39 286
30 40 129
30 41 202
30 42 72
30 43 238
30 44 164
30 45 87
30 46 222
30 47 184
30 48 60
30 49 233
30 50 58
30 51 263
30 52 249
30 53 102
30 54 49
30 55 159
30 56 212
30 57 104
30 58 170
30 59 127
30 60 86
30 61 179
30 62 38
30 63 193
30 64 261
30 65 78
30 66 40
30 67 78
30 68 51
30 69 125
30 70 81
30 71 82
30 72 109
30 73 188
30 74 208
30 75 245
30 76 239
30 77 296
30 78 203
30 79 89
30 80 209
30 81 171
30 82 84
30 83 191
30 84 164
30 85 244
30 86 262
30 87 270
30 88 189
30 89 33
30 90 101
30 91 202
30 92 48
30 93 40
30 94 35
30 95 253
30 96 155
30 97 234
30 98 289
30 99 253
31 1 97
31 2 260
31 3 272
31 4 226
31 5 82
31 6 254
31 7 152
31 8 286
31 9 177
31 10 170
31 11 209
31 12 152
31 13 121
31 14 205
31 15 144
31 16 49
31 17 238
31 18 183
31 19 80
31 20 267
31 21 255
31 22 183
31 23 243
31 24 246
31 25 169
31 26 156
31 27 233
31 28 46
31 29 101
31 30 209
31 32 39
31 33 68
31 34 132
31 35 275
31 36 74
31 37 117
31 38 93
31 39 65
31 40 296
31 41 106
31 42 154
31 43 124
31 44 155
31 45 93
31 46 61
31 47 123
31 48 43
31 49 111
31 50 37
31 51 111
31 52 204
31 53 55
31 54 173
31 55 264
31 56 90
31 57 170
31 58 291
31 59 163
31 60 59
31 61 195
31 62 112
31 63 245
31 64 292
31 65 253
31 66 40
31 67 270
31 68 214
31 69 89
31 70 158
31 71 213
31 72 153
31 73 276
31 74 95
31 75 274
31 76 129
31 77 288
31 78 272
31 79 69
31 80 228
31 81 64
31 82 194
31 83 221
31 84 193
31 85 214
31 86 51
31 87 202
31 88 293
31 89 87
31 90 241
31 91 214
31 92 233
31 93 166
31 94 45
31 95 147
31 96 124
31 97 230
31 98 139
31 99 276
32 1 35
32 2 155
32 3 181
32 4 99
32 5 280
32 6 91
32 7 216
32 8 54
32 9 38
32 10 222
32 11 250
32 12 202
32 13 210
32 14 160
32 15 293
32 16 84
32 17 174
32 18 103
32 19 196
32 20 289
32 21 276
32 22 205
32 23 96
32 24 187
32 25 125
32 26 239
32 27 62
32 28 70
32 29 95
32 30 167
32 31 39
32 33 60
32 34 146
32 35 140
32 36 142
32 37 212
32 38 233
32 39 268
32 40 187
32 41 300
32 42 224
32 43 118
32 44 188
32 45 126
32 46 169
32 47 62
32 48 282
32 49 226
32 50 188
32 51 207
32 52 181
32 53 153
32 54 74
32 55 94
32 56 179
32 57 207
32 58 224
32 59 130
32 60 263
32 61 89
32 62 116
32 63 182
32 64 205
32 65 207
32 66 131
32 67 282
32 68 50
32 69 42
32 70 93
32 71 92
32 72 77
32 73 146
32 74 113
32 75 129
32 76 170
32 77 128
32 78 88
32 79 128
32 80 72
32 81 240
32 82 179
32 83 151
32 84 213
32 85 146
32 86 137
32 87 157
32 88 51
32 89 113
32 90 135
32 91 180
32 92 210
32 93 62
32 94 289
32 95 269
32 96 262
32 97 97
32 98 67
32 99 173
33 1 108
33 2 158
33 3 118
33 4 43
33 5 279
33 6 174
33 7 213
33 8 44
33 9 180
33 10 43
33 11 233
33 12 197
33 13 179
33 14 170
33 15 49
33 16 32
33 17 145
33 18 68
33 19 245
33 20 168
33 21 86
33 22 131
33 23 150
33 24 216
33 25 181
33 26 198
33 27 166
33 28 84
33 29 276
33 30 149
33 31 68
33 32 60
33 34 109
33 35 105
33 36 113
33 37 191
33 38 157
33 39 33
33 40 295
33 41 150
33 42 117
33 43 115
33 44 115
33 45 61
33 46 96
33 47 261
33 48 206
33 49 122
33 50 134
33 51 102
33 52 100
33 53 162
33 54 65
33 55 130
33 56 241
33 57 49
33 58 122
33 59 101
33 60 250
33 61 218
33 62 217
33 63 273
33 64 284
33 65 105
33 66 192
33 67 98
33 68 116
33 69 286
33 70 163
33 71 35
33 72 100
33 73 205
33 74 106
33 75 135
33 76 164
33 77 202
33 78 49
33 79 139
33 80 208
33 81 250
33 82 195
33 83 51
33 84 171
33 85 94
33 86 240
33 87 138
33 88 114
33 89 285
33 90 189
33 91 227
33 92 189
33 93 212
33 94 56
33 95 135
33 96 87
33 97 294
33 98 35
33 99 141
34 1 133
34 2 169
34 3 296
34 4 263
34 5 193
34 6 83
34 7 274
34 8 42
34 9 267
34 10 131
34 11 93
34 12 112
34 13 128
34 14 84
34 15 47
34 16 79
34 17 42
34 18 72
34 19 165
34 20 35
34 21 59
34 22 72
34 23 128
34 24 170
34 25 81
34 26 136
34 27 91
34 28 222
34 29 231
34 30 270
34 31 132
34 32 146
34 33 109
34 35 225
34 36 82
34 37 149
34 38 292
34 39 209
34 40 168
34 41 281
34 42 88
34 43 37
34 44 176
34 45 214
34 46 220
34 47 152
34 48 145
34 49 182
34 50 73
34 51 162
34 52 281
34 53 233
34 54 274
34 55 165
34 56 182
34 57 189
34 58 155
34 59 119
34 60 161
34 61 194
34 62 240
34 63 101
34 64 293
34 65 143
34 66 128
34 67 99
34 68 249
34 69 85
34 70 105
34 71 158
34 72 83
34 73 191
34 74 45
34 75 78
34 76 224
34 77 247
34 78 108
34 79 187
34 80 224
34 81 259
34 82 78
34 83 245
34 84 130
34 85 179
34 86 107
34 87 240
34 88 70
34 89 61
34 90 288
34 91 234
34 92 220
34 93 299
34 94 90
34 95 228
34 96 194
34 97 153
34 98 299
34 99 146
35 1 78
35 2 49
35 3 64
35 4 165
35 5 70
35 6 186
35 7 163
35 8 135
35 9 153
35 10 72
35 11 30
35 12 37
35 13 217
35 14 289
35 15 123
35 16 124
35 17 172
35 18 93
35 19 97
35 20 45
35 21 142
35 22 232
35 23 189
35 24 190
35 25 240
35 26 291
35 27 88
35 28 91
35 29 270
35 30 85
35 31 275
35 32 140
35 33 105
35 34 225
35 36 297
35 37 243
35 38 293
35 39 101
35 40 261
35 41 221
35 42 239
35 43 220
35 44 141
35 45 60
35 46 194
35 47 162
35 48 36
35 49 80
35 50 272
35 51 81
35 52 148
35 53 262
35 54 299
35 55 269
35 56 271
35 57 141
35 58 42
35 59 122
35 60 58
35 61 197
35 62 259
35 63 151
35 64 193
35 65 94
35 66 272
35 67 50
35 68 209
35 69 213
35 70 34
35 71 134
35 72 239
35 73 198
35 74 198
35 75 189
35 76 33
35 77 81
35 78 289
35 79 47
35 80 201
35 81 181
35 82 292
35 83 155
35 84 200
35 85 178
35 86 197
35 87 241
35 88 35
35 89 261
35 90 300
35 91 213
35 92 49
35 93 154
35 94 128
35 95 102
35 96 124
35 97 214
35 98 202
35 99 118
36 1 290
36 2 62
36 3 135
36 4 116
36 5 198
36 6 263
36 7 253
36 8 239
36 9 274
36 10 81
36 11 257
36 12 78
36 13 46
36 14 283
36 15 72
36 16 234
36 17 213
36 18 136
36 19 299
36 20 71
36 21 144
36 22 266
36 23 265
36 24 45
36 25 56
36 26 125
36 27 275
36 28 188
36 29 264
36 30 67
36 31 74
36 32 142
36 33 113
36 34 82
36 35 297
36 37 128
36 38 60
36 39 48
36 40 205
36 41 116
36 42 190
36 43 150
36 44 35
36 45 82
36 46 125
36 47 160
36 48 102
36 49 289
36 50 271
36 51 185
36 52 152
36 53 57
36 54 160
36 55 192
36 56 39
36 57 134
36 58 65
36 59 278
36 60 269
36 61 59
36 62 298
36 63 220
36 64 221
36 65 243
36 66 66
36 67 88
36 68 57
36 69 254
36 70 234
36 71 46
36 72 143
36 73 193
36 74 242
36 75 180
36 76 84
36 77 290
36 78 229
36 79 291
36 80 246
36 81 257
36 82 141
36 83 179
36 84 258
36 85 256
36 86 222
36 87 47
36 88 154
36 89 185
36 90 205
36 91 140
36 92 150
36 93 102
36 94 164
36 95 178
36 96 134
36 97 299
36 98 289
36 99 107
37 1 166
37 2 87
37 3 177
37 4 32
37 5 156
37 6 175
37 7 111
37 8 127
37 9 88
37 10 232
37 11 107
37 12 46
37 13 81
37 14 101
37 15 123
37 16 281
37 17 188
37 18 295
37 19 172
37 20 47
37 21 260
37 22 83
37 23 146
37 24 103
37 25 127
37 26 54
37 27 237
37 28 299
37 29 30
37 30 223
37 31 117
37 32 212
37 33 191
37 34 149
37 35 243
37 36 128
37 38 35
37 39 93
37 40 171
37 41 259
37 42 199
37 43 156
37 44 188
37 45 133
37 46 232
37 47 210
37 48 148
37 49 117
37 50 221
37 51 218
37 52 193
37 53 156
37 54 189
37 55 70
37 56 229
37 57 183
37 58 231
37 59 162
37 60 57
37 61 79
37 62 180
37 63 190
37 64 52
37 65 41
37 66 148
37 67 246
37 68 152
37 69 40
37 70 135
37 71 90
37 72 131
37 73 276
37 74 273
37 75 34
37 76 63
37 77 200
37 78 198
37 79 39
37 80 87
37 81 185
37 82 217
37 83 104
37 84 252
37 85 285
37 86 178
37 87 221
37 88 31
37 89 106
37 90 63
37 91 117
37 92 59
37 93 45
37 94 110
37 95 286
37 96 158
37 97 271
37 98 169
37 99 38
38 1 160
38 2 140
38 3 164
38 4 98
38 5 269
38 6 112
38 7 74
38 8 205
38 9 271
38 10 280
38 11 229
38 12 163
38 13 259
38 14 159
38 15 254
38 16 286
38 17 83
38 18 47
38 19 101
38 20 189
38 21 195
38 22 182
38 23 135
38 24 83
38 25 100
38 26 102
38 27 89
38 28 32
38 29 201
38 30 91
38 31 93
38 32 233
38 33 157
38 34 292
38 35 293
38 36 60
38 37 35
38 39 164
38 40 297
38 41 284
38 42 142
38 43 31
38 44 191
38 45 191
38 46 231
38 47 38
38 48 99
38 49 265
38 50 228
38 51 58
38 52 124
38 53 52
38 54 121
38 55 46
38 56 236
38 57 293
38 58 227
38 59 101
38 60 111
38 61 242
38 62 131
38 63 38
38 64 221
38 65 157
38 66 269
38 67 267
38 68 193
38 69 255
38 70 184
38 71 300
38 72 237
38 73 212
38 74 229
38 75 254
38 76 190
38 77 127
38 78 133
38 79 90
38 80 82
38 81 140
38 82 128
38 83 183
38 84 276
38 85 176
38 86 107
38 87 146
38 88 288
38 89 127
38 90 111
38 91 194
38 92 95
38 93 258
38 94 115
38 95 110
38 96 58
38 97 239
38 98 273
38 99 252
39 1 132
39 2 91
39 3 154
39 4 300
39 5 108
39 6 67
39 7 97
39 8 229
39 9 244
39 10 62
39 11 87
39 12 277
39 13 130
39 14 184
39 15 207
39 16 123
39 17 64
39 18 108
39 19 237
39 20 163
39 21 51
39 22 209
39 23 70
39 24 205
39 25 288
39 26 290
39 27 236
39 28 131
39 29 264
39 30 286
39 31 65
39 32 268
39 33 33
39 34 209
39 35 101
39 36 48
39 37 93
39 38 164
39 40 121
39 41 256
39 42 59
39 43 125
39 44 74
39 45 53
39 46 142
39 47 247
39 48 186
39 49 130
39 50 203
39 51 265
39 52 45
39 53 281
39 54 252
39 55 140
39 56 184
39 57 267
39 58 276
39 59 51
39 60 290
39 61 297
39 62 221
39 63 260
39 64 141
39 65 223
39 66 236
39 67 176
39 68 154
39 69 50
39 70 53
39 71 245
39 72 148
39 73 109
39 74 101
39 75 173
39 76 216
39 77 89
39 78 114
39 79 140
39 80 300
39 81 183
39 82 149
39 83 273
39 84 225
39 85 103
39 86 91
39 87 166
39 88 78
39 89 252
39 90 229
39 91 226
39 92 192
39 93 30
39 94 96
39 95 123
39 96 103
39 97 127
39 98 267
39 99 267
40 1 170
40 2 56
40 3 46
40 4 61
40 5 66
40 6 261
40 7 119
40 8 185
40 9 46
40 10 273
40 11 213
40 12 286
40 13 45
40 14 83
40 15 198
40 16 234
40 17 163
40 18 60
40 19 155
40 20 183
40 21 41
40 22 195
40 23 245
40 24 103
40 25 42
40 26 41
40 27 164
40 28 203
40 29 130
40 30 129
40 31 296
40 32 187
40 33 295
40 34 168
40 35 261
40 36 205
40 37 171
40 38 297
40 39 121
40 41 283
40 42 172
40 43 128
40 44 150
40 45 269
40 46 87
40 47 80
40 48 101
40 49 110
40 50 157
40 51 83
40 52 201
40 53 269
40 54 212
40 55 225
40 56 77
40 57 52
40 58 80
40 59 238
40 60 127
40 61 240
40 62 232
40 63 211
40 64 105
40 65 121
40 66 221
40 67 263
40 68 66
40 69 274
40 70 117
40 71 182
40 72 66
40 73 147
40 74 135
40 75 54
40 76 129
40 77 164
40 78 190
40 79 134
40 80 259
40 81 201
40 82 228
40 83 104
40 84 168
40 85 295
40 86 131
40 87 179
40 88 129
40 89 219
40 90 288
40 91 276
40 92 282
40 93 242
40 94 106
40 95 188
40 96 125
40 97 236
40 98 266
40 99 53
41 1 32
41 2 107
41 3 207
41 4 150
41 5 46
41 6 251
41 7 211
41 8 207
41 9 246
41 10 117
41 11 139
41 12 166
41 13 215
41 14 234
41 15 262
41 16 270
41 17 85
41 18 298
41 19 258
41 20 152
41 21 244
41 22 139
41 23 232
41 24 300
41 25 175
41 26 137
41 27 94
41 28 50
41 29 104
41 30 202
41 31 106
41 32 300
41 33 150
41 34 281
41 35 221
41 36 116
41 37 259
41 38 284
41 39 256
41 40 283
41 42 45
41 43 128
41 44 299
41 45 137
41 46 265
41 47 47
41 48 166
41 49 230
41 50 128
41 51 187
41 52 109
41 53 190
41 54 84
41 55 249
41 56 53
41 57 212
41 58 103
41 59 86
41 60 81
41 61 89
41 62 185
41 63 239
41 64 60
41 65 239
41 66 57
41 67 121
41 68 267
41 69 138
41 70 290
41 71 86
41 72 132
41 73 52
41 74 266
41 75 104
41 76 275
41 77 123
41 78 114
41 79 99
41 80 41
41 81 126
41 82 112
41 83 278
41 84 146
41 85 119
41 86 260
41 87 229
41 88 288
41 89 124
41 90 75
41 91 47
41 92 122
41 93 97
41 94 111
41 95 288
41 96 160
41 97 40
41 98 165
41 99 270
42 1 119
42 2 152
42 3 104
42 4 120
42 5 35
42 6 246
42 7 82
42 8 177
42 9 136
42 10 52
42 11 175
42 12 200
42 13 32
42 14 277
42 15 73
42 16 259
42 17 224
42 18 212
42 19 167
42 20 42
42 21 172
42 22 152
42 23 234
42 24 284
42 25 60
42 26 83
42 27 30
42 28 104
42 29 118
42 30 72
42 31 154
42 32 224
42 33 117
42 34 88
42 35 239
42 36 190
42 37 199
42 38 142
42 39 59
42 40 172
42 41 45
42 43 96
42 44 261
42 45 139
42 46 118
42 47 126
42 48 49
42 49 268
42 50 62
42 51 284
42 52 42
42 53 295
42 54 144
42 55 48
42 56 215
42 57 224
42 58 54
42 59 196
42 60 216
42 61 225
42 62 293
42 63 206
42 64 263
42 65 240
42 66 178
42 67 156
42 68 197
42 69 63
42 70 130
42 71 61
42 72 164
42 73 187
42 74 240
42 75 206
42 76 226
42 77 293
42 78 287
42 79 263
42 80 192
42 81 193
42 82 218
42 83 122
42 84 205
42 85 80
42 86 235
42 87 137
42 88 191
42 89 147
42 90 104
42 91 76
42 92 183
42 93 190
42 94 148
42 95 177
42 96 292
42 97 209
42 98 122
42 99 276
43 1 76
43 2 130
43 3 48
43 4 177
43 5 137
43 6 139
43 7 34
43 8 257
43 9 162
43 10 128
43 11 152
43 12 113
43 13 159
43 14 103
43 15 134
43 16 223
43 17 276
43 18 208
43 19 293
43 20 41
43 21 121
43 22 92
43 23 140
43 24 41
43 25 285
43 26 185
43 27 198
43 28 68
43 29 189
43 30 238
43 31 124
43 32 118
43 33 115
43 34 37
43 35 220
43 36 150
43 37 156
43 38 31
43 39 125
43 40 128
43 41 128
43 42 96
43 44 250
43 45 125
43 46 108
43 47 216
43 48 193
43 49 186
43 50 49
43 51 196
43 52 208
43 53 153
43 54 106
43 55 84
43 56 54
43 57 76
43 58 283
43 59 166
43 60 274
43 61 264
43 62 250
43 63 268
43 64 94
43 65 33
43 66 41
43 67 72
43 68 213
43 69 163
43 70 253
43 71 82
43 72 143
43 73 192
43 74 214
43 75 133
43 76 110
43 77 49
43 78 243
43 79 204
43 80 190
43 81 213
43 82 298
43 83 260
43 84 288
43 85 216
43 86 191
43 87 241
43 88 244
43 89 150
43 90 274
43 91 39
43 92 101
43 93 153
43 94 275
43 95 250
43 96 66
43 97 187
43 98 66
43 99 119
44 1 92
44 2 99
44 3 91
44 4 298
44 5 63
44 6 175
44 7 88
44 8 145
44 9 161
44 10 179
44 11 96
44 12 171
44 13 132
44 14 290
44 15 266
44 16 121
44 17 79
44 18 173
44 19 98
44 20 298
44 21 77
44 22 99
44 23 89
44 24 68
44 25 118
44 26 156
44 27 255
44 28 37
44 29 105
44 30 164
44 31 155
44 32 188
44 33 115
44 34 176
44 35 141
44 36 35
44 37 188
44 38 191
44 39 74
44 40 150
44 41 299
44 42 261
44 43 250
44 45 244
44 46 154
44 47 79
44 48 56
44 49 167
44 50 274
44 51 240
44 52 126
44 53 92
44 54 70
44 55 71
44 56 254
44 57 118
44 58 154
44 59 74
44 60 280
44 61 227
44 62 88
44 63 228
44 64 165
44 65 126
44 66 120
44 67 190
44 68 280
44 69 58
44 70 112
44 71 128
44 72 216
44 73 268
44 74 216
44 75 234
44 76 217
44 77 288
44 78 32
44 79 122
44 80 231
44 81 219
44 82 122
44 83 50
44 84 77
44 85 153
44 86 187
44 87 225
44 88 192
44 89 290
44 90 199
44 91 163
44 92 253
44 93 131
44 94 213
44 95 227
44 96 158
44 97 277
44 98 88
44 99 125
45 1 160
45 2 290
45 3 184
45 4 112
45 5 205
45 6 157
45 7 271
45 8 246
45 9 108
45 10 208
45 11 144
45 12 254
45 13 278
45 14 295
45 15 251
45 16 107
45 17 163
45 18 132
45 19 285
45 20 146
45 21 150
45 22 255
45 23 213
45 24 135
45 25 97
45 26 131
45 27 107
45 28 70
45 29 204
45 30 87
45 31 93
45 32 126
45 33 61
45 34 214
45 35 60
45 36 82
45 37 133
45 38 191
45 39 53
45 40 269
45 41 137
45 42 139
45 43 125
45 44 244
45 46 86
45 47 226
45 48 180
45 49 232
45 50 197
45 51 188
45 52 55
45 53 94
45 54 259
45 55 164
45 56 278
45 57 277
45 58 191
45 59 178
45 60 227
45 61 285
45 62 204
45 63 51
45 64 262
45 65 91
45 66 66
45 67 99
45 68 112
45 69 43
45 70 196
45 71 159
45 72 254
45 73 231
45 74 225
45 75 223
45 76 290
45 77 268
45 78 221
45 79 200
45 80 45
45 81 86
45 82 149
45 83 39
45 84 250
45 85 91
45 86 188
45 87 223
45 88 179
45 89 250
45 90 216
45 91 58
45 92 289
45 93 50
45 94 246
45 95 120
45 96 263
45 97 75
45 98 300
45 99 34
46 1 170
46 2 164
46 3 48
46 4 271
46 5 205
46 6 161
46 7 210
46 8 247
46 9 186
46 10 261
46 11 281
46 12 248
46 13 102
46 14 101
46 15 30
46 16 278
46 17 168
46 18 152
46 19 174
46 20 263
46 21 50
46 22 198
46 23 143
46 24 100
46 25 82
46 26 162
46 27 270
46 28 115
46 29 159
46 30 222
46 31 61
46 32 169
46 33 96
46 34 220
46 35 194
46 36 125
46 37 232
46 38 231
46 39 142
46 40 87
46 41 265
46 42 118
46 43 108
46 44 154
46 45 86
46 47 139
46 48 266
46 49 30
46 50 92
46 51 178
46 52 112
46 53 37
46 54 284
46 55 112
46 56 188
46 57 121
46 58 233
46 59 297
46 60 82
46 61 96
46 62 241
46 63 235
46 64 195
46 65 74
46 66 128
46 67 81
46 68 290
46 69 184
46 70 214
46 71 64
46 72 260
46 73 62
46 74 229
46 75 148
46 76 283
46 77 276
46 78 185
46 79 204
46 80 116
46 81 33
46 82 269
46 83 176
46 84 240
46 85 193
46 86 162
46 87 291
46 88 210
46 89 72
46 90 230
46 91 48
46 92 139
46 93 288
46 94 255
46 95 61
46 96 31
46 97 269
46 98 111
46 99 147
47 1 166
47 2 211
47 3 219
47 4 33
47 5 92
47 6 119
47 7 82
47 8 75
47 9 270
47 10 240
47 11 221
47 12 183
47 13 42
47 14 63
47 15 91
47 16 123
47 17 151
47 18 132
47 19 113
47 20 60
47 21 271
47 22 79
47 23 211
47 24 41
47 25 196
47 26 193
47 27 216
47 28 135
47 29 146
47 30 184
47 31 123
47 32 62
47 33 261
47 34 152
47 35 162
47 36 160
47 37 210
47 38 38
47 39 247
47 40 80
47 41 47
47 42 126
47 43 216
47 44 79
47 45 226
47 46 139
47 48 126
47 49 137
47 50 161
47 51 253
47 52 81
47 53 217
47 54 180
47 55 283
47 56 138
47 57 81
47 58 189
47 59 57
47 60 50
47 61 62
47 62 43
47 63 209
47 64 113
47 65 241
47 66 173
47 67 59
47 68 217
47 69 293
47 70 123
47 71 281
47 72 299
47 73 250
47 74 255
47 75 182
47 76 217
47 77 115
47 78 72
47 79 217
47 80 147
47 81 241
47 82 140
47 83 126
47 84 295
47 85 273
47 86 256
47 87 183
47 88 59
47 89 217
47 90 114
47 91 254
47 92 207
47 93 210
47 94 112
47 95 296
47 96 64
47 97 105
47 98 227
47 99 287
48 1 82
48 2 162
48 3 202
48 4 32
48 5 203
48 6 293
48 7 100
48 8 139
48 9 47
48 10 84
48 11 235
48 12 294
48 13 187
48 14 205
48 15 187
48 16 169
48 17 113
48 18 254
48 19 176
48 20 85
48 21 54
48 22 183
48 23 144
48 24 116
48 25 108
48 26 264
48 27 256
48 28 220
48 29 114
48 30 60
48 31 43
48 32 282
48 33 206
48 34 145
48 35 36
48 36 102
48 37 148
48 38 99
48 39 186
48 40 101
48 41 166
48 42 49
48 43 193
48 44 56
48 45 180
48 46 266
48 47 126
48 49 89
48 50 59
48 51 123
48 52 95
48 53 126
48 54 212
48 55 188
48 56 280
48 57 96
48 58 56
48 59 175
48 60 258
48 61 65
48 62 257
48 63 77
48 64 111
48 65 140
48 66 79
48 67 279
48 68 59
48 69 278
48 70 84
48 71 258
48 72 68
48 73 178
48 74 294
48 75 113
48 76 149
48 77 226
48 78 47
48 79 177
48 80 212
48 81 235
48 82 35
48 83 117
48 84 165
48 85 162
48 86 77
48 87 44
48 88 300
48 89 298
48 90 287
48 91 166
48 92 183
48 93 42
48 94 74
48 95 164
48 96 175
48 97 251
48 98 70
48 99 193
49 1 89
49 2 290
49 3 237
49 4 104
49 5 47
49 6 106
49 7 112
49 8 70
49 9 287
49 10 46
49 11 101
49 12 180
49 13 175
49 14 106
49 15 55
49 16 158
49 17 215
49 18 237
49 19 142
49 20 219
49 21 136
49 22 203
49 23 34
49 24 30
49 25 219
49 26 58
49 27 152
49 28 60
49 29 296
49 30 233
49 31 111
49 32 226
49 33 122
49 34 182
49 35 80
49 36 289
49 37 117
49 38 265
49 39 130
49 40 110
49 41 230
49 42 268
49 43 186
49 44 167
49 45 232
49 46 30
49 47 137
49 48 89
49 50 147
49 51 172
49 52 39
49 53 208
49 54 262
49 55 122
49 56 267
49 57 85
49 58 240
49 59 214
49 60 214
49 61 58
49 62 262
49 63 188
49 64 261
49 65 93
49 66 150
49 67 54
49 68 289
49 69 85
49 70 169
49 71 169
49 72 143
49 73 58
49 74 281
49 75 254
49 76 97
49 77 141
49 78 180
49 79 66
49 80 297
49 81 247
49 82 191
49 83 294
49 84 194
49 85 205
49 86 282
49 87 282
49 88 61
49 89 296
49 90 199
49 91 40
49 92 86
49 93 67
49 94 293
49 95 153
49 96 145
49 97 69
49 98 64
49 99 281
50 1 82
50 2 256
50 3 33
50 4 156
50 5 162
50 6 128
50 7 113
50 8 252
50 9 270
50 10 272
50 11 270
50 12 214
50 13 125
50 14 70
50 15 180
50 16 263
50 17 225
50 18 91
50 19 76
50 20 90
50 21 272
50 22 60
50 23 252
50 24 50
50 25 188
50 26 94
50 27 176
50 28 236
50 29 239
50 30 58
50 31 37
50 32 188
50 33 134
50 34 73
50 35 272
50 36 271
50 37 221
50 38 228
50 39 203
50 40 157
50 41 128
50 42 62
50 43 49
50 44 274
50 45 197
50 46 92
50 47 161
50 48 59
50 49 147
50 51 186
50 52 168
50 53 198
50 54 108
50 55 86
50 56 256
50 57 196
50 58 229
50 59 70
50 60 38
50 61 251
50 62 155
50 63 217
50 64 186
50 65 140
50 66 196
50 67 273
50 68 30
50 69 45
50 70 75
50 71 161
50 72 93
50 73 185
50 74 109
50 75 204
50 76 138
50 77 152
50 78 92
50 79 43
50 80 86
50 81 224
50 82 256
50 83 198
50 84 198
50 85 101
50 86 246
50 87 201
50 88 79
50 89 134
50 90 140
50 91 110
50 92 248
50 93 242
50 94 213
50 95 163
50 96 230
50 97 281
50 98 296
50 99 165
51 1 187
51 2 177
51 3 284
51 4 178
51 5 77
51 6 217
51 7 85
51 8 190
51 9 119
51 10 169
51 11 257
51 12 190
51 13 286
51 14 70
51 15 296
51 16 256
51 17 165
51 18 47
51 19 138
51 20 84
51 21 224
51 22 164
51 23 108
51 24 65
51 25 225
51 26 87
51 27 181
51 28 58
51 29 287
51 30 263
51 31 111
51 32 207
51 33 102
51 34 162
51 35 81
51 36 185
51 37 218
51 38 58
51 39 265
51 40 83
51 41 187
51 42 284
51 43 196
51 44 240
51 45 188
51 46 178
51 47 253
51 48 123
51 49 172
51 50 186
51 52 144
51 53 31
51 54 268
51 55 259
51 56 181
51 57 172
51 58 103
51 59 113
51 60 175
51 61 300
51 62 263
51 63 244
51 64 113
51 65 48
51 66 157
51 67 60
51 68 245
51 69 260
51 70 62
51 71 75
51 72 298
51 73 118
51 74 79
51 75 123
51 76 251
51 77 90
51 78 110
51 79 146
51 80 139
51 81 273
51 82 240
51 83 300
51 84 50
51 85 138
51 86 194
51 87 151
51 88 271
51 89 109
51 90 66
51 91 263
51 92 264
51 93 236
51 94 180
51 95 58
51 96 32
51 97 245
51 98 170
51 99 291
52 1 58
52 2 295
52 3 93
52 4 284
52 5 262
52 6 168
52 7 220
52 8 59
52 9 223
52 10 115
52 11 234
52 12 279
52 13 98
52 14 158
52 15 181
52 16 265
52 17 67
52 18 126
52 19 159
52 20 32
52 21 195
52 22 231
52 23 126
52 24 91
52 25 126
52 26 261
52 27 180
52 28 146
52 29 160
52 30 249
52 31 204
52 32 181
52 33 100
52 34 281
52 35 148
52 36 152
52 37 193
52 38 124
52 39 45
52 40 201
52 41 109
52 42 42
52 43 208
52 44 126
52 45 55
52 46 112
52 47 81
52 48 95
52 49 39
52 50 168
52 51 144
52 53 154
52 54 219
52 55 157
52 56 255
52 57 199
52 58 109
52 59 233
52 60 112
52 61 105
52 62 184
52 63 144
52 64 274
52 65 155
52 66 75
52 67 192
52 68 283
52 69 266
52 70 170
52 71 195
52 72 45
52 73 289
52 74 90
52 75 196
52 76 184
52 77 268
52 78 192
52 79 268
52 80 173
52 81 196
52 82 170
52 83 43
52 84 141
52 85 298
52 86 181
52 87 175
52 88 154
52 89 117
52 90 100
52 91 256
52 92 145
52 93 134
52 94 157
52 95 129
52 96 97
52 97 76
52 98 98
52 99 141
53 1 251
53 2 76
53 3 143
53 4 41
53 5 291
53 6 38
53 7 105
53 8 78
53 9 73
53 10 202
53 11 203
53 12 53
53 13 41
53 14 108
53 15 36
53 16 279
53 17 287
53 18 250
53 19 177
53 20 133
53 21 35
53 22 136
53 23 126
53 24 167
53 25 90
53 26 106
53 27 96
53 28 163
53 29 243
53 30 102
53 31 55
53 32 153
53 33 162
53 34 233
53 35 262
53 36 57
53 37 156
53 38 52
53 39 281
53 40 269
53 41 190
53 42 295
53 43 153
53 44 92
53 45 94
53 46 37
53 47 217
53 48 126
53 49 208
53 50 198
53 51 31
53 52 154
53 54 149
53 55 50
53 56 90
53 57 237
53 58 51
53 59 180
53 60 276
53 61 192
53 62 144
53 63 73
53 64 94
53 65 90
53 66 168
53 67 176
53 68 192
53 69 90
53 70 181
53 71 188
53 72 194
53 73 93
53 74 236
53 75 292
53 76 153
53 77 43
53 78 74
53 79 198
53 80 236
53 81 183
53 82 206
53 83 161
53 84 89
53 85 78
53 86 230
53 87 48
53 88 133
53 89 120
53 90 269
53 91 238
53 92 270
53 93 89
53 94 207
53 95 284
53 96 224
53 97 168
53 98 300
53 99 87
54 1 49
54 2 32
54 3 131
54 4 270
54 5 131
54 6 271
54 7 67
54 8 204
54 9 102
54 10 100
54 11 71
54 12 262
54 13 209
54 14 133
54 15 214
54 16 257
54 17 172
54 18 117
54 19 62
54 20 50
54 21 148
54 22 136
54 23 281
54 24 233
54 25 84
54 26 207
54 27 67
54 28 295
54 29 268
54 30 49
54 31 173
54 32 74
54 33 65
54 34 274
54 35 299
54 36 160
54 37 189
54 38 121
54 39 252
54 40 212
54 41 84
54 42 144
54 43 106
54 44 70
54 45 259
54 46 284
54 47 180
54 48 212
54 49 262
54 50 108
54 51 268
54 52 219
54 53 149
54 55 186
54 56 229
54 57 199
54 58 284
54 59 61
54 60 200
54 61 217
54 62 126
54 63 196
54 64 33
54 65 232
54 66 121
54 67 73
54 68 159
54 69 94
54 70 271
54 71 80
54 72 56
54 73 189
54 74 90
54 75 73
54 76 92
54 77 181
54 78 85
54 79 52
54 80 211
54 81 252
54 82 206
54 83 289
54 84 298
54 85 277
54 86 97
54 87 62
54 88 173
54 89 144
54 90 152
54 91 259
54 92 207
54 93 153
54 94 47
54 95 83
54 96 111
54 97 141
54 98 212
54 99 51
55 1 162
55 2 174
55 3 245
55 4 224
55 5 266
55 6 216
55 7 32
55 8 40
55 9 289
55 10 196
55 11 223
55 12 181
55 13 289
55 14 284
55 15 157
55 16 177
55 17 279
55 18 89
55 19 91
55 20 131
55 21 126
55 22 88
55 23 246
55 24 81
55 25 238
55 26 229
55 27 297
55 28 113
55 29 178
55 30 159
55 31 264
55 32 94
55 33 130
55 34 165
55 35 269
55 36 192
55 37 70
55 38 46
55 39 140
55 40 225
55 41 249
55 42 48
55 43 84
55 44 71
55 45 164
55 46 112
55 47 283
55 48 188
55 49 122
55 50 86
55 51 259
55 52 157
55 53 50
55 54 186
55 56 66
55 57 85
55 58 48
55 59 140
55 60 109
55 61 141
55 62 95
55 63 296
55 64 159
55 65 271
55 66 151
55 67 96
55 68 54
55 69 122
55 70 283
55 71 156
55 72 44
55 73 148
55 74 227
55 75 35
55 76 177
55 77 113
55 78 282
55 79 232
55 80 258
55 81 140
55 82 119
55 83 204
55 84 71
55 85 188
55 86 139
55 87 121
55 88 118
55 89 181
55 90 186
55 91 280
55 92 133
55 93 248
55 94 293
55 95 99
55 96 253
55 97 124
55 98 134
55 99 207
56 1 145
56 2 78
56 3 37
56 4 211
56 5 233
56 6 123
56 7 199
56 8 50
56 9 57
56 10 152
56 11 240
56 12 271
56 13 224
56 14 239
56 15 87
56 16 224
56 17 125
56 18 102
56 19 279
56 20 83
56 21 120
56 22 85
56 23 220
56 24 122
56 25 250
56 26 110
56 27 199
56 28 51
56 29 81
56 30 212
56 31 90
56 32 179
56 33 241
56 34 182
56 35 271
56 36 39
56 37 229
56 38 236
56 39 184
56 40 77
56 41 53
56 42 215
56 43 54
56 44 254
56 45 278
56 46 188
56 47 138
56 48 280
56 49 267
56 50 256
56 51 181
56 52 255
56 53 90
56 54 229
56 55 66
56 57 115
56 58 173
56 59 34
56 60 109
56 61 196
56 62 236
56 63 185
56 64 202
56 65 88
56 66 76
56 67 220
56 68 85
56 69 38
56 70 206
56 71 35
56 72 169
56 73 75
56 74 134
56 75 116
56 76 281
56 77 189
56 78 125
56 79 86
56 80 288
56 81 283
56 82 291
56 83 201
56 84 44
56 85 216
56 86 186
56 87 82
56 88 83
56 89 223
56 90 206
56 91 186
56 92 280
56 93 131
56 94 286
56 95 96
56 96 32
56 97 149
56 98 250
56 99 90
57 1 141
57 2 103
57 3 224
57 4 36
57 5 267
57 6 183
57 7 113
57 8 113
57 9 235
57 10 271
57 11 118
57 12 162
57 13 118
57 14 50
57 15 265
57 16 94
57 17 242
57 18 113
57 19 153
57 20 210
57 21 251
57 22 45
57 23 176
57 24 237
57 25 274
57 26 293
57 27 73
57 28 196
57 29 200
57 30 104
57 31 170
57 32 207
57 33 49
57 34 189
57 35 141
57 36 134
57 37 183
57 38 293
57 39 267
57 40 52
57 41 212
57 42 224
57 43 76
57 44 118
57 45 277
57 46 121
57 47 81
57 48 96
57 49 85
57 50 196
57 51 172
57 52 199
57 53 237
57 54 199
57 55 85
57 56 115
57 58 168
57 59 158
57 60 259
57 61 172
57 62 246
57 63 244
57 64 91
57 65 288
57 66 260
57 67 156
57 68 288
57 69 127
57 70 184
57 71 132
57 72 175
57 73 58
57 74 283
57 75 203
57 76 207
57 77 248
57 78 146
57 79 36
57 80 58
57 81 295
57 82 222
57 83 60
57 84 97
57 85 295
57 86 39
57 87 179
57 88 257
57 89 255
57 90 261
57 91 86
57 92 107
57 93 114
57 94 210
57 95 136
57 96 47
57 97 193
57 98 191
57 99 50
58 1 36
58 2 71
58 3 70
58 4 243
58 5 152
58 6 230
58 7 41
58 8 260
58 9 129
58 10 121
58 11 50
58 12 284
58 13 151
58 14 78
58 15 284
58 16 43
58 17 33
58 18 218
58 19 134
58 20 168
58 21 178
58 22 229
58 23 49
58 24 57
58 25 298
58 26 196
58 27 174
58 28 95
58 29 108
58 30 170
58 31 291
58 32 224
58 33 122
58 34 155
58 35 42
58 36 65
58 37 231
58 38 227
58 39 276
58 40 80
58 41 103
58 42 54
58 43 283
58 44 154
58 45 191
58 46 233
58 47 189
58 48 56
58 49 240
58 50 229
58 51 103
58 52 109
58 53 51
58 54 284
58 55 48
58 56 173
58 57 168
58 59 144
58 60 92
58 61 189
58 62 222
58 63 83
58 64 138
58 65 261
58 66 215
58 67 220
58 68 79
58 69 184
58 70 276
58 71 231
58 72 204
58 73 211
58 74 32
58 75 206
58 76 109
58 77 168
58 78 248
58 79 123
58 80 52
58 81 83
58 82 219
58 83 154
58 84 40
58 85 192
58 86 40
58 87 254
58 88 190
58 89 260
58 90 242
58 91 86
58 92 280
58 93 142
58 94 95
58 95 219
58 96 152
58 97 152
58 98 71
58 99 208
59 1 120
59 2 108
59 3 100
59 4 205
59 5 116
59 6 44
59 7 154
59 8 72
59 9 183
59 10 289
59 11 69
59 12 39
59 13 206
59 14 208
59 15 300
59 16 282
59 17 156
59 18 147
59 19 250
59 20 244
59 21 235
59 22 186
59 23 110
59 24 138
59 25 185
59 26 82
59 27 218
59 28 203
59 29 153
59 30 127
59 31 163
59 32 130
59 33 101
59 34 119
59 35 122
59 36 278
59 37 162
59 38 101
59 39 51
59 40 238
59 41 86
59 42 196
59 43 166
59 44 74
59 45 178
59 46 297
59 47 57
59 48 175
59 49 214
59 50 70
59 51 113
59 52 233
59 53 180
59 54 61
59 55 140
59 56 34
59 57 158
59 58 144
59 60 227
59 61 283
59 62 267
59 63 291
59 64 261
59 65 183
59 66 195
59 67 298
59 68 185
59 69 224
59 70 232
59 71 73
59 72 132
59 73 237
59 74 131
59 75 235
59 76 228
59 77 242
59 78 35
59 79 179
59 80 61
59 81 214
59 82 268
59 83 174
59 84 140
59 85 244
59 86 133
59 87 297
59 88 174
59 89 166
59 90 104
59 91 129
59 92 249
59 93 159
59 94 220
59 95 269
59 96 294
59 97 60
59 98 233
59 99 233
60 1 162
60 2 210
60 3 238
60 4 211
60 5 33
60 6 122
60 7 278
60 8 102
60 9 100
60 10 243
60 11 254
60 12 267
60 13 39
60 14 246
60 15 286
60 16 127
60 17 83
60 18 173
60 19 237
60 20 44
60 21 109
60 22 110
60 23 71
60 24 114
60 25 68
60 26 38
60 27 33
60 28 263
60 29 64
60 30 86
60 31 59
60 32 263
60 33 250
60 34 161
60 35 58
60 36 269
60 37 57
60 38 111
60 39 290
60 40 127
60 41 81
60 42 216
60 43 274
60 44 280
60 45 227
60 46 82
60 47 50
60 48 258
60 49 214
60 50 38
60 51 175
60 52 112
60 53 276
60 54 200
60 55 109
60 56 109
60 57 259
60 58 92
60 59 227
60 61 268
60 62 183
60 63 300
60 64 57
60 65 179
60 66 189
60 67 67
60 68 277
60 69 239
60 70 297
60 71 168
60 72 49
60 73 58
60 74 81
60 75 300
60 76 175
60 77 77
60 78 40
60 79 274
60 80 89
60 81 275
60 82 225
60 83 156
60 84 153
60 85 62
60 86 182
60 87 80
60 88 100
60 89 238
60 90 286
60 91 108
60 92 232
60 93 295
60 94 257
60 95 167
60 96 207
60 97 225
60 98 111
60 99 169
61 1 78
61 2 62
61 3 78
61 4 107
61 5 300
61 6 117
61 7 130
61 8 268
61 9 71
61 10 133
61 11 210
61 12 195
61 13 225
61 14 158
61 15 291
61 16 215
61 17 109
61 18 278
61 19 272
61 20 179
61 21 100
61 22 199
61 23 285
61 24 58
61 25 69
61 26 81
61 27 267
61 28 152
61 29 39
61 30 179
61 31 195
61 32 89
61 33 218
61 34 194
61 35 197
61 36 59
61 37 79
61 38 242
61 39 297
61 40 240
61 41 89
61 42 225
61 43 264
61 44 227
61 45 285
61 46 96
61 47 62
61 48 65
61 49 58
61 50 251
61 51 300
61 52 105
61 53 192
61 54 217
61 55 141
61 56 196
61 57 172
61 58 189
61 59 283
61 60 268
61 62 262
61 63 135
61 64 150
61 65 267
61 66 186
61 67 176
61 68 39
61 69 231
61 70 158
61 71 276
61 72 257
61 73 109
61 74 268
61 75 281
61 76 110
61 77 199
61 78 234
61 79 211
61 80 147
61 81 279
61 82 88
61 83 107
61 84 136
61 85 217
61 86 146
61 87 196
61 88 205
61 89 154
61 90 102
61 91 210
61 92 219
61 93 123
61 94 135
61 95 154
61 96 299
61 97 107
61 98 294
61 99 37
62 1 31
62 2 135
62 3 221
62 4 296
62 5 106
62 6 122
62 7 66
62 8 213
62 9 143
62 10 260
62 11 283
62 12 185
62 13 243
62 14 73
62 15 140
62 16 88
62 17 297
62 18 111
62 19 100
62 20 40
62 21 144
62 22 60
62 23 123
62 24 271
62 25 118
62 26 200
62 27 50
62 28 280
62 29 77
62 30 38
62 31 112
62 32 116
62 33 217
62 34 240
62 35 259
62 36 298
62 37 180
62 38 131
62 39 221
62 40 232
62 41 185
62 42 293
62 43 250
62 44 88
62 45 204
62 46 241
62 47 43
62 48 257
62 49 262
62 50 155
62 51 263
62 52 184
62 53 144
62 54 126
62 55 95
62 56 236
62 57 246
62 58 222
62 59 267
62 60 183
62 61 262
62 63 220
62 64 215
62 65 56
62 66 93
62 67 268
62 68 159
62 69 56
62 70 234
62 71 169
62 72 274
62 73 257
62 74 85
62 75 153
62 76 204
62 77 221
62 78 280
62 79 174
62 80 153
62 81 94
62 82 31
62 83 187
62 84 170
62 85 81
62 86 114
62 87 165
62 88 194
62 89 192
62 90 110
62 91 243
62 92 87
62 93 149
62 94 81
62 95 49
62 96 124
62 97 105
62 98 278
62 99 192
63 1 145
63 2 259
63 3 182
63 4 120
63 5 109
63 6 42
63 7 286
63 8 128
63 9 180
63 10 204
63 11 279
63 12 46
63 13 184
63 14 123
63 15 75
63 16 157
63 17 209
63 18 225
63 19 290
63 20 280
63 21 82
63 22 94
63 23 271
63 24 177
63 25 147
63 26 166
63 27 182
63 28 274
63 29 106
63 30 193
63 31 245
63 32 182
63 33 273
63 34 101
63 35 151
63 36 220
63 37 190
63 38 38
63 39 260
63 40 211
63 41 239
63 42 206
63 43 268
63 44 228
63 45 51
63 46 235
63 47 209
63 48 77
63 49 188
63 50 217
63 51 244
63 52 144
63 53 73
63 54 196
63 55 296
63 56 185
63 57 244
63 58 83
63 59 291
63 60 300
63 61 135
63 62 220
63 64 135
63 65 238
63 66 252
63 67 83
63 68 191
63 69 106
63 70 151
63 71 258
63 72 285
63 73 289
63 74 230
63 75 205
63 76 113
63 77 289
63 78 299
63 79 133
63 80 63
63 81 144
63 82 91
63 83 289
63 84 273
63 85 272
63 86 240
63 87 117
63 88 201
63 89 53
63 90 121
63 91 280
63 92 155
63 93 116
63 94 92
63 95 83
63 96 103
63 97 235
63 98 254
63 99 179
64 1 281
64 2 217
64 3 200
64 4 138
64 5 114
64 6 88
64 7 286
64 8 92
64 9 273
64 10 149
64 11 107
64 12 235
64 13 257
64 14 139
64 15 255
64 16 246
64 17 244
64 18 59
64 19 207
64 20 188
64 21 212
64 22 162
64 23 252
64 24 98
64 25 250
64 26 101
64 27 86
64 28 258
64 29 101
64 30 261
64 31 292
64 32 205
64 33 284
64 34 293
64 35 193
64 36 221
64 37 52
64 38 221
64 39 141
64 40 105
64 41 60
64 42 263
64 43 94
64 44 165
64 45 262
64 46 195
64 47 113
64 48 111
64 49 261
64 50 186
64 51 113
64 52 274
64 53 94
64 54 33
64 55 159
64 56 202
64 57 91
64 58 138
64 59 261
64 60 57
64 61 150
64 62 215
64 63 135
64 65 269
64 66 51
64 67 289
64 68 194
64 69 230
64 70 192
64 71 130
64 72 80
64 73 203
64 74 54
64 75 210
64 76 65
64 77 259
64 78 182
64 79 175
64 80 248
64 81 129
64 82 132
64 83 193
64 84 203
64 85 183
64 86 262
64 87 159
64 88 257
64 89 139
64 90 218
64 91 289
64 92 257
64 93 242
64 94 148
64 95 69
64 96 300
64 97 68
64 98 248
64 99 152
65 1 46
65 2 197
65 3 166
65 4 195
65 5 207
65 6 221
65 7 117
65 8 135
65 9 138
65 10 164
65 11 137
65 12 190
65 13 295
65 14 269
65 15 270
65 16 100
65 17 256
65 18 182
65 19 187
65 20 155
65 21 183
65 22 282
65 23 102
65 24 224
65 25 126
65 26 281
65 27 62
65 28 191
65 29 192
65 30 78
65 31 253
65 32 207
65 33 105
65 34 143
65 35 94
65 36 243
65 37 41
65 38 157
65 39 223
65 40 121
65 41 239
65 42 240
65 43 33
65 44 126
65 45 91
65 46 74
65 47 241
65 48 140
65 49 93
65 50 140
65 51 48
65 52 155
65 53 90
65 54 232
65 55 271
65 56 88
65 57 288
65 58 261
65 59 183
65 60 179
65 61 267
65 62 56
65 63 238
65 64 269
65 66 264
65 67 276
65 68 38
65 69 80
65 70 212
65 71 278
65 72 232
65 73 221
65 74 182
65 75 133
65 76 183
65 77 138
65 78 225
65 79 234
65 80 143
65 81 45
65 82 288
65 83 207
65 84 205
65 85 98
65 86 118
65 87 255
65 88 52
65 89 186
65 90 156
65 91 203
65 92 211
65 93 196
65 94 254
65 95 220
65 96 152
65 97 197
65 98 194
65 99 108
66 1 235
66 2 215
66 3 110
66 4 142
66 5 85
66 6 62
66 7 157
66 8 297
66 9 54
66 10 88
66 11 113
66 12 216
66 13 294
66 14 236
66 15 38
66 16 200
66 17 273
66 18 118
66 19 81
66 20 271
66 21 64
66 22 272
66 23 85
66 24 94
66 25 96
66 26 90
66 27 41
66 28 148
66 29 103
66 30 40
66 31 40
66 32 131
66 33 192
66 34 128
66 35 272
66 36 66
66 37 148
66 38 269
66 39 236
66 40 221
66 41 57
66 42 178
66 43 41
66 44 120
66 45 66
66 46 128
66 47 173
66 48 79
66 49 150
66 50 196
66 51 157
66 52 75
66 53 168
66 54 121
66 55 151
66 56 76
66 57 260
66 58 215
66 59 195
66 60 189
66 61 186
66 62 93
66 63 252
66 64 51
66 65 264
66 67 57
66 68 121
66 69 290
66 70 90
66 71 174
66 72 244
66 73 277
66 74 138
66 75 197
66 76 77
66 77 191
66 78 143
66 79 266
66 80 100
66 81 97
66 82 253
66 83 44
66 84 41
66 85 159
66 86 130
66 87 131
66 88 299
66 89 290
66 90 84
66 91 39
66 92 300
66 93 98
66 94 173
66 95 133
66 96 127
66 97 268
66 98 231
66 99 192
67 1 61
67 2 267
67 3 185
67 4 78
67 5 226
67 6 141
67 7 247
67 8 203
67 9 113
67 10 111
67 11 202
67 12 111
67 13 238
67 14 211
67 15 90
67 16 70
67 17 185
67 18 222
67 19 246
67 20 163
67 21 146
67 22 179
67 23 269
67 24 125
67 25 132
67 26 288
67 27 99
67 28 88
67 29 146
67 30 78
67 31 270
67 32 282
67 33 98
67 34 99
67 35 50
67 36 88
67 37 246
67 38 267
67 39 176
67 40 263
67 41 121
67 42 156
67 43 72
67 44 190
67 45 99
67 46 81
67 47 59
67 48 279
67 49 54
67 50 273
67 51 60
67 52 192
67 53 176
67 54 73
67 55 96
67 56 220
67 57 156
67 58 220
67 59 298
67 60 67
67 61 176
67 62 268
67 63 83
67 64 289
67 65 276
67 66 57
67 68 214
67 69 174
67 70 58
67 71 110
67 72 171
67 73 249
67 74 176
67 75 297
67 76 227
67 77 137
67 78 52
67 79 88
67 80 175
67 81 193
67 82 160
67 83 44
67 84 221
67 85 195
67 86 223
67 87 186
67 88 136
67 89 219
67 90 146
67 91 185
67 92 96
67 93 102
67 94 60
67 95 238
67 96 191
67 97 213
67 98 176
67 99 109
68 1 224
68 2 264
68 3 263
68 4 128
68 5 56
68 6 46
68 7 277
68 8 211
68 9 173
68 10 103
68 11 159
68 12 50
68 13 184
68 14 135
68 15 221
68 16 52
68 17 144
68 18 300
68 19 209
68 20 206
68 21 148
68 22 91
68 23 75
68 24 233
68 25 195
68 26 195
68 27 209
68 28 101
68 29 212
68 30 51
68 31 214
68 32 50
68 33 116
68 34 249
68 35 209
68 36 57
68 37 152
68 38 193
68 39 154
68 40 66
68 41 267
68 42 197
68 43 213
68 44 280
68 45 112
68 46 290
68 47 217
68 48 59
68 49 289
68 50 30
68 51 245
68 52 283
68 53 192
68 54 159
68 55 54
68 56 85
68 57 288
68 58 79
68 59 185
68 60 277
68 61 39
68 62 159
68 63 191
68 64 194
68 65 38
68 66 121
68 67 214
68 69 95
68 70 282
68 71 297
68 72 54
68 73 32
68 74 172
68 75 127
68 76 200
68 77 127
68 78 80
68 79 251
68 80 42
68 81 53
68 82 132
68 83 45
68 84 198
68 85 184
68 86 207
68 87 213
68 88 298
68 89 176
68 90 176
68 91 284
68 92 255
68 93 38
68 94 220
68 95 264
68 96 72
68 97 212
68 98 185
68 99 275
69 1 107
69 2 122
69 3 142
69 4 74
69 5 73
69 6 119
69 7 240
69 8 215
69 9 192
69 10 104
69 11 133
69 12 111
69 13 277
69 14 140
69 15 126
69 16 38
69 17 299
69 18 182
69 19 59
69 20 190
69 21 211
69 22 269
69 23 293
69 24 41
69 25 69
69 26 199
69 27 242
69 28 282
69 29 247
69 30 125
69 31 89
69 32 42
69 33 286
69 34 85
69 35 213
69 36 254
69 37 40
69 38 255
69 39 50
69 40 274
69 41 138
69 42 63
69 43 163
69 44 58
69 45 43
69 46 184
69 47 293
69 48 278
69 49 85
69 50 45
69 51 260
69 52 266
69 53 90
69 54 94
69 55 122
69 56 38
69 57 127
69 58 184
69 59 224
69 60 239
69 61 231
69 62 56
69 63 106
69 64 230
69 65 80
69 66 290
69 67 174
69 68 95
69 70 71
69 71 164
69 72 46
69 73 152
69 74 168
69 75 241
69 76 210
69 77 200
69 78 234
69 79 212
69 80 64
69 81 268
69 82 248
69 83 34
69 84 207
69 85 249
69 86 97
69 87 130
69 88 179
69 89 100
69 90 174
69 91 255
69 92 167
69 93 272
69 94 171
69 95 262
69 96 139
69 97 47
69 98 269
69 99 296
70 1 101
70 2 47
70 3 43
70 4 60
70 5 102
70 6 256
70 7 186
70 8 202
70 9 258
70 10 250
70 11 271
70 12 115
70 13 283
70 14 196
70 15 200
70 16 228
70 17 188
70 18 203
70 19 182
70 20 48
70 21 164
70 22 98
70 23 162
70 24 191
70 25 84
70 26 88
70 27 219
70 28 224
70 29 41
70 30 81
70 31 158
70 32 93
70 33 163
70 34 105
70 35 34
70 36 234
70 37 135
70 38 184
70 39 53
70 40 117
70 41 290
70 42 130
70 43 253
70 44 112
70 45 196
70 46 214
70 47 123
70 48 84
70 49 169
70 50 75
70 51 62
70 52 170
70 53 181
70 54 271
70 55 283
70 56 206
70 57 184
70 58 276
70 59 232
70 60 297
70 61 158
70 62 234
70 63 151
70 64 192
70 65 212
70 66 90
70 67 58
70 68 282
70 69 71
70 71 241
70 72 191
70 73 200
70 74 158
70 75 210
70 76 188
70 77 144
70 78 87
70 79 134
70 80 295
70 81 230
70 82 281
70 83 294
70 84 198
70 85 53
70 86 132
70 87 192
70 88 92
70 89 40
70 90 65
70 91 289
70 92 284
70 93 61
70 94 44
70 95 206
70 96 227
70 97 254
70 98 272
70 99 157
71 1 277
71 2 99
71 3 177
71 4 300
71 5 292
71 6 168
71 7 40
71 8 227
71 9 113
71 10 218
71 11 46
71 12 101
71 13 133
71 14 105
71 15 229
71 16 131
71 17 172
71 18 207
71 19 233
71 20 207
71 21 162
71 22 75
71 23 160
71 24 176
71 25 226
71 26 36
71 27 284
71 28 70
71 29 195
71 30 82
71 31 213
71 32 92
71 33 35
71 34 158
71 35 134
71 36 46
71 37 90
71 38 300
71 39 245
71 40 182
71 41 86
71 42 61
71 43 82
71 44 128
71 45 159
71 46 64
71 47 281
71 48 258
71 49 169
71 50 161
71 51 75
71 52 195
71 53 188
71 54 80
71 55 156
71 56 35
71 57 132
71 58 231
71 59 73
71 60 168
71 61 276
71 62 169
71 63 258
71 64 130
71 65 278
71 66 174
71 67 110
71 68 297
71 69 164
71 70 241
71 72 51
71 73 49
71 74 123
71 75 295
71 76 100
71 77 113
71 78 240
71 79 123
71 80 89
71 81 109
71 82 248
71 83 129
71 84 140
71 85 220
71 86 84
71 87 40
71 88 180
71 89 136
71 90 74
71 91 80
71 92 190
71 93 204
71 94 53
71 95 49
71 96 90
71 97 174
71 98 233
71 99 284
72 1 43
72 2 279
72 3 62
72 4 80
72 5 245
72 6 208
72 7 98
72 8 196
72 9 165
72 10 205
72 11 237
72 12 293
72 13 146
72 14 80
72 15 73
72 16 136
72 17 266
72 18 91
72 19 277
72 20 81
72 21 165
72 22 50
72 23 266
72 24 104
72 25 49
72 26 66
72 27 276
72 28 108
72 29 251
72 30 109
72 31 153
72 32 77
72 33 100
72 34 83
72 35 239
72 36 143
72 37 131
72 38 237
72 39 148
72 40 66
72 41 132
72 42 164
72 43 143
72 44 216
72 45 254
72 46 260
72 47 299
72 48 68
72 49 143
72 50 93
72 51 298
72 52 45
72 53 194
72 54 56
72 55 44
72 56 169
72 57 175
72 58 204
72 59 132
72 60 49
72 61 257
72 62 274
72 63 285
72 64 80
72 65 232
72 66 244
72 67 171
72 68 54
72 69 46
72 70 191
72 71 51
72 73 189
72 74 162
72 75 201
72 76 293
72 77 236
72 78 176
72 79 190
72 80 134
72 81 51
72 82 202
72 83 97
72 84 166
72 85 38
72 86 75
72 87 216
72 88 73
72 89 138
72 90 180
72 91 127
72 92 146
72 93 79
72 94 133
72 95 150
72 96 30
72 97 182
72 98 149
72 99 185
73 1 48
73 2 92
73 3 172
73 4 162
73 5 82
73 6 235
73 7 97
73 8 174
73 9 151
73 10 83
73 11 108
73 12 229
73 13 261
73 14 99
73 15 34
73 16 145
73 17 70
73 18 197
73 19 169
73 20 53
73 21 207
73 22 289
73 23 60
73 24 162
73 25 279
73 26 257
73 27 251
73 28 162
73 29 234
73 30 188
73 31 276
73 32 146
73 33 205
73 34 191
73 35 198
73 36 193
73 37 276
73 38 212
73 39 109
73 40 147
73 41 52
73 42 187
73 43 192
73 44 268
73 45 231
73 46 62
73 47 250
73 48 178
73 49 58
73 50 185
73 51 118
73 52 289
73 53 93
73 54 189
73 55 148
73 56 75
73 57 58
73 58 211
73 59 237
73 60 58
73 61 109
73 62 257
73 63 289
73 64 203
73 65 221
73 66 277
73 67 249
73 68 32
73 69 152
73 70 200
73 71 49
73 72 189
73 74 242
73 75 191
73 76 288
73 77 198
73 78 70
73 79 155
73 80 87
73 81 105
73 82 300
73 83 110
73 84 269
73 85 161
73 86 81
73 87 112
73 88 282
73 89 166
73 90 154
73 91 163
73 92 275
73 93 181
73 94 273
73 95 123
73 96 134
73 97 69
73 98 238
73 99 265
74 1 261
74 2 141
74 3 62
74 4 50
74 5 295
74 6 49
74 7 246
74 8 241
74 9 280
74 10 62
74 11 135
74 12 169
74 13 142
74 14 263
74 15 257
74 16 288
74 17 275
74 18 181
74 19 75
74 20 81
74 21 267
74 22 236
74 23 33
74 24 191
74 25 231
74 26 62
74 27 291
74 28 177
74 29 130
74 30 208
74 31 95
74 32 113
74 33 106
74 34 45
74 35 198
74 36 242
74 37 273
74 38 229
74 39 101
74 40 135
74 41 266
74 42 240
74 43 214
74 44 216
74 45 225
74 46 229
74 47 255
74 48 294
74 49 281
74 50 109
74 51 79
74 52 90
74 53 236
74 54 90
74 55 227
74 56 134
74 57 283
74 58 32
74 59 131
74 60 81
74 61 268
74 62 85
74 63 230
74 64 54
74 65 182
74 66 138
74 67 176
74 68 172
74 69 168
74 70 158
74 71 123
74 72 162
74 73 242
74 75 115
74 76 139
74 77 95
74 78 143
74 79 72
74 80 232
74 81 230
74 82 224
74 83 116
74 84 299
74 85 228
74 86 37
74 87 34
74 88 247
74 89 178
74 90 281
74 91 253
74 92 81
74 93 154
74 94 70
74 95 223
74 96 181
74 97 293
74 98 74
74 99 199
75 1 134
75 2 187
75 3 30
75 4 112
75 5 64
75 6 253
75 7 63
75 8 299
75 9 148
75 10 61
75 11 144
75 12 238
75 13 73
75 14 194
75 15 227
75 16 78
75 17 203
75 18 279
75 19 288
75 20 179
75 21 239
75 22 160
75 23 207
75 24 167
75 25 140
75 26 151
75 27 126
75 28 299
75 29 113
75 30 245
75 31 274
75 32 129
75 33 135
75 34 78
75 35 189
75 36 180
75 37 34
75 38 254
75 39 173
75 40 54
75 41 104
75 42 206
75 43 133
75 44 234
75 45 223
75 46 148
75 47 182
75 48 113
75 49 254
75 50 204
75 51 123
75 52 196
75 53 292
75 54 73
75 55 35
75 56 116
75 57 203
75 58 206
75 59 235
75 60 300
75 61 281
75 62 153
75 63 205
75 64 210
75 65 133
75 66 197
75 67 297
75 68 127
75 69 241
75 70 210
75 71 295
75 72 201
75 73 191
75 74 115
75 76 250
75 77 229
75 78 212
75 79 81
75 80 163
75 81 68
75 82 137
75 83 137
75 84 233
75 85 268
75 86 253
75 87 124
75 88 37
75 89 139
75 90 101
75 91 267
75 92 249
75 93 84
75 94 58
75 95 271
75 96 244
75 97 224
75 98 156
75 99 287
76 1 225
76 2 132
76 3 251
76 4 222
76 5 73
76 6 127
76 7 217
76 8 228
76 9 106
76 10 100
76 11 138
76 12 282
76 13 62
76 14 87
76 15 190
76 16 276
76 17 253
76 18 269
76 19 169
76 20 241
76 21 167
76 22 290
76 23 63
76 24 259
76 25 76
76 26 137
76 27 90
76 28 56
76 29 255
76 30 239
76 31 129
76 32 170
76 33 164
76 34 224
76 35 33
76 36 84
76 37 63
76 38 190
76 39 216
76 40 129
76 41 275
76 42 226
76 43 110
76 44 217
76 45 290
76 46 283
76 47 217
76 48 149
76 49 97
76 50 138
76 51 251
76 52 184
76 53 153
76 54 92
76 55 177
76 56 281
76 57 207
76 58 109
76 59 228
76 60 175
76 61 110
76 62 204
76 63 113
76 64 65
76 65 183
76 66 77
76 67 227
76 68 200
76 69 210
76 70 188
76 71 100
76 72 293
76 73 288
76 74 139
76 75 250
76 77 251
76 78 287
76 79 261
76 80 294
76 81 58
76 82 249
76 83 123
76 84 34
76 85 61
76 86 277
76 87 125
76 88 224
76 89 103
76 90 249
76 91 189
76 92 229
76 93 271
76 94 219
76 95 282
76 96 215
76 97 289
76 98 48
76 99 260
77 1 165
77 2 81
77 3 256
77 4 229
77 5 89
77 6 171
77 7 272
77 8 208
77 9 188
77 10 135
77 11 114
77 12 254
77 13 190
77 14 109
77 15 104
77 16 182
77 17 128
77 18 165
77 19 270
77 20 131
77 21 181
77 22 117
77 23 46
77 24 187
77 25 283
77 26 208
77 27 274
77 28 114
77 29 120
77 30 296
77 31 288
77 32 128
77 33 202
77 34 247
77 35 81
77 36 290
77 37 200
77 38 127
77 39 89
77 40 164
77 41 123
77 42 293
77 43 49
77 44 288
77 45 268
77 46 276
77 47 115
77 48 226
77 49 141
77 50 152
77 51 90
77 52 268
77 53 43
77 54 181
77 55 113
77 56 189
77 57 248
77 58 168
77 59 242
77 60 77
77 61 199
77 62 221
77 63 289
77 64 259
77 65 138
77 66 191
77 67 137
77 68 127
77 69 200
77 70 144
77 71 113
77 72 236
77 73 198
77 74 95
77 75 229
77 76 251
77 78 223
77 79 150
77 80 265
77 81 40
77 82 195
77 83 43
77 84 273
77 85 172
77 86 244
77 87 121
77 88 179
77 89 214
77 90 264
77 91 102
77 92 250
77 93 66
77 94 262
77 95 234
77 96 220
77 97 89
77 98 219
77 99 48
78 1 231
78 2 283
78 3 40
78 4 271
78 5 262
78 6 284
78 7 297
78 8 134
78 9 271
78 10 84
78 11 273
78 12 103
78 13 217
78 14 98
78 15 199
78 16 276
78 17 228
78 18 203
78 19 169
78 20 241
78 21 191
78 22 34
78 23 168
78 24 283
78 25 68
78 26 298
78 27 224
78 28 103
78 29 77
78 30 203
78 31 272
78 32 88
78 33 49
78 34 108
78 35 289
78 36 229
78 37 198
78 38 133
78 39 114
78 40 190
78 41 114
78 42 287
78 43 243
78 44 32
78 45 221
78 46 185
78 47 72
78 48 47
78 49 180
78 50 92
78 51 110
78 52 192
78 53 74
78 54 85
78 55 282
78 56 125
78 57 146
78 58 248
78 59 35
78 60 40
78 61 234
78 62 280
78 63 299
78 64 182
78 65 225
78 66 143
78 67 52
78 68 80
78 69 234
78 70 87
78 71 240
78 72 176
78 73 70
78 74 143
78 75 212
78 76 287
78 77 223
78 79 115
78 80 194
78 81 245
78 82 58
78 83 237
78 84 279
78 85 205
78 86 63
78 87 263
78 88 264
78 89 87
78 90 81
78 91 129
78 92 256
78 93 155
78 94 40
78 95 260
78 96 108
78 97 50
78 98 149
78 99 175
79 1 82
79 2 73
79 3 255
79 4 276
79 5 46
79 6 247
79 7 87
79 8 131
79 9 287
79 10 133
79 11 133
79 12 257
79 13 129
79 14 44
79 15 179
79 16 270
79 17 66
79 18 122
79 19 265
79 20 203
79 21 211
79 22 39
79 23 46
79 24 61
79 25 149
79 26 242
79 27 142
79 28 208
79 29 215
79 30 89
79 31 69
79 32 128
79 33 139
79 34 187
79 35 47
79 36 291
79 37 39
79 38 90
79 39 140
79 40 134
79 41 99
79 42 263
79 43 204
79 44 122
79 45 200
79 46 204
79 47 217
79 48 177
79 49 66
79 50 43
79 51 146
79 52 268
79 53 198
79 54 52
79 55 232
79 56 86
79 57 36
79 58 123
79 59 179
79 60 274
79 61 211
79 62 174
79 63 133
79 64 175
79 65 234
79 66 266
79 67 88
79 68 251
79 69 212
79 70 134
79 71 123
79 72 190
79 73 155
79 74 72
79 75 81
79 76 261
79 77 150
79 78 115
79 80 35
79 81 160
79 82 258
79 83 195
79 84 38
79 85 169
79 86 122
79 87 49
79 88 193
79 89 136
79 90 236
79 91 37
79 92 269
79 93 116
79 94 126
79 95 144
79 96 80
79 97 84
79 98 162
79 99 186
80 1 170
80 2 161
80 3 257
80 4 217
80 5 216
80 6 188
80 7 106
80 8 180
80 9 277
80 10 67
80 11 59
80 12 256
80 13 185
80 14 241
80 15 159
80 16 205
80 17 81
80 18 60
80 19 174
80 20 198
80 21 262
80 22 123
80 23 211
80 24 222
80 25 95
80 26 268
80 27 162
80 28 259
80 29 108
80 30 209
80 31 228
80 32 72
80 33 208
80 34 224
80 35 201
80 36 246
80 37 87
80 38 82
80 39 300
80 40 259
80 41 41
80 42 192
80 43 190
80 44 231
80 45 45
80 46 116
80 47 147
80 48 212
80 49 297
80 50 86
80 51 139
80 52 173
80 53 236
80 54 211
80 55 258
80 56 288
80 57 58
80 58 52
80 59 61
80 60 89
80 61 147
80 62 153
80 63 63
80 64 248
80 65 143
80 66 100
80 67 175
80 68 42
80 69 64
80 70 295
80 71 89
80 72 134
80 73 87
80 74 232
80 75 163
80 76 294
80 77 265
80 78 194
80 79 35
80 81 92
80 82 109
80 83 107
80 84 216
80 85 211
80 86 91
80 87 205
80 88 93
80 89 72
80 90 291
80 91 176
80 92 205
80 93 115
80 94 79
80 95 217
80 96 209
80 97 65
80 98 256
80 99 87
81 1 284
81 2 37
81 3 257
81 4 143
81 5 262
81 6 120
81 7 102
81 8 32
81 9 212
81 10 213
81 11 37
81 12 181
81 13 92
81 14 164
81 15 135
81 16 287
81 17 44
81 18 114
81 19 31
81 20 32
81 21 296
81 22 66
81 23 174
81 24 231
81 25 129
81 26 149
81 27 60
81 28 146
81 29 32
81 30 171
81 31 64
81 32 240
81 33 250
81 34 259
81 35 181
81 36 257
81 37 185
81 38 140
81 39 183
81 40 201
81 41 126
81 42 193
81 43 213
81 44 219
81 45 86
81 46 33
81 47 241
81 48 235
81 49 247
81 50 224
81 51 273
81 52 196
81 53 183
81 54 252
81 55 140
81 56 283
81 57 295
81 58 83
81 59 214
81 60 275
81 61 279
81 62 94
81 63 144
81 64 129
81 65 45
81 66 97
81 67 193
81 68 53
81 69 268
81 70 230
81 71 109
81 72 51
81 73 105
81 74 230
81 75 68
81 76 58
81 77 40
81 78 245
81 79 160
81 80 92
81 82 215
81 83 256
81 84 230
81 85 289
81 86 178
81 87 194
81 88 208
81 89 265
81 90 75
81 91 95
81 92 43
81 93 68
81 94 33
81 95 112
81 96 225
81 97 283
81 98 157
81 99 75
82 1 65
82 2 46
82 3 257
82 4 76
82 5 43
82 6 82
82 7 146
82 8 41
82 9 244
82 10 65
82 11 273
82 12 183
82 13 124
82 14 42
82 15 75
82 16 237
82 17 154
82 18 273
82 19 256
82 20 174
82 21 78
82 22 47
82 23 134
82 24 286
82 25 242
82 26 183
82 27 207
82 28 256
82 29 139
82 30 84
82 31 194
82 32 179
82 33 195
82 34 78
82 35 292
82 36 141
82 37 217
82 38 128
82 39 149
82 40 228
82 41 112
82 42 218
82 43 298
82 44 122
82 45 149
82 46 269
82 47 140
82 48 35
82 49 191
82 50 256
82 51 240
82 52 170
82 53 206
82 54 206
82 55 119
82 56 291
82 57 222
82 58 219
82 59 268
82 60 225
82 61 88
82 62 31
82 63 91
82 64 132
82 65 288
82 66 253
82 67 160
82 68 132
82 69 248
82 70 281
82 71 248
82 72 202
82 73 300
82 74 224
82 75 137
82 76 249
82 77 195
82 78 58
82 79 258
82 80 109
82 81 215
82 83 105
82 84 80
82 85 215
82 86 243
82 87 125
82 88 147
82 89 83
82 90 212
82 91 150
82 92 195
82 93 293
82 94 210
82 95 222
82 96 40
82 97 268
82 98 262
82 99 229
83 1 265
83 2 66
83 3 278
83 4 229
83 5 271
83 6 88
83 7 288
83 8 76
83 9 86
83 10 71
83 11 190
83 12 71
83 13 72
83 14 33
83 15 212
83 16 218
83 17 76
83 18 62
83 19 40
83 20 238
83 21 106
83 22 129
83 23 183
83 24 31
83 25 166
83 26 238
83 27 169
83 28 76
83 29 234
83 30 191
83 31 221
83 32 151
83 33 51
83 34 245
83 35 155
83 36 179
83 37 104
83 38 183
83 39 273
83 40 104
83 41 278
83 42 122
83 43 260
83 44 50
83 45 39
83 46 176
83 47 126
83 48 117
83 49 294
83 50 198
83 51 300
83 52 43
83 53 161
83 54 289
83 55 204
83 56 201
83 57 60
83 58 154
83 59 174
83 60 156
83 61 107
83 62 187
83 63 289
83 64 193
83 65 207
83 66 44
83 67 44
83 68 45
83 69 34
83 70 294
83 71 129
83 72 97
83 73 110
83 74 116
83 75 137
83 76 123
83 77 43
83 78 237
83 79 195
83 80 107
83 81 256
83 82 105
83 84 121
83 85 165
83 86 143
83 87 56
83 88 117
83 89 126
83 90 274
83 91 152
83 92 110
83 93 123
83 94 228
83 95 184
83 96 203
83 97 247
83 98 106
83 99 250
84 1 96
84 2 180
84 3 104
84 4 290
84 5 45
84 6 300
84 7 90
84 8 67
84 9 91
84 10 56
84 11 262
84 12 273
84 13 81
84 14 234
84 15 274
84 16 216
84 17 257
84 18 94
84 19 205
84 20 279
84 21 74
84 22 221
84 23 292
84 24 161
84 25 73
84 26 43
84 27 56
84 28 269
84 29 266
84 30 164
84 31 193
84 32 213
84 33 171
84 34 130
84 35 200
84 36 258
84 37 252
84 38 276
84 39 225
84 40 168
84 41 146
84 42 205
84 43 288
84 44 77
84 45 250
84 46 240
84 47 295
84 48 165
84 49 194
84 50 198
84 51 50
84 52 141
84 53 89
84 54 298
84 55 71
84 56 44
84 57 97
84 58 40
84 59 140
84 60 153
84 61 136
84 62 170
84 63 273
84 64 203
84 65 205
84 66 41
84 67 221
84 68 198
84 69 207
84 70 198
84 71 140
84 72 166
84 73 269
84 74 299
84 75 233
84 76 34
84 77 273
84 78 279
84 79 38
84 80 216
84 81 230
84 82 80
84 83 121
84 85 64
84 86 44
84 87 260
84 88 52
84 89 256
84 90 60
84 91 144
84 92 249
84 93 212
84 94 277
84 95 127
84 96 289
84 97 208
84 98 183
84 99 211
85 1 237
85 2 187
85 3 284
85 4 261
85 5 265
85 6 46
85 7 99
85 8 282
85 9 235
85 10 33
85 11 189
85 12 109
85 13 183
85 14 293
85 15 168
85 16 132
85 17 264
85 18 200
85 19 200
85 20 208
85 21 59
85 22 246
85 23 256
85 24 268
85 25 107
85 26 72
85 27 50
85 28 243
85 29 97
85 30 244
85 31 214
85 32 146
85 33 94
85 34 179
85 35 178
85 36 256
85 37 285
85 38 176
85 39 103
85 40 295
85 41 119
85 42 80
85 43 216
85 44 153
85 45 91
85 46 193
85 47 273
85 48 162
85 49 205
85 50 101
85 51 138
85 52 298
85 53 78
85 54 277
85 55 188
85 56 216
85 57 295
85 58 192
85 59 244
85 60 62
85 61 217
85 62 81
85 63 272
85 64 183
85 65 98
85 66 159
85 67 195
85 68 184
85 69 249
85 70 53
85 71 220
85 72 38
85 73 161
85 74 228
85 75 268
85 76 61
85 77 172
85 78 205
85 79 169
85 80 211
85 81 289
85 82 215
85 83 165
85 84 64
85 86 190
85 87 84
85 88 93
85 89 143
85 90 240
85 91 157
85 92 129
85 93 224
85 94 144
85 95 144
85 96 270
85 97 153
85 98 178
85 99 248
86 1 34
86 2 297
86 3 103
86 4 232
86 5 214
86 6 293
86 7 232
86 8 272
86 9 187
86 10 271
86 11 127
86 12 89
86 13 48
86 14 52
86 15 32
86 16 283
86 17 272
86 18 218
86 19 149
86 20 262
86 21 144
86 22 210
86 23 281
86 24 132
86 25 144
86 26 48
86 27 212
86 28 136
86 29 261
86 30 262
86 31 51
86 32 137
86 33 240
86 34 107
86 35 197
86 36 222
86 37 178
86 38 107
86 39 91
86 40 131
86 41 260
86 42 235
86 43 191
86 44 187
86 45 188
86 46 162
86 47 256
86 48 77
86 49 282
86 50 246
86 51 194
86 52 181
86 53 230
86 54 97
86 55 139
86 56 186
86 57 39
86 58 40
86 59 133
86 60 182
86 61 146
86 62 114
86 63 240
86 64 262
86 65 118
86 66 130
86 67 223
86 68 207
86 69 97
86 70 132
86 71 84
86 72 75
86 73 81
86 74 37
86 75 253
86 76 277
86 77 244
86 78 63
86 79 122
86 80 91
86 81 178
86 82 243
86 83 143
86 84 44
86 85 190
86 87 83
86 88 195
86 89 114
86 90 49
86 91 240
86 92 138
86 93 45
86 94 81
86 95 292
86 96 128
86 97 293
86 98 72
86 99 257
87 1 233
87 2 197
87 3 85
87 4 152
87 5 154
87 6 221
87 7 47
87 8 177
87 9 213
87 10 67
87 11 118
87 12 200
87 13 48
87 14 89
87 15 195
87 16 258
87 17 170
87 18 39
87 19 247
87 20 184
87 21 234
87 22 93
87 23 103
87 24 238
87 25 189
87 26 174
87 27 280
87 28 266
87 29 36
87 30 270
87 31 202
87 32 157
87 33 138
87 34 240
87 35 241
87 36 47
87 37 221
87 38 146
87 39 166
87 40 179
87 41 229
87 42 137
87 43 241
87 44 225
87 45 223
87 46 291
87 47 183
87 48 44
87 49 282
87 50 201
87 51 151
87 52 175
87 53 48
87 54 62
87 55 121
87 56 82
87 57 179
87 58 254
87 59 297
87 60 80
87 61 196
87 62 165
87 63 117
87 64 159
87 65 255
87 66 131
87 67 186
87 68 213
87 69 130
87 70 192
87 71 40
87 72 216
87 73 112
87 74 34
87 75 124
87 76 125
87 77 121
87 78 263
87 79 49
87 80 205
87 81 194
87 82 125
87 83 56
87 84 260
87 85 84
87 86 83
87 88 224
87 89 105
87 90 97
87 91 287
87 92 168
87 93 85
87 94 89
87 95 50
87 96 168
87 97 76
87 98 245
87 99 249
88 1 268
88 2 42
88 3 100
88 4 178
88 5 139
88 6 271
88 7 77
88 8 212
88 9 206
88 10 48
88 11 76
88 12 156
88 13 298
88 14 225
88 15 142
88 16 159
88 17 279
88 18 176
88 19 232
88 20 116
88 21 179
88 22 41
88 23 175
88 24 290
88 25 180
88 26 44
88 27 86
88 28 61
88 29 241
88 30 189
88 31 293
88 32 51
88 33 114
88 34 70
88 35 35
88 36 154
88 37 31
88 38 288
88 39 78
88 40 129
88 41 288
88 42 191
88 43 244
88 44 192
88 45 179
88 46 210
88 47 59
88 48 300
88 49 61
88 50 79
88 51 271
88 52 154
88 53 133
88 54 173
88 55 118
88 56 83
88 57 257
88 58 190
88 59 174
88 60 100
88 61 205
88 62 194
88 63 201
88 64 257
88 65 52
88 66 299
88 67 136
88 68 298
88 69 179
88 70 92
88 71 180
88 72 73
88 73 282
88 74 247
88 75 37
88 76 224
88 77 179
88 78 264
88 79 193
88 80 93
88 81 208
88 82 147
88 83 117
88 84 52
88 85 93
88 86 195
88 87 224
88 89 159
88 90 204
88 91 106
88 92 32
88 93 76
88 94 245
88 95 117
88 96 121
88 97 252
88 98 286
88 99 292
89 1 171
89 2 61
89 3 288
89 4 292
89 5 33
89 6 149
89 7 295
89 8 242
89 9 284
89 10 176
89 11 235
89 12 30
89 13 256
89 14 299
89 15 175
89 16 124
89 17 195
89 18 88
89 19 267
89 20 227
89 21 240
89 22 65
89 23 158
89 24 278
89 25 75
89 26 281
89 27 85
89 28 296
89 29 127
89 30 33
89 31 87
89 32 113
89 33 285
89 34 61
89 35 261
89 36 185
89 37 106
89 38 127
89 39 252
89 40 219
89 41 124
89 42 147
89 43 150
89 44 290
89 45 250
89 46 72
89 47 217
89 48 298
89 49 296
89 50 134
89 51 109
89 52 117
89 53 120
89 54 144
89 55 181
89 56 223
89 57 255
89 58 260
89 59 166
89 60 238
89 61 154
89 62 192
89 63 53
89 64 139
89 65 186
89 66 290
89 67 219
89 68 176
89 69 100
89 70 40
89 71 136
89 72 138
89 73 166
89 74 178
89 75 139
89 76 103
89 77 214
89 78 87
89 79 136
89 80 72
89 81 265
89 82 83
89 83 126
89 84 256
89 85 143
89 86 114
89 87 105
89 88 159
89 90 146
89 91 191
89 92 210
89 93 274
89 94 212
89 95 32
89 96 129
89 97 222
89 98 178
89 99 50
90 1 190
90 2 111
90 3 165
90 4 74
90 5 296
90 6 290
90 7 203
90 8 196
90 9 122
90 10 64
90 11 213
90 12 198
90 13 97
90 14 47
90 15 242
90 16 232
90 17 154
90 18 140
90 19 83
90 20 267
90 21 250
90 22 117
90 23 93
90 24 248
90 25 221
90 26 297
90 27 87
90 28 178
90 29 71
90 30 101
90 31 241
90 32 135
90 33 189
90 34 288
90 35 300
90 36 205
90 37 63
90 38 111
90 39 229
90 40 288
90 41 75
90 42 104
90 43 274
90 44 199
90 45 216
90 46 230
90 47 114
90 48 287
90 49 199
90 50 140
90 51 66
90 52 100
90 53 269
90 54 152
90 55 186
90 56 206
90 57 261
90 58 242
90 59 104
90 60 286
90 61 102
90 62 110
90 63 121
90 64 218
90 65 156
90 66 84
90 67 146
90 68 176
90 69 174
90 70 65
90 71 74
90 72 180
90 73 154
90 74 281
90 75 101
90 76 249
90 77 264
90 78 81
90 79 236
90 80 291
90 81 75
90 82 212
90 83 274
90 84 60
90 85 240
90 86 49
90 87 97
90 88 204
90 89 146
90 91 105
90 92 151
90 93 263
90 94 84
90 95 288
90 96 30
90 97 206
90 98 171
90 99 64
91 1 156
91 2 132
91 3 142
91 4 42
91 5 273
91 6 83
91 7 262
91 8 85
91 9 237
91 10 203
91 11 170
91 12 147
91 13 273
91 14 95
91 15 103
91 16 164
91 17 52
91 18 279
91 19 105
91 20 174
91 21 175
91 22 159
91 23 39
91 24 234
91 25 146
91 26 133
91 27 81
91 28 216
91 29 286
91 30 202
91 31 214
91 32 180
91 33 227
91 34 234
91 35 213
91 36 140
91 37 117
91 38 194
91 39 226
91 40 276
91 41 47
91 42 76
91 43 39
91 44 163
91 45 58
91 46 48
91 47 254
91 48 166
91 49 40
91 50 110
91 51 263
91 52 256
91 53 238
91 54 259
91 55 280
91 56 186
91 57 86
91 58 86
91 59 129
91 60 108
91 61 210
91 62 243
91 63 280
91 64 289
91 65 203
91 66 39
91 67 185
91 68 284
91 69 255
91 70 289
91 71 80
91 72 127
91 73 163
91 74 253
91 75 267
91 76 189
91 77 102
91 78 129
91 79 37
91 80 176
91 81 95
91 82 150
91 83 152
91 84 144
91 85 157
91 86 240
91 87 287
91 88 106
91 89 191
91 90 105
91 92 50
91 93 159
91 94 298
91 95 268
91 96 225
91 97 231
91 98 297
91 99 176
92 1 153
92 2 245
92 3 48
92 4 99
92 5 148
92 6 50
92 7 152
92 8 238
92 9 59
92 10 281
92 11 171
92 12 193
92 13 212
92 14 130
92 15 118
92 16 135
92 17 51
92 18 42
92 19 290
92 20 158
92 21 110
92 22 222
92 23 31
92 24 219
92 25 184
92 26 31
92 27 132
92 28 188
92 29 217
92 30 48
92 31 233
92 32 210
92 33 189
92 34 220
92 35 49
92 36 150
92 37 59
92 38 95
92 39 192
92 40 282
92 41 122
92 42 183
92 43 101
92 44 253
92 45 289
92 46 139
92 47 207
92 48 183
92 49 86
92 50 248
92 51 264
92 52 145
92 53 270
92 54 207
92 55 133
92 56 280
92 57 107
92 58 280
92 59 249
92 60 232
92 61 219
92 62 87
92 63 155
92 64 257
92 65 211
92 66 300
92 67 96
92 68 255
92 69 167
92 70 284
92 71 190
92 72 146
92 73 275
92 74 81
92 75 249
92 76 229
92 77 250
92 78 256
92 79 269
92 80 205
92 81 43
92 82 195
92 83 110
92 84 249
92 85 129
92 86 138
92 87 168
92 88 32
92 89 210
92 90 151
92 91 50
92 93 137
92 94 45
92 95 226
92 96 36
92 97 279
92 98 175
92 99 162
93 1 45
93 2 281
93 3 235
93 4 150
93 5 255
93 6 287
93 7 289
93 8 47
93 9 93
93 10 31
93 11 138
93 12 78
93 13 208
93 14 290
93 15 224
93 16 241
93 17 138
93 18 130
93 19 286
93 20 293
93 21 127
93 22 291
93 23 174
93 24 225
93 25 269
93 26 142
93 27 129
93 28 113
93 29 105
93 30 40
93 31 166
93 32 62
93 33 212
93 34 299
93 35 154
93 36 102
93 37 45
93 38 258
93 39 30
93 40 242
93 41 97
93 42 190
93 43 153
93 44 131
93 45 50
93 46 288
93 47 210
93 48 42
93 49 67
93 50 242
93 51 236
93 52 134
93 53 89
93 54 153
93 55 248
93 56 131
93 57 114
93 58 142
93 59 159
93 60 295
93 61 123
93 62 149
93 63 116
93 64 242
93 65 196
93 66 98
93 67 102
93 68 38
93 69 272
93 70 61
93 71 204
93 72 79
93 73 181
93 74 154
93 75 84
93 76 271
93 77 66
93 78 155
93 79 116
93 80 115
93 81 68
93 82 293
93 83 123
93 84 212
93 85 224
93 86 45
93 87 85
93 88 76
93 89 274
93 90 263
93 91 159
93 92 137
93 94 99
93 95 124
93 96 184
93 97 85
93 98 220
93 99 144
94 1 280
94 2 298
94 3 191
94 4 171
94 5 130
94 6 207
94 7 282
94 8 217
94 9 218
94 10 150
94 11 55
94 12 112
94 13 128
94 14 189
94 15 252
94 16 66
94 17 58
94 18 118
94 19 215
94 20 149
94 21 75
94 22 115
94 23 229
94 24 220
94 25 154
94 26 236
94 27 276
94 28 232
94 29 137
94 30 35
94 31 45
94 32 289
94 33 56
94 34 90
94 35 128
94 36 164
94 37 110
94 38 115
94 39 96
94 40 106
94 41 111
94 42 148
94 43 275
94 44 213
94 45 246
94 46 255
94 47 112
94 48 74
94 49 293
94 50 213
94 51 180
94 52 157
94 53 207
94 54 47
94 55 293
94 56 286
94 57 210
94 58 95
94 59 220
94 60 257
94 61 135
94 62 81
94 63 92
94 64 148
94 65 254
94 66 173
94 67 60
94 68 220
94 69 171
94 70 44
94 71 53
94 72 133
94 73 273
94 74 70
94 75 58
94 76 219
94 77 262
94 78 40
94 79 126
94 80 79
94 81 33
94 82 210
94 83 228
94 84 277
94 85 144
94 86 81
94 87 89
94 88 245
94 89 212
94 90 84
94 91 298
94 92 45
94 93 99
94 95 279
94 96 59
94 97 173
94 98 268
94 99 234
95 1 43
95 2 253
95 3 37
95 4 293
95 5 239
95 6 99
95 7 222
95 8 31
95 9 285
95 10 145
95 11 264
95 12 99
95 13 193
95 14 173
95 15 107
95 16 91
95 17 125
95 18 228
95 19 287
95 20 110
95 21 238
95 22 81
95 23 183
95 24 71
95 25 150
95 26 132
95 27 286
95 28 62
95 29 204
95 30 253
95 31 147
95 32 269
95 33 135
95 34 228
95 35 102
95 36 178
95 37 286
95 38 110
95 39 123
95 40 188
95 41 288
95 42 177
95 43 250
95 44 227
95 45 120
95 46 61
95 47 296
95 48 164
95 49 153
95 50 163
95 51 58
95 52 129
95 53 284
95 54 83
95 55 99
95 56 96
95 57 136
95 58 219
95 59 269
95 60 167
95 61 154
95 62 49
95 63 83
95 64 69
95 65 220
95 66 133
95 67 238
95 68 264
95 69 262
95 70 206
95 71 49
95 72 150
95 73 123
95 74 223
95 75 271
95 76 282
95 77 234
95 78 260
95 79 144
95 80 217
95 81 112
95 82 222
95 83 184
95 84 127
95 85 144
95 86 292
95 87 50
95 88 117
95 89 32
95 90 288
95 91 268
95 92 226
95 93 124
95 94 279
95 96 120
95 97 297
95 98 74
95 99 200
96 1 271
96 2 90
96 3 202
96 4 275
96 5 214
96 6 135
96 7 280
96 8 205
96 9 285
96 10 148
96 11 285
96 12 180
96 13 40
96 14 133
96 15 296
96 16 166
96 17 111
96 18 115
96 19 95
96 20 46
96 21 93
96 22 117
96 23 126
96 24 138
96 25 73
96 26 187
96 27 206
96 28 285
96 29 190
96 30 155
96 31 124
96 32 262
96 33 87
96 34 194
96 35 124
96 36 134
96 37 158
96 38 58
96 39 103
96 40 125
96 41 160
96 42 292
96 43 66
96 44 158
96 45 263
96 46 31
96 47 64
96 48 175
96 49 145
96 50 230
96 51 32
96 52 97
96 53 224
96 54 111
96 55 253
96 56 32
96 57 47
96 58 152
96 59 294
96 60 207
96 61 299
96 62 124
96 63 103
96 64 300
96 65 152
96 66 127
96 67 191
96 68 72
96 69 139
96 70 227
96 71 90
96 72 30
96 73 134
96 74 181
96 75 244
96 76 215
96 77 220
96 78 108
96 79 80
96 80 209
96 81 225
96 82 40
96 83 203
96 84 289
96 85 270
96 86 128
96 87 168
96 88 121
96 89 129
96 90 30
96 91 225
96 92 36
96 93 184
96 94 59
96 95 120
96 97 151
96 98 117
96 99 198
97 1 30
97 2 197
97 3 254
97 4 136
97 5 276
97 6 178
97 7 128
97 8 189
97 9 45
97 10 211
97 11 96
97 12 178
97 13 161
97 14 265
97 15 198
97 16 72
97 17 210
97 18 96
97 19 239
97 20 47
97 21 48
97 22 296
97 23 253
97 24 122
97 25 157
97 26 85
97 27 39
97 28 246
97 29 50
97 30 234
97 31 230
97 32 97
97 33 294
97 34 153
97 35 214
97 36 299
97 37 271
97 38 239
97 39 127
97 40 236
97 41 40
97 42 209
97 43 187
97 44 277
97 45 75
97 46 269
97 47 105
97 48 251
97 49 69
97 50 281
97 51 245
97 52 76
97 53 168
97 54 141
97 55 124
97 56 149
97 57 193
97 58 152
97 59 60
97 60 225
97 61 107
97 62 105
97 63 235
97 64 68
97 65 197
97 66 268
97 67 213
97 68 212
97 69 47
97 70 254
97 71 174
97 72 182
97 73 69
97 74 293
97 75 224
97 76 289
97 77 89
97 78 50
97 79 84
97 80 65
97 81 283
97 82 268
97 83 247
97 84 208
97 85 153
97 86 293
97 87 76
97 88 252
97 89 222
97 90 206
97 91 231
97 92 279
97 93 85
97 94 173
97 95 297
97 96 151
97 98 69
97 99 78
98 1 201
98 2 254
98 3 277
98 4 119
98 5 204
98 6 116
98 7 195
98 8 109
98 9 235
98 10 294
98 11 153
98 12 241
98 13 175
98 14 144
98 15 298
98 16 196
98 17 264
98 18 67
98 19 101
98 20 179
98 21 150
98 22 123
98 23 176
98 24 284
98 25 248
98 26 69
98 27 208
98 28 190
98 29 283
98 30 289
98 31 139
98 32 67
98 33 35
98 34 299
98 35 202
98 36 289
98 37 169
98 38 273
98 39 267
98 40 266
98 41 165
98 42 122
98 43 66
98 44 88
98 45 300
98 46 111
98 47 227
98 48 70
98 49 64
98 50 296
98 51 170
98 52 98
98 53 300
98 54 212
98 55 134
98 56 250
98 57 191
98 58 71
98 59 233
98 60 111
98 61 294
98 62 278
98 63 254
98 64 248
98 65 194
98 66 231
98 67 176
98 68 185
98 69 269
98 70 272
98 71 233
98 72 149
98 73 238
98 74 74
98 75 156
98 76 48
98 77 219
98 78 149
98 79 162
98 80 256
98 81 157
98 82 262
98 83 106
98 84 183
98 85 178
98 86 72
98 87 245
98 88 286
98 89 178
98 90 171
98 91 297
98 92 175
98 93 220
98 94 268
98 95 74
98 96 117
98 97 69
98 99 207
1 t 291
2 t 248
3 t 42
4 t 295
5 t 110
6 t 65
7 t 181
8 t 215
9 t 57
10 t 229
11 t 62
12 t 288
13 t 163
14 t 83
15 t 119
16 t 275
17 t 103
18 t 187
19 t 261
20 t 41
21 t 95
22 t 288
23 t 219
24 t 30
25 t 216
26 t 185
27 t 283
28 t 218
29 t 130
30 t 253
31 t 276
32 t 173
33 t 141
34 t 146
35 t 118
36 t 107
37 t 38
38 t 252
39 t 267
40 t 53
41 t 270
42 t 276
43 t 119
44 t 125
45 t 34
46 t 147
47 t 287
48 t 193
49 t 281
50 t 165
51 t 291
52 t 141
53 t 87
54 t 51
55 t 207
56 t 90
57 t 50
58 t 208
59 t 233
60 t 169
61 t 37
62 t 192
63 t 179
64 t 152
65 t 108
66 t 192
67 t 109
68 t 275
69 t 296
70 t 157
71 t 284
72 t 185
73 t 265
74 t 199
75 t 287
76 t 260
77 t 48
78 t 175
79 t 186
80 t 87
81 t 75
82 t 229
83 t 250
84 t 211
85 t 248
86 t 257
87 t 249
88 t 292
89 t 50
90 t 64
91 t 176
92 t 162
93 t 144
94 t 234
95 t 200
96 t 198
97 t 78
98 t 207
