s 5 247
s 6 123
s 16 217
s 18 273
s 23 122
s 24 127
s 25 203
s 29 153
s 31 82
s 38 117
s 41 285
s 43 287
s 44 75
s 46 83
s 49 254
s 52 269
s 56 105
s 60 87
s 63 189
s 64 121
s 68 193
s 69 101
s 70 182
s 71 123
s 73 72
s 76 174
s 80 226
s 84 132
s 86 64
s 88 55
s 89 132
s 90 164
s 94 67
s 98 171
s 99 247
1 2 297
1 3 115
1 6 117
1 10 257
1 13 47
1 17 156
1 18 44
1 24 212
1 25 182
1 27 189
1 28 41
1 35 223
1 38 239
1 43 285
1 47 195
1 57 225
1 59 41
1 60 268
1 62 74
1 64 52
1 65 199
1 66 262
1 73 206
1 74 92
1 75 248
1 76 152
1 79 91
1 81 215
1 91 252
1 93 164
1 95 213
1 96 157
1 98 222
2 1 297
2 4 93
2 6 184
2 8 169
2 10 280
2 13 256
2 18 208
2 20 48
2 22 232
2 32 281
2 33 284
2 34 151
2 37 251
2 39 208
2 47 251
2 53 67
2 55 231
2 56 294
2 58 162
2 61 48
2 70 252
2 72 90
2 77 222
2 79 178
2 82 240
2 86 42
2 92 185
2 97 226
2 98 174
3 1 115
3 6 219
3 7 204
3 8 95
3 9 78
3 10 58
3 12 158
3 17 37
3 19 47
3 20 188
3 23 274
3 31 232
3 34 216
3 36 271
3 39 299
3 51 107
3 53 289
3 56 161
3 57 277
3 58 56
3 59 106
3 61 123
3 67 33
3 70 59
3 75 122
3 78 298
3 80 136
3 83 133
3 85 32
3 91 109
3 94 242
3 95 195
3 96 137
4 2 93
4 9 109
4 13 144
4 15 233
4 18 160
4 19 190
4 20 281
4 26 245
4 30 45
4 35 211
4 41 252
4 45 60
4 47 180
4 48 258
4 49 220
4 55 145
4 56 289
4 59 208
4 60 230
4 68 111
4 76 234
4 83 141
4 85 49
4 88 288
4 90 162
4 92 136
4 97 267
4 98 167
4 99 52
5 7 90
5 9 211
5 13 248
5 19 255
5 24 240
5 27 82
5 29 230
5 30 52
5 31 172
5 33 204
5 36 224
5 37 48
5 38 93
5 43 167
5 48 222
5 55 247
5 62 196
5 69 241
5 75 295
5 76 64
5 78 285
5 83 260
5 84 187
5 89 218
5 91 245
5 94 160
5 96 209
6 1 117
6 2 184
6 3 219
6 7 218
6 8 116
6 16 57
6 20 44
6 26 226
6 31 258
6 33 296
6 39 168
6 42 106
6 44 270
6 49 72
6 50 148
6 56 201
6 59 164
6 62 284
6 63 156
6 64 73
6 68 41
6 72 93
6 76 170
6 79 191
6 85 139
6 89 249
6 90 112
6 92 65
6 93 261
7 3 204
7 5 90
7 6 218
7 9 185
7 10 230
7 14 151
7 16 208
7 22 186
7 25 112
7 30 173
7 32 65
7 33 183
7 34 35
7 37 169
7 41 282
7 43 32
7 44 296
7 47 176
7 50 159
7 51 271
7 53 152
7 55 226
7 56 185
7 57 177
7 59 230
7 66 288
7 68 289
7 69 175
7 76 186
7 78 248
7 80 79
7 83 78
7 92 224
7 97 226
8 2 169
8 3 95
8 6 116
8 9 205
8 10 208
8 15 84
8 18 186
8 23 87
8 27 148
8 28 57
8 29 263
8 31 225
8 35 100
8 37 280
8 40 105
8 42 127
8 49 161
8 55 297
8 56 217
8 58 55
8 63 65
8 69 290
8 78 83
8 82 251
8 85 204
8 86 45
8 88 81
8 89 171
8 90 264
8 95 110
8 99 108
9 3 78
9 4 109
9 5 211
9 7 185
9 8 205
9 13 205
9 17 217
9 25 173
9 30 298
9 31 33
9 32 40
9 35 299
9 39 108
9 41 52
9 42 49
9 45 99
9 53 49
9 54 150
9 56 140
9 58 83
9 64 38
9 66 237
9 71 98
9 74 157
9 79 292
9 82 196
9 85 288
9 88 73
9 91 214
9 95 221
9 96 291
10 1 257
10 2 280
10 3 58
10 7 230
10 8 208
10 12 280
10 13 231
10 16 165
10 19 214
10 23 115
10 32 234
10 33 296
10 40 153
10 41 102
10 46 100
10 50 211
10 51 94
10 52 297
10 60 268
10 63 290
10 65 291
10 66 147
10 71 250
10 78 249
10 80 41
10 84 64
10 85 128
10 93 34
10 95 192
10 96 227
10 97 179
10 98 203
11 14 112
11 19 163
11 24 258
11 28 186
11 30 68
11 31 218
11 39 192
11 42 42
11 44 50
11 47 175
11 52 137
11 53 275
11 55 91
11 57 82
11 58 169
11 63 143
11 68 36
11 74 218
11 80 90
11 82 295
11 84 252
11 87 55
11 88 197
11 89 66
11 95 112
11 97 85
11 98 197
12 3 158
12 10 280
12 22 174
12 23 279
12 26 154
12 28 215
12 29 63
12 31 152
12 32 122
12 33 78
12 35 84
12 39 167
12 41 216
12 43 260
12 45 103
12 51 60
12 52 281
12 56 289
12 57 200
12 59 72
12 65 275
12 72 253
12 75 36
12 81 270
12 89 108
12 90 296
12 95 44
12 96 141
12 98 154
12 99 217
13 1 47
13 2 256
13 4 144
13 5 248
13 9 205
13 10 231
13 20 87
13 25 81
13 33 243
13 35 59
13 37 33
13 40 267
13 41 248
13 43 268
13 45 254
13 47 165
13 48 101
13 49 59
13 59 100
13 62 82
13 75 220
13 76 276
13 79 98
13 80 268
13 81 291
13 82 237
13 86 68
13 95 131
14 7 151
14 11 112
14 17 201
14 20 111
14 21 69
14 27 82
14 28 244
14 29 164
14 31 198
14 36 97
14 37 133
14 40 270
14 43 41
14 47 189
14 49 235
14 50 218
14 51 93
14 52 247
14 56 124
14 69 144
14 71 66
14 76 119
14 79 108
14 82 159
14 88 297
14 89 151
14 98 153
15 4 233
15 8 84
15 18 101
15 21 296
15 22 298
15 26 132
15 31 209
15 37 226
15 40 242
15 42 190
15 43 94
15 48 270
15 49 274
15 51 292
15 57 82
15 60 52
15 61 267
15 66 133
15 67 284
15 71 56
15 73 274
15 77 237
15 83 172
15 85 129
15 86 184
15 88 173
15 89 106
15 93 44
15 94 123
16 6 57
16 7 208
16 10 165
16 21 112
16 24 132
16 26 177
16 31 216
16 37 210
16 47 263
16 48 54
16 52 103
16 58 198
16 61 117
16 62 193
16 63 187
16 68 84
16 69 209
16 74 78
16 78 82
16 81 65
16 82 104
16 83 48
16 84 230
16 88 266
16 89 240
16 90 133
16 92 73
16 95 289
16 98 163
17 1 156
17 3 37
17 9 217
17 14 201
17 18 117
17 19 267
17 20 64
17 24 187
17 29 181
17 33 295
17 34 103
17 36 142
17 37 80
17 38 51
17 39 219
17 40 76
17 44 265
17 46 140
17 54 117
17 55 65
17 58 183
17 62 58
17 65 69
17 68 132
17 69 104
17 71 43
17 73 277
17 74 116
17 75 291
17 78 132
17 79 193
17 88 142
18 1 44
18 2 208
18 4 160
18 8 186
18 15 101
18 17 117
18 24 87
18 28 177
18 29 54
18 33 143
18 36 246
18 41 257
18 44 236
18 45 57
18 47 211
18 49 139
18 51 96
18 52 128
18 54 231
18 65 226
18 66 117
18 69 58
18 75 221
18 77 82
18 78 290
18 80 165
18 85 104
18 86 236
18 88 280
18 89 268
18 93 115
19 3 47
19 4 190
19 5 255
19 10 214
19 11 163
19 17 267
19 24 187
19 29 292
19 35 175
19 38 226
19 47 240
19 48 78
19 50 127
19 52 76
19 53 271
19 54 184
19 60 212
19 62 39
19 65 71
19 66 81
19 68 249
19 73 281
19 74 285
19 78 65
19 80 73
19 84 286
19 90 128
19 95 88
19 96 164
19 98 118
20 2 48
20 3 188
20 4 281
20 6 44
20 13 87
20 14 111
20 17 64
20 24 226
20 28 235
20 30 187
20 32 115
20 34 90
20 36 33
20 43 138
20 49 51
20 51 210
20 52 142
20 53 126
20 56 89
20 64 240
20 67 211
20 68 293
20 70 84
20 71 63
20 73 244
20 75 117
20 76 71
20 81 82
20 83 166
20 86 262
20 87 139
20 90 52
20 94 232
20 95 98
20 96 36
20 97 181
21 14 69
21 15 296
21 16 112
21 24 112
21 36 249
21 37 98
21 38 67
21 39 269
21 40 179
21 41 181
21 47 291
21 51 181
21 52 144
21 60 66
21 61 141
21 63 290
21 66 281
21 67 162
21 69 56
21 75 210
21 76 243
21 80 246
21 81 189
21 86 81
21 88 205
21 89 102
21 91 279
21 92 259
21 97 63
21 98 258
21 99 226
22 2 232
22 7 186
22 12 174
22 15 298
22 25 70
22 29 204
22 35 256
22 37 95
22 39 194
22 42 212
22 43 184
22 45 90
22 46 202
22 47 229
22 48 184
22 51 184
22 60 274
22 65 32
22 69 206
22 78 144
22 85 70
22 94 115
23 3 274
23 8 87
23 10 115
23 12 279
23 25 51
23 26 265
23 29 31
23 34 84
23 36 69
23 37 162
23 40 260
23 51 198
23 52 75
23 58 140
23 71 34
23 74 248
23 75 144
23 76 63
23 77 100
23 78 71
23 83 171
23 85 191
23 87 97
23 90 98
23 92 172
23 93 250
23 94 113
23 98 298
23 99 80
24 1 212
24 5 240
24 11 258
24 16 132
24 17 187
24 18 87
24 19 187
24 20 226
24 21 112
24 26 84
24 27 283
24 28 286
24 29 209
24 30 114
24 33 59
24 35 242
24 37 69
24 39 248
24 42 48
24 43 34
24 45 255
24 48 266
24 49 204
24 52 279
24 65 144
24 69 233
24 71 211
24 72 80
24 73 232
24 75 274
24 87 167
24 91 296
24 92 74
25 1 182
25 7 112
25 9 173
25 13 81
25 22 70
25 23 51
25 29 217
25 32 153
25 33 260
25 34 167
25 42 37
25 43 287
25 47 57
25 54 258
25 56 33
25 60 40
25 63 147
25 67 91
25 70 100
25 81 249
25 82 262
25 83 93
25 90 237
25 92 120
25 94 142
26 4 245
26 6 226
26 12 154
26 15 132
26 16 177
26 23 265
26 24 84
26 27 68
26 31 239
26 35 272
26 45 169
26 49 184
26 51 73
26 52 62
26 55 105
26 58 279
26 60 200
26 67 51
26 69 93
26 70 203
26 75 215
26 78 228
26 83 77
26 88 240
26 92 149
26 95 134
26 96 60
26 98 204
27 1 189
27 5 82
27 8 148
27 14 82
27 24 283
27 26 68
27 31 189
27 34 132
27 37 187
27 39 277
27 43 195
27 44 179
27 45 77
27 46 245
27 47 103
27 48 281
27 51 98
27 55 123
27 63 96
27 65 254
27 66 227
27 74 136
27 81 53
27 82 244
27 85 77
27 86 58
27 91 225
27 92 298
27 93 42
27 94 53
27 95 180
27 99 38
28 1 41
28 8 57
28 11 186
28 12 215
28 14 244
28 18 177
28 20 235
28 24 286
28 30 176
28 35 238
28 41 281
28 45 160
28 46 118
28 47 142
28 48 195
28 54 262
28 55 220
28 58 251
28 60 143
28 62 64
28 63 233
28 68 153
28 71 248
28 77 116
28 80 84
28 83 163
28 87 239
28 88 195
28 91 280
28 97 116
29 5 230
29 8 263
29 12 63
29 14 164
29 17 181
29 18 54
29 19 292
29 22 204
29 23 31
29 24 209
29 25 217
29 39 298
29 43 278
29 46 293
29 48 141
29 53 268
29 60 179
29 61 179
29 62 253
29 63 222
29 65 240
29 67 96
29 71 290
29 72 198
29 79 211
29 80 221
29 86 290
29 90 241
29 95 45
29 97 232
30 4 45
30 5 52
30 7 173
30 9 298
30 11 68
30 20 187
30 24 114
30 28 176
30 34 181
30 35 107
30 37 238
30 41 294
30 43 76
30 46 195
30 51 256
30 53 225
30 55 185
30 61 267
30 67 172
30 73 164
30 81 148
30 88 66
30 90 138
30 93 117
30 94 150
30 96 88
31 3 232
31 5 172
31 6 258
31 8 225
31 9 33
31 11 218
31 12 152
31 14 198
31 15 209
31 16 216
31 26 239
31 27 189
31 34 152
31 36 51
31 37 163
31 39 34
31 40 90
31 41 217
31 42 194
31 58 66
31 60 285
31 62 144
31 65 33
31 66 90
31 67 257
31 73 157
31 78 127
31 79 71
31 81 54
31 82 127
31 83 170
31 87 55
31 88 287
31 89 135
31 93 66
31 96 190
32 2 281
32 7 65
32 9 40
32 10 234
32 12 122
32 20 115
32 25 153
32 33 279
32 35 169
32 38 57
32 39 179
32 49 130
32 51 192
32 55 270
32 67 185
32 69 101
32 71 245
32 80 263
32 82 155
32 83 123
32 85 204
32 86 294
32 99 87
33 2 284
33 5 204
33 6 296
33 7 183
33 10 296
33 12 78
33 13 243
33 17 295
33 18 143
33 24 59
33 25 260
33 32 279
33 40 64
33 42 58
33 43 39
33 45 213
33 51 291
33 55 238
33 59 254
33 66 269
33 67 62
33 69 240
33 75 280
33 78 194
33 79 190
33 82 281
33 84 225
33 91 123
33 93 50
33 94 74
34 2 151
34 3 216
34 7 35
34 17 103
34 20 90
34 23 84
34 25 167
34 27 132
34 30 181
34 31 152
34 41 55
34 42 139
34 44 128
34 45 111
34 47 252
34 48 97
34 49 81
34 51 73
34 57 123
34 61 181
34 71 289
34 80 40
34 81 92
34 82 84
34 85 277
34 87 120
34 92 95
34 95 268
34 97 141
34 99 213
35 1 223
35 4 211
35 8 100
35 9 299
35 12 84
35 13 59
35 19 175
35 22 256
35 24 242
35 26 272
35 28 238
35 30 107
35 32 169
35 36 171
35 42 61
35 43 207
35 45 54
35 46 138
35 47 265
35 48 173
35 50 252
35 51 97
35 52 257
35 54 91
35 55 280
35 58 78
35 62 148
35 64 172
35 65 76
35 66 212
35 67 49
35 68 274
35 75 39
35 83 203
35 92 249
35 95 130
36 3 271
36 5 224
36 14 97
36 17 142
36 18 246
36 20 33
36 21 249
36 23 69
36 31 51
36 35 171
36 38 290
36 40 174
36 42 71
36 45 220
36 46 106
36 49 206
36 53 71
36 55 202
36 59 204
36 67 167
36 68 127
36 69 185
36 73 57
36 76 262
36 88 69
36 89 219
36 91 133
36 92 269
36 93 220
37 2 251
37 5 48
37 7 169
37 8 280
37 13 33
37 14 133
37 15 226
37 16 210
37 17 80
37 21 98
37 22 95
37 23 162
37 24 69
37 27 187
37 30 238
37 31 163
37 39 250
37 42 284
37 46 232
37 48 130
37 51 281
37 53 102
37 54 100
37 59 260
37 61 241
37 62 31
37 65 118
37 66 287
37 68 286
37 79 239
37 81 211
37 82 43
37 83 219
37 86 78
37 87 282
37 88 176
37 97 100
37 99 75
38 1 239
38 5 93
38 17 51
38 19 226
38 21 67
38 32 57
38 36 290
38 40 216
38 42 150
38 45 211
38 46 70
38 48 300
38 50 90
38 56 71
38 58 261
38 59 274
38 60 205
38 69 160
38 79 79
38 80 89
38 81 107
38 86 70
38 90 199
38 98 202
38 99 145
39 2 208
39 3 299
39 6 168
39 9 108
39 11 192
39 12 167
39 17 219
39 21 269
39 22 194
39 24 248
39 27 277
39 29 298
39 31 34
39 32 179
39 37 250
39 43 283
39 47 231
39 48 195
39 52 142
39 55 54
39 61 183
39 62 65
39 63 210
39 64 286
39 65 223
39 69 201
39 71 181
39 73 190
39 82 58
39 92 167
39 94 198
39 98 59
40 8 105
40 10 153
40 13 267
40 14 270
40 15 242
40 17 76
40 21 179
40 23 260
40 31 90
40 33 64
40 36 174
40 38 216
40 48 211
40 49 99
40 51 34
40 55 106
40 56 51
40 60 250
40 61 283
40 70 33
40 71 109
40 72 110
40 73 225
40 74 91
40 76 262
40 77 212
40 79 104
40 80 78
40 82 188
40 83 268
40 87 292
40 90 294
40 94 284
40 95 134
40 96 100
40 99 114
41 4 252
41 7 282
41 9 52
41 10 102
41 12 216
41 13 248
41 18 257
41 21 181
41 28 281
41 30 294
41 31 217
41 34 55
41 43 259
41 47 265
41 55 80
41 57 31
41 60 111
41 62 58
41 64 93
41 65 280
41 66 76
41 73 201
41 75 68
41 77 272
41 78 63
41 82 267
41 88 197
41 92 200
41 96 31
41 97 62
41 99 150
42 6 106
42 8 127
42 9 49
42 11 42
42 15 190
42 22 212
42 24 48
42 25 37
42 31 194
42 33 58
42 34 139
42 35 61
42 36 71
42 37 284
42 38 150
42 46 147
42 47 283
42 51 218
42 57 277
42 62 174
42 66 60
42 69 46
42 73 227
42 77 210
42 79 244
42 83 249
42 88 207
42 93 177
42 96 96
42 98 176
43 1 285
43 5 167
43 7 32
43 12 260
43 13 268
43 14 41
43 15 94
43 20 138
43 22 184
43 24 34
43 25 287
43 27 195
43 29 278
43 30 76
43 33 39
43 35 207
43 39 283
43 41 259
43 44 142
43 49 58
43 51 64
43 52 41
43 54 186
43 61 62
43 62 39
43 65 259
43 69 259
43 71 176
43 74 296
43 81 255
43 89 103
43 91 169
43 94 151
44 6 270
44 7 296
44 11 50
44 17 265
44 18 236
44 27 179
44 34 128
44 43 142
44 47 117
44 49 261
44 50 291
44 51 197
44 57 131
44 59 62
44 62 209
44 69 210
44 72 56
44 75 283
44 77 91
44 84 154
44 88 113
44 93 184
44 94 83
45 4 60
45 9 99
45 12 103
45 13 254
45 18 57
45 22 90
45 24 255
45 26 169
45 27 77
45 28 160
45 33 213
45 34 111
45 35 54
45 36 220
45 38 211
45 47 78
45 50 200
45 58 247
45 60 62
45 65 60
45 72 201
45 74 164
45 78 120
45 79 244
45 80 135
45 81 177
45 85 292
45 89 97
45 91 286
45 97 186
46 10 100
46 17 140
46 22 202
46 27 245
46 28 118
46 29 293
46 30 195
46 35 138
46 36 106
46 37 232
46 38 70
46 42 147
46 50 300
46 54 246
46 55 59
46 57 299
46 59 115
46 61 127
46 66 105
46 74 76
46 75 126
46 81 236
46 87 175
46 91 157
46 93 101
46 98 220
46 99 132
47 1 195
47 2 251
47 4 180
47 7 176
47 11 175
47 13 165
47 14 189
47 16 263
47 18 211
47 19 240
47 21 291
47 22 229
47 25 57
47 27 103
47 28 142
47 34 252
47 35 265
47 39 231
47 41 265
47 42 283
47 44 117
47 45 78
47 48 264
47 50 190
47 53 97
47 54 60
47 56 145
47 61 169
47 65 160
47 69 223
47 75 105
47 77 82
47 78 207
47 85 267
47 89 223
47 90 180
47 97 268
48 4 258
48 5 222
48 13 101
48 15 270
48 16 54
48 19 78
48 22 184
48 24 266
48 27 281
48 28 195
48 29 141
48 34 97
48 35 173
48 37 130
48 38 300
48 39 195
48 40 211
48 47 264
48 52 157
48 60 228
48 62 277
48 77 256
48 78 133
48 81 293
48 83 282
48 85 269
48 88 135
48 89 196
48 90 138
48 98 104
49 4 220
49 6 72
49 8 161
49 13 59
49 14 235
49 15 274
49 18 139
49 20 51
49 24 204
49 26 184
49 32 130
49 34 81
49 36 206
49 40 99
49 43 58
49 44 261
49 51 181
49 56 215
49 59 78
49 62 206
49 67 157
49 74 183
49 75 78
49 81 212
49 82 43
49 84 64
49 88 115
49 91 34
49 92 275
50 6 148
50 7 159
50 10 211
50 14 218
50 19 127
50 35 252
50 38 90
50 44 291
50 45 200
50 46 300
50 47 190
50 58 254
50 60 155
50 62 211
50 65 146
50 67 174
50 68 45
50 72 215
50 73 33
50 75 185
50 77 50
50 79 93
50 82 287
50 83 215
50 85 34
50 86 255
50 87 96
50 90 102
50 97 52
51 3 107
51 7 271
51 10 94
51 12 60
51 14 93
51 15 292
51 18 96
51 20 210
51 21 181
51 22 184
51 23 198
51 26 73
51 27 98
51 30 256
51 32 192
51 33 291
51 34 73
51 35 97
51 37 281
51 40 34
51 42 218
51 43 64
51 44 197
51 49 181
51 52 265
51 56 259
51 58 258
51 61 128
51 62 156
51 63 260
51 67 94
51 68 131
51 69 185
51 75 96
51 77 120
51 79 164
51 82 228
51 91 280
51 97 271
52 10 297
52 11 137
52 12 281
52 14 247
52 16 103
52 18 128
52 19 76
52 20 142
52 21 144
52 23 75
52 24 279
52 26 62
52 35 257
52 39 142
52 43 41
52 48 157
52 51 265
52 54 44
52 56 125
52 58 283
52 59 78
52 61 180
52 67 293
52 71 41
52 72 155
52 79 288
52 80 226
52 91 204
52 93 172
52 94 204
52 96 130
53 2 67
53 3 289
53 7 152
53 9 49
53 11 275
53 19 271
53 20 126
53 29 268
53 30 225
53 36 71
53 37 102
53 47 97
53 56 203
53 59 238
53 62 202
53 68 158
53 71 214
53 73 78
53 75 215
53 78 83
53 79 49
53 82 291
53 84 226
53 89 209
53 90 204
53 91 194
53 95 54
53 97 273
53 98 91
53 99 245
54 9 150
54 17 117
54 18 231
54 19 184
54 25 258
54 28 262
54 35 91
54 37 100
54 43 186
54 46 246
54 47 60
54 52 44
54 56 105
54 67 207
54 69 113
54 74 38
54 79 232
54 80 117
54 84 181
54 85 284
54 93 139
54 98 103
54 99 80
55 2 231
55 4 145
55 5 247
55 7 226
55 8 297
55 11 91
55 17 65
55 26 105
55 27 123
55 28 220
55 30 185
55 32 270
55 33 238
55 35 280
55 36 202
55 39 54
55 40 106
55 41 80
55 46 59
55 57 88
55 58 228
55 59 234
55 60 254
55 62 108
55 68 214
55 69 243
55 70 143
55 72 200
55 73 227
55 75 125
55 77 263
55 87 226
55 90 147
55 91 88
55 94 233
55 96 217
55 99 66
56 2 294
56 3 161
56 4 289
56 6 201
56 7 185
56 8 217
56 9 140
56 12 289
56 14 124
56 20 89
56 25 33
56 38 71
56 40 51
56 47 145
56 49 215
56 51 259
56 52 125
56 53 203
56 54 105
56 62 157
56 64 251
56 65 89
56 73 179
56 75 264
56 80 243
56 83 180
56 87 251
56 89 264
56 94 276
56 96 298
56 98 219
57 1 225
57 3 277
57 7 177
57 11 82
57 12 200
57 15 82
57 34 123
57 41 31
57 42 277
57 44 131
57 46 299
57 55 88
57 62 46
57 64 179
57 65 232
57 66 186
57 70 182
57 74 48
57 76 32
57 79 284
57 81 87
57 83 85
57 86 205
57 93 100
57 94 174
57 95 273
57 96 188
57 97 267
57 98 198
58 2 162
58 3 56
58 8 55
58 9 83
58 11 169
58 16 198
58 17 183
58 23 140
58 26 279
58 28 251
58 31 66
58 35 78
58 38 261
58 45 247
58 50 254
58 51 258
58 52 283
58 55 228
58 60 292
58 61 179
58 63 184
58 65 46
58 66 78
58 68 287
58 71 135
58 74 252
58 75 217
58 76 261
58 77 143
58 80 104
58 82 142
58 83 201
58 84 152
58 86 226
58 89 248
58 90 89
58 99 228
59 1 41
59 3 106
59 4 208
59 6 164
59 7 230
59 12 72
59 13 100
59 33 254
59 36 204
59 37 260
59 38 274
59 44 62
59 46 115
59 49 78
59 52 78
59 53 238
59 55 234
59 64 133
59 65 227
59 68 232
59 72 185
59 73 53
59 82 72
59 84 203
59 88 64
59 89 267
59 90 113
59 92 229
59 95 236
59 97 199
60 1 268
60 4 230
60 10 268
60 15 52
60 19 212
60 21 66
60 22 274
60 25 40
60 26 200
60 28 143
60 29 179
60 31 285
60 38 205
60 40 250
60 41 111
60 45 62
60 48 228
60 50 155
60 55 254
60 58 292
60 61 175
60 62 286
60 63 66
60 65 213
60 66 113
60 69 100
60 73 213
60 75 97
60 79 142
60 81 119
60 84 250
60 88 288
60 90 43
60 91 157
60 92 169
60 94 248
60 96 73
61 2 48
61 3 123
61 15 267
61 16 117
61 21 141
61 29 179
61 30 267
61 34 181
61 37 241
61 39 183
61 40 283
61 43 62
61 46 127
61 47 169
61 51 128
61 52 180
61 58 179
61 60 175
61 66 260
61 67 246
61 70 284
61 71 151
61 73 200
61 83 189
61 84 258
61 85 176
61 88 198
61 94 101
61 98 139
62 1 74
62 5 196
62 6 284
62 13 82
62 16 193
62 17 58
62 19 39
62 28 64
62 29 253
62 31 144
62 35 148
62 37 31
62 39 65
62 41 58
62 42 174
62 43 39
62 44 209
62 48 277
62 49 206
62 50 211
62 51 156
62 53 202
62 55 108
62 56 157
62 57 46
62 60 286
62 67 44
62 76 137
62 77 70
62 79 265
62 82 141
62 90 131
62 93 40
62 99 281
63 6 156
63 8 65
63 10 290
63 11 143
63 16 187
63 21 290
63 25 147
63 27 96
63 28 233
63 29 222
63 39 210
63 51 260
63 58 184
63 60 66
63 66 151
63 71 300
63 72 128
63 75 281
63 77 36
63 87 253
63 89 234
63 91 271
63 96 194
63 98 282
63 99 254
64 1 52
64 6 73
64 9 38
64 20 240
64 35 172
64 39 286
64 41 93
64 56 251
64 57 179
64 59 133
64 65 282
64 67 269
64 78 96
64 79 57
64 80 169
64 81 55
64 84 283
64 87 84
64 88 294
64 96 297
64 97 156
65 1 199
65 10 291
65 12 275
65 17 69
65 18 226
65 19 71
65 22 32
65 24 144
65 27 254
65 29 240
65 31 33
65 35 76
65 37 118
65 39 223
65 41 280
65 43 259
65 45 60
65 47 160
65 50 146
65 56 89
65 57 232
65 58 46
65 59 227
65 60 213
65 64 282
65 68 59
65 73 204
65 74 238
65 80 212
65 81 132
65 83 64
65 84 270
65 87 90
65 90 173
65 94 248
65 99 85
66 1 262
66 7 288
66 9 237
66 10 147
66 15 133
66 18 117
66 19 81
66 21 281
66 27 227
66 31 90
66 33 269
66 35 212
66 37 287
66 41 76
66 42 60
66 46 105
66 57 186
66 58 78
66 60 113
66 61 260
66 63 151
66 67 196
66 69 113
66 71 202
66 72 198
66 73 278
66 77 77
66 80 60
66 85 290
66 88 154
66 92 132
66 94 205
66 99 277
67 3 33
67 15 284
67 20 211
67 21 162
67 25 91
67 26 51
67 29 96
67 30 172
67 31 257
67 32 185
67 33 62
67 35 49
67 36 167
67 49 157
67 50 174
67 51 94
67 52 293
67 54 207
67 61 246
67 62 44
67 64 269
67 66 196
67 68 128
67 69 164
67 71 115
67 72 171
67 79 268
67 84 202
67 92 183
67 95 41
67 98 193
67 99 190
68 4 111
68 6 41
68 7 289
68 11 36
68 16 84
68 17 132
68 19 249
68 20 293
68 28 153
68 35 274
68 36 127
68 37 286
68 50 45
68 51 131
68 53 158
68 55 214
68 58 287
68 59 232
68 65 59
68 67 128
68 76 274
68 79 240
68 83 96
68 86 160
68 93 277
68 94 148
68 95 298
68 97 190
68 99 232
69 5 241
69 7 175
69 8 290
69 14 144
69 16 209
69 17 104
69 18 58
69 21 56
69 22 206
69 24 233
69 26 93
69 32 101
69 33 240
69 36 185
69 38 160
69 39 201
69 42 46
69 43 259
69 44 210
69 47 223
69 51 185
69 54 113
69 55 243
69 60 100
69 66 113
69 67 164
69 71 77
69 72 205
69 75 31
69 77 220
69 80 54
69 81 300
69 83 72
69 88 164
69 90 180
69 92 300
69 96 150
69 97 201
69 98 68
69 99 203
70 2 252
70 3 59
70 20 84
70 25 100
70 26 203
70 40 33
70 55 143
70 57 182
70 61 284
70 80 295
70 84 232
70 85 246
70 87 186
70 88 140
70 90 205
70 91 81
70 98 269
71 9 98
71 10 250
71 14 66
71 15 56
71 17 43
71 20 63
71 23 34
71 24 211
71 28 248
71 29 290
71 32 245
71 34 289
71 39 181
71 40 109
71 43 176
71 52 41
71 53 214
71 58 135
71 61 151
71 63 300
71 66 202
71 67 115
71 69 77
71 73 200
71 78 285
71 80 185
71 83 203
71 84 219
71 85 37
71 86 292
71 87 118
71 88 156
71 91 71
71 98 264
72 2 90
72 6 93
72 12 253
72 24 80
72 29 198
72 40 110
72 44 56
72 45 201
72 50 215
72 52 155
72 55 200
72 59 185
72 63 128
72 66 198
72 67 171
72 69 205
72 73 295
72 75 238
72 76 42
72 81 258
72 82 32
72 89 224
72 91 70
72 92 163
72 95 148
72 96 102
72 98 255
73 1 206
73 15 274
73 17 277
73 19 281
73 20 244
73 24 232
73 30 164
73 31 157
73 36 57
73 39 190
73 40 225
73 41 201
73 42 227
73 50 33
73 53 78
73 55 227
73 56 179
73 59 53
73 60 213
73 61 200
73 65 204
73 66 278
73 71 200
73 72 295
73 75 230
73 78 44
73 79 45
73 82 91
73 88 177
73 89 292
73 93 60
73 94 166
73 96 273
73 97 257
73 99 135
74 1 92
74 9 157
74 11 218
74 16 78
74 17 116
74 19 285
74 23 248
74 27 136
74 40 91
74 43 296
74 45 164
74 46 76
74 49 183
74 54 38
74 57 48
74 58 252
74 65 238
74 75 213
74 87 108
74 88 253
74 89 286
74 96 272
74 97 36
74 98 132
74 99 153
75 1 248
75 3 122
75 5 295
75 12 36
75 13 220
75 17 291
75 18 221
75 20 117
75 21 210
75 23 144
75 24 274
75 26 215
75 33 280
75 35 39
75 41 68
75 44 283
75 46 126
75 47 105
75 49 78
75 50 185
75 51 96
75 53 215
75 55 125
75 56 264
75 58 217
75 60 97
75 63 281
75 69 31
75 72 238
75 73 230
75 74 213
75 76 273
75 91 112
75 93 52
75 95 266
76 1 152
76 4 234
76 5 64
76 6 170
76 7 186
76 13 276
76 14 119
76 20 71
76 21 243
76 23 63
76 36 262
76 40 262
76 57 32
76 58 261
76 62 137
76 68 274
76 72 42
76 75 273
76 77 117
76 80 89
76 82 187
76 88 100
76 90 280
76 92 212
76 96 35
77 2 222
77 15 237
77 18 82
77 23 100
77 28 116
77 40 212
77 41 272
77 42 210
77 44 91
77 47 82
77 48 256
77 50 50
77 51 120
77 55 263
77 58 143
77 62 70
77 63 36
77 66 77
77 69 220
77 76 117
77 85 206
77 89 210
77 90 173
77 93 172
78 3 298
78 5 285
78 7 248
78 8 83
78 10 249
78 16 82
78 17 132
78 18 290
78 19 65
78 22 144
78 23 71
78 26 228
78 31 127
78 33 194
78 41 63
78 45 120
78 47 207
78 48 133
78 53 83
78 64 96
78 71 285
78 73 44
78 83 109
78 89 59
78 95 200
78 98 212
79 1 91
79 2 178
79 6 191
79 9 292
79 13 98
79 14 108
79 17 193
79 29 211
79 31 71
79 33 190
79 37 239
79 38 79
79 40 104
79 42 244
79 45 244
79 50 93
79 51 164
79 52 288
79 53 49
79 54 232
79 57 284
79 60 142
79 62 265
79 64 57
79 67 268
79 68 240
79 73 45
79 85 227
79 86 215
79 87 151
79 88 79
79 91 262
79 92 249
79 95 117
80 3 136
80 7 79
80 10 41
80 11 90
80 13 268
80 18 165
80 19 73
80 21 246
80 28 84
80 29 221
80 32 263
80 34 40
80 38 89
80 40 78
80 45 135
80 52 226
80 54 117
80 56 243
80 58 104
80 64 169
80 65 212
80 66 60
80 69 54
80 70 295
80 71 185
80 76 89
80 90 57
80 93 235
80 98 220
81 1 215
81 12 270
81 13 291
81 16 65
81 20 82
81 21 189
81 25 249
81 27 53
81 30 148
81 31 54
81 34 92
81 37 211
81 38 107
81 43 255
81 45 177
81 46 236
81 48 293
81 49 212
81 57 87
81 60 119
81 64 55
81 65 132
81 69 300
81 72 258
81 82 165
81 86 272
81 88 88
81 92 191
81 97 78
81 99 57
82 2 240
82 8 251
82 9 196
82 11 295
82 13 237
82 14 159
82 16 104
82 25 262
82 27 244
82 31 127
82 32 155
82 33 281
82 34 84
82 37 43
82 39 58
82 40 188
82 41 267
82 49 43
82 50 287
82 51 228
82 53 291
82 58 142
82 59 72
82 62 141
82 72 32
82 73 91
82 76 187
82 81 165
82 90 215
82 98 219
82 99 138
83 3 133
83 4 141
83 5 260
83 7 78
83 15 172
83 16 48
83 20 166
83 23 171
83 25 93
83 26 77
83 28 163
83 31 170
83 32 123
83 35 203
83 37 219
83 40 268
83 42 249
83 48 282
83 50 215
83 56 180
83 57 85
83 58 201
83 61 189
83 65 64
83 68 96
83 69 72
83 71 203
83 78 109
83 84 146
83 88 215
83 91 38
84 5 187
84 10 64
84 11 252
84 16 230
84 19 286
84 33 225
84 44 154
84 49 64
84 53 226
84 54 181
84 58 152
84 59 203
84 60 250
84 61 258
84 64 283
84 65 270
84 67 202
84 70 232
84 71 219
84 83 146
84 85 164
84 88 107
84 93 181
85 3 32
85 4 49
85 6 139
85 8 204
85 9 288
85 10 128
85 15 129
85 18 104
85 22 70
85 23 191
85 27 77
85 32 204
85 34 277
85 45 292
85 47 267
85 48 269
85 50 34
85 54 284
85 61 176
85 66 290
85 70 246
85 71 37
85 77 206
85 79 227
85 84 164
85 86 214
86 2 42
86 8 45
86 13 68
86 15 184
86 18 236
86 20 262
86 21 81
86 27 58
86 29 290
86 32 294
86 37 78
86 38 70
86 50 255
86 57 205
86 58 226
86 68 160
86 71 292
86 79 215
86 81 272
86 85 214
86 90 46
86 93 249
86 97 176
86 98 248
87 11 55
87 20 139
87 23 97
87 24 167
87 28 239
87 31 55
87 34 120
87 37 282
87 40 292
87 46 175
87 50 96
87 55 226
87 56 251
87 63 253
87 64 84
87 65 90
87 70 186
87 71 118
87 74 108
87 79 151
87 93 182
87 95 288
87 96 298
87 97 66
88 4 288
88 8 81
88 9 73
88 11 197
88 14 297
88 15 173
88 16 266
88 17 142
88 18 280
88 21 205
88 26 240
88 28 195
88 30 66
88 31 287
88 36 69
88 37 176
88 41 197
88 42 207
88 44 113
88 48 135
88 49 115
88 59 64
88 60 288
88 61 198
88 64 294
88 66 154
88 69 164
88 70 140
88 71 156
88 73 177
88 74 253
88 76 100
88 79 79
88 81 88
88 83 215
88 84 107
88 92 168
88 94 281
88 96 56
89 5 218
89 6 249
89 8 171
89 11 66
89 12 108
89 14 151
89 15 106
89 16 240
89 18 268
89 21 102
89 31 135
89 36 219
89 43 103
89 45 97
89 47 223
89 48 196
89 53 209
89 56 264
89 58 248
89 59 267
89 63 234
89 72 224
89 73 292
89 74 286
89 77 210
89 78 59
89 91 88
89 93 109
89 98 184
90 4 162
90 6 112
90 8 264
90 12 296
90 16 133
90 19 128
90 20 52
90 23 98
90 25 237
90 29 241
90 30 138
90 38 199
90 40 294
90 47 180
90 48 138
90 50 102
90 53 204
90 55 147
90 58 89
90 59 113
90 60 43
90 62 131
90 65 173
90 69 180
90 70 205
90 76 280
90 77 173
90 80 57
90 82 215
90 86 46
90 94 63
91 1 252
91 3 109
91 5 245
91 9 214
91 21 279
91 24 296
91 27 225
91 28 280
91 33 123
91 36 133
91 43 169
91 45 286
91 46 157
91 49 34
91 51 280
91 52 204
91 53 194
91 55 88
91 60 157
91 63 271
91 70 81
91 71 71
91 72 70
91 75 112
91 79 262
91 83 38
91 89 88
91 92 140
91 94 285
91 95 141
91 96 147
91 99 132
92 2 185
92 4 136
92 6 65
92 7 224
92 16 73
92 21 259
92 23 172
92 24 74
92 25 120
92 26 149
92 27 298
92 34 95
92 35 249
92 36 269
92 39 167
92 41 200
92 49 275
92 59 229
92 60 169
92 66 132
92 67 183
92 69 300
92 72 163
92 76 212
92 79 249
92 81 191
92 88 168
92 91 140
92 95 242
92 97 209
92 99 36
93 1 164
93 6 261
93 10 34
93 15 44
93 18 115
93 23 250
93 27 42
93 30 117
93 31 66
93 33 50
93 36 220
93 42 177
93 44 184
93 46 101
93 52 172
93 54 139
93 57 100
93 62 40
93 68 277
93 73 60
93 75 52
93 77 172
93 80 235
93 84 181
93 86 249
93 87 182
93 89 109
93 95 171
93 96 255
94 3 242
94 5 160
94 15 123
94 20 232
94 22 115
94 23 113
94 25 142
94 27 53
94 30 150
94 33 74
94 39 198
94 40 284
94 43 151
94 44 83
94 52 204
94 55 233
94 56 276
94 57 174
94 60 248
94 61 101
94 65 248
94 66 205
94 68 148
94 73 166
94 88 281
94 90 63
94 91 285
94 95 191
94 99 261
95 1 213
95 3 195
95 8 110
95 9 221
95 10 192
95 11 112
95 12 44
95 13 131
95 16 289
95 19 88
95 20 98
95 26 134
95 27 180
95 29 45
95 34 268
95 35 130
95 40 134
95 53 54
95 57 273
95 59 236
95 67 41
95 68 298
95 72 148
95 75 266
95 78 200
95 79 117
95 87 288
95 91 141
95 92 242
95 93 171
95 94 191
95 97 287
95 98 247
96 1 157
96 3 137
96 5 209
96 9 291
96 10 227
96 12 141
96 19 164
96 20 36
96 26 60
96 30 88
96 31 190
96 40 100
96 41 31
96 42 96
96 52 130
96 55 217
96 56 298
96 57 188
96 60 73
96 63 194
96 64 297
96 69 150
96 72 102
96 73 273
96 74 272
96 76 35
96 87 298
96 88 56
96 91 147
96 93 255
97 2 226
97 4 267
97 7 226
97 10 179
97 11 85
97 20 181
97 21 63
97 28 116
97 29 232
97 34 141
97 37 100
97 41 62
97 45 186
97 47 268
97 50 52
97 51 271
97 53 273
97 57 267
97 59 199
97 64 156
97 68 190
97 69 201
97 73 257
97 74 36
97 81 78
97 86 176
97 87 66
97 92 209
97 95 287
97 99 102
98 1 222
98 2 174
98 4 167
98 10 203
98 11 197
98 12 154
98 14 153
98 16 163
98 19 118
98 21 258
98 23 298
98 26 204
98 38 202
98 39 59
98 42 176
98 46 220
98 48 104
98 53 91
98 54 103
98 56 219
98 57 198
98 61 139
98 63 282
98 67 193
98 69 68
98 70 269
98 71 264
98 72 255
98 74 132
98 78 212
98 80 220
98 82 219
98 86 248
98 89 184
98 95 247
4 t 52
8 t 108
12 t 217
21 t 226
23 t 80
27 t 38
32 t 87
34 t 213
37 t 75
38 t 145
40 t 114
41 t 150
46 t 132
53 t 245
54 t 80
55 t 66
58 t 228
62 t 281
63 t 254
65 t 85
66 t 277
67 t 190
68 t 232
69 t 203
73 t 135
74 t 153
81 t 57
82 t 138
91 t 132
92 t 36
94 t 261
97 t 102
