s 1 175
s 2 253
s 3 83
s 4 128
s 5 134
s 6 258
s 7 251
s 8 114
s 9 270
s 10 54
s 11 185
s 12 206
s 13 124
s 14 197
s 15 163
s 16 181
s 17 203
s 18 75
s 19 182
s 20 199
s 21 216
s 22 101
s 23 163
s 24 171
s 25 86
s 26 81
s 27 81
s 28 163
s 29 134
s 30 69
s 31 53
s 32 210
s 33 147
s 34 145
s 35 127
s 36 168
s 37 114
s 38 40
s 39 31
s 40 284
s 41 138
s 42 32
s 43 137
s 44 244
s 45 80
s 46 38
s 47 69
s 48 155
s 49 55
s 50 230
s 51 256
s 52 84
s 53 144
s 54 90
s 55 211
s 56 291
s 57 201
s 58 173
s 59 159
s 60 165
s 61 39
s 62 141
s 63 49
s 64 49
s 65 89
s 66 247
s 67 30
s 68 133
s 69 107
s 70 147
s 71 155
s 72 281
s 73 103
s 74 231
s 75 246
s 76 63
s 77 280
s 78 108
s 79 74
s 80 225
s 81 67
s 82 124
s 83 115
s 84 78
s 85 62
s 86 79
s 87 59
s 88 71
s 89 200
s 90 60
s 91 147
s 92 41
s 93 240
s 94 284
s 95 162
s 96 96
s 97 272
s 98 68
s 99 212
1 2 228
1 3 300
1 4 162
1 5 113
1 6 159
1 7 172
1 8 99
1 9 202
1 10 243
1 11 170
1 12 110
1 13 185
1 14 89
1 15 209
1 16 173
1 17 81
1 18 91
1 19 77
1 20 134
1 21 148
1 22 209
1 23 210
1 24 155
1 25 66
1 26 114
1 27 105
1 28 265
1 29 289
1 30 61
1 31 230
1 32 224
1 33 33
1 34 179
1 35 181
1 36 273
1 37 271
1 38 136
1 39 193
1 40 197
1 41 247
1 42 156
1 43 160
1 44 56
1 45 75
1 46 102
1 47 216
1 48 236
1 49 210
1 50 147
1 51 32
1 52 248
1 53 106
1 54 124
1 55 132
1 56 201
1 57 238
1 58 131
1 59 61
1 60 225
1 61 39
1 62 102
1 63 42
1 64 225
1 65 52
1 66 63
1 67 139
1 68 149
1 69 242
1 70 73
1 71 213
1 72 285
1 73 58
1 74 117
1 75 75
1 76 120
1 77 212
1 78 155
1 79 161
1 80 278
1 81 144
1 82 165
1 83 167
1 84 168
1 85 50
1 86 152
1 87 294
1 88 139
1 89 87
1 90 179
1 91 124
1 92 87
1 93 32
1 94 73
1 95 161
1 96 74
1 97 296
1 98 165
1 99 45
2 1 228
2 3 239
2 4 41
2 5 294
2 6 88
2 7 199
2 8 298
2 9 216
2 10 75
2 11 53
2 12 129
2 13 187
2 14 153
2 15 123
2 16 283
2 17 53
2 18 180
2 19 133
2 20 246
2 21 156
2 22 77
2 23 262
2 24 118
2 25 132
2 26 37
2 27 238
2 28 120
2 29 236
2 30 90
2 31 235
2 32 89
2 33 250
2 34 125
2 35 281
2 36 263
2 37 118
2 38 115
2 39 278
2 40 46
2 41 212
2 42 169
2 43 158
2 44 30
2 45 257
2 46 105
2 47 117
2 48 31
2 49 216
2 50 293
2 51 185
2 52 199
2 53 271
2 54 153
2 55 97
2 56 165
2 57 247
2 58 133
2 59 38
2 60 93
2 61 99
2 62 265
2 63 55
2 64 290
2 65 209
2 66 151
2 67 149
2 68 37
2 69 92
2 70 37
2 71 277
2 72 241
2 73 184
2 74 83
2 75 273
2 76 247
2 77 54
2 78 153
2 79 62
2 80 118
2 81 164
2 82 265
2 83 140
2 84 81
2 85 273
2 86 279
2 87 148
2 88 143
2 89 290
2 90 174
2 91 252
2 92 146
2 93 172
2 94 283
2 95 44
2 96 48
2 97 98
2 98 244
2 99 31
3 1 300
3 2 239
3 4 184
3 5 96
3 6 231
3 7 63
3 8 170
3 9 159
3 10 214
3 11 79
3 12 56
3 13 64
3 14 255
3 15 218
3 16 263
3 17 192
3 18 202
3 19 206
3 20 265
3 21 275
3 22 150
3 23 182
3 24 56
3 25 223
3 26 259
3 27 83
3 28 47
3 29 114
3 30 259
3 31 259
3 32 220
3 33 300
3 34 130
3 35 284
3 36 295
3 37 222
3 38 65
3 39 271
3 40 89
3 41 55
3 42 258
3 43 142
3 44 118
3 45 84
3 46 212
3 47 149
3 48 147
3 49 115
3 50 164
3 51 214
3 52 212
3 53 172
3 54 30
3 55 237
3 56 273
3 57 83
3 58 47
3 59 227
3 60 266
3 61 59
3 62 279
3 63 273
3 64 129
3 65 134
3 66 277
3 67 129
3 68 232
3 69 207
3 70 164
3 71 253
3 72 199
3 73 196
3 74 212
3 75 221
3 76 198
3 77 169
3 78 201
3 79 132
3 80 108
3 81 260
3 82 218
3 83 101
3 84 132
3 85 215
3 86 90
3 87 33
3 88 283
3 89 162
3 90 241
3 91 300
3 92 257
3 93 188
3 94 246
3 95 278
3 96 83
3 97 170
3 98 242
3 99 150
4 1 162
4 2 41
4 3 184
4 5 50
4 6 104
4 7 156
4 8 39
4 9 292
4 10 71
4 11 103
4 12 46
4 13 260
4 14 163
4 15 273
4 16 35
4 17 218
4 18 222
4 19 284
4 20 62
4 21 149
4 22 100
4 23 290
4 24 223
4 25 236
4 26 34
4 27 57
4 28 177
4 29 176
4 30 222
4 31 214
4 32 72
4 33 146
4 34 245
4 35 60
4 36 189
4 37 220
4 38 254
4 39 71
4 40 244
4 41 97
4 42 260
4 43 94
4 44 39
4 45 211
4 46 82
4 47 243
4 48 133
4 49 107
4 50 61
4 51 158
4 52 189
4 53 156
4 54 97
4 55 99
4 56 256
4 57 45
4 58 242
4 59 218
4 60 34
4 61 191
4 62 106
4 63 30
4 64 202
4 65 284
4 66 290
4 67 287
4 68 201
4 69 50
4 70 284
4 71 61
4 72 131
4 73 33
4 74 235
4 75 105
4 76 263
4 77 279
4 78 77
4 79 216
4 80 121
4 81 128
4 82 256
4 83 113
4 84 50
4 85 207
4 86 153
4 87 177
4 88 107
4 89 248
4 90 31
4 91 119
4 92 33
4 93 54
4 94 286
4 95 48
4 96 282
4 97 291
4 98 66
4 99 120
5 1 113
5 2 294
5 3 96
5 4 50
5 6 110
5 7 294
5 8 117
5 9 137
5 10 297
5 11 259
5 12 208
5 13 200
5 14 191
5 15 261
5 16 149
5 17 210
5 18 65
5 19 123
5 20 176
5 21 269
5 22 255
5 23 56
5 24 39
5 25 288
5 26 113
5 27 275
5 28 243
5 29 126
5 30 111
5 31 214
5 32 247
5 33 57
5 34 133
5 35 187
5 36 241
5 37 209
5 38 275
5 39 159
5 40 290
5 41 122
5 42 259
5 43 224
5 44 181
5 45 182
5 46 43
5 47 185
5 48 178
5 49 181
5 50 228
5 51 92
5 52 299
5 53 32
5 54 299
5 55 243
5 56 228
5 57 280
5 58 263
5 59 283
5 60 92
5 61 230
5 62 55
5 63 217
5 64 189
5 65 58
5 66 204
5 67 214
5 68 121
5 69 33
5 70 269
5 71 206
5 72 97
5 73 95
5 74 245
5 75 236
5 76 279
5 77 96
5 78 269
5 79 285
5 80 117
5 81 132
5 82 160
5 83 299
5 84 281
5 85 215
5 86 39
5 87 192
5 88 139
5 89 178
5 90 80
5 91 156
5 92 124
5 93 114
5 94 296
5 95 43
5 96 41
5 97 245
5 98 35
5 99 105
6 1 159
6 2 88
6 3 231
6 4 104
6 5 110
6 7 203
6 8 157
6 9 279
6 10 222
6 11 226
6 12 93
6 13 199
6 14 284
6 15 171
6 16 37
6 17 177
6 18 92
6 19 145
6 20 167
6 21 229
6 22 249
6 23 131
6 24 68
6 25 112
6 26 238
6 27 81
6 28 139
6 29 235
6 30 208
6 31 111
6 32 41
6 33 282
6 34 210
6 35 107
6 36 271
6 37 296
6 38 260
6 39 48
6 40 74
6 41 86
6 42 212
6 43 158
6 44 215
6 45 72
6 46 180
6 47 162
6 48 232
6 49 160
6 50 121
6 51 167
6 52 51
6 53 274
6 54 71
6 55 118
6 56 295
6 57 211
6 58 246
6 59 204
6 60 280
6 61 254
6 62 266
6 63 54
6 64 101
6 65 225
6 66 163
6 67 285
6 68 230
6 69 102
6 70 105
6 71 242
6 72 67
6 73 124
6 74 256
6 75 268
6 76 245
6 77 262
6 78 39
6 79 83
6 80 58
6 81 216
6 82 183
6 83 197
6 84 197
6 85 115
6 86 172
6 87 121
6 88 288
6 89 216
6 90 76
6 91 278
6 92 159
6 93 52
6 94 251
6 95 258
6 96 248
6 97 244
6 98 255
6 99 178
7 1 172
7 2 199
7 3 63
7 4 156
7 5 294
7 6 203
7 8 163
7 9 284
7 10 151
7 11 193
7 12 152
7 13 233
7 14 82
7 15 104
7 16 73
7 17 151
7 18 130
7 19 45
7 20 168
7 21 153
7 22 143
7 23 128
7 24 83
7 25 99
7 26 285
7 27 264
7 28 117
7 29 216
7 30 55
7 31 48
7 32 283
7 33 74
7 34 41
7 35 143
7 36 223
7 37 151
7 38 158
7 39 62
7 40 149
7 41 289
7 42 90
7 43 182
7 44 45
7 45 179
7 46 136
7 47 78
7 48 286
7 49 52
7 50 137
7 51 95
7 52 186
7 53 116
7 54 39
7 55 113
7 56 133
7 57 47
7 58 101
7 59 228
7 60 259
7 61 233
7 62 88
7 63 121
7 64 298
7 65 102
7 66 264
7 67 271
7 68 251
7 69 109
7 70 250
7 71 217
7 72 192
7 73 106
7 74 133
7 75 172
7 76 208
7 77 296
7 78 70
7 79 44
7 80 92
7 81 211
7 82 215
7 83 261
7 84 146
7 85 146
7 86 139
7 87 194
7 88 104
7 89 254
7 90 130
7 91 183
7 92 299
7 93 217
7 94 42
7 95 48
7 96 212
7 97 187
7 98 194
7 99 185
8 1 99
8 2 298
8 3 170
8 4 39
8 5 117
8 6 157
8 7 163
8 9 138
8 10 269
8 11 171
8 12 177
8 13 208
8 14 161
8 15 239
8 16 99
8 17 171
8 18 169
8 19 238
8 20 180
8 21 125
8 22 77
8 23 64
8 24 234
8 25 131
8 26 254
8 27 36
8 28 166
8 29 117
8 30 113
8 31 244
8 32 140
8 33 118
8 34 41
8 35 110
8 36 131
8 37 46
8 38 237
8 39 253
8 40 286
8 41 106
8 42 119
8 43 153
8 44 38
8 45 204
8 46 96
8 47 157
8 48 234
8 49 159
8 50 185
8 51 210
8 52 36
8 53 278
8 54 130
8 55 43
8 56 127
8 57 87
8 58 116
8 59 63
8 60 258
8 61 210
8 62 47
8 63 162
8 64 204
8 65 198
8 66 59
8 67 166
8 68 170
8 69 42
8 70 177
8 71 218
8 72 75
8 73 196
8 74 90
8 75 92
8 76 183
8 77 129
8 78 111
8 79 269
8 80 72
8 81 297
8 82 97
8 83 44
8 84 64
8 85 182
8 86 245
8 87 172
8 88 37
8 89 130
8 90 107
8 91 250
8 92 179
8 93 125
8 94 202
8 95 181
8 96 191
8 97 68
8 98 43
8 99 229
9 1 202
9 2 216
9 3 159
9 4 292
9 5 137
9 6 279
9 7 284
9 8 138
9 10 97
9 11 264
9 12 83
9 13 63
9 14 221
9 15 64
9 16 58
9 17 70
9 18 200
9 19 146
9 20 295
9 21 284
9 22 57
9 23 71
9 24 57
9 25 289
9 26 46
9 27 170
9 28 193
9 29 299
9 30 47
9 31 219
9 32 44
9 33 230
9 34 180
9 35 193
9 36 143
9 37 203
9 38 81
9 39 90
9 40 173
9 41 148
9 42 142
9 43 83
9 44 90
9 45 277
9 46 171
9 47 144
9 48 104
9 49 106
9 50 116
9 51 228
9 52 198
9 53 129
9 54 176
9 55 282
9 56 292
9 57 160
9 58 113
9 59 280
9 60 290
9 61 58
9 62 230
9 63 162
9 64 44
9 65 191
9 66 120
9 67 108
9 68 230
9 69 215
9 70 103
9 71 207
9 72 56
9 73 131
9 74 135
9 75 280
9 76 270
9 77 224
9 78 43
9 79 72
9 80 62
9 81 59
9 82 93
9 83 107
9 84 103
9 85 173
9 86 64
9 87 59
9 88 220
9 89 142
9 90 127
9 91 275
9 92 154
9 93 157
9 94 235
9 95 156
9 96 50
9 97 155
9 98 115
9 99 74
10 1 243
10 2 75
10 3 214
10 4 71
10 5 297
10 6 222
10 7 151
10 8 269
10 9 97
10 11 299
10 12 76
10 13 57
10 14 211
10 15 253
10 16 31
10 17 177
10 18 203
10 19 159
10 20 136
10 21 172
10 22 274
10 23 288
10 24 219
10 25 158
10 26 210
10 27 289
10 28 141
10 29 268
10 30 122
10 31 241
10 32 127
10 33 160
10 34 125
10 35 242
10 36 253
10 37 183
10 38 126
10 39 128
10 40 126
10 41 68
10 42 72
10 43 84
10 44 269
10 45 184
10 46 80
10 47 157
10 48 153
10 49 273
10 50 70
10 51 292
10 52 123
10 53 254
10 54 139
10 55 264
10 56 288
10 57 172
10 58 102
10 59 65
10 60 231
10 61 211
10 62 69
10 63 120
10 64 203
10 65 90
10 66 78
10 67 140
10 68 237
10 69 102
10 70 155
10 71 165
10 72 117
10 73 253
10 74 296
10 75 274
10 76 276
10 77 242
10 78 298
10 79 92
10 80 124
10 81 115
10 82 60
10 83 223
10 84 169
10 85 41
10 86 298
10 87 115
10 88 278
10 89 144
10 90 84
10 91 53
10 92 275
10 93 166
10 94 32
10 95 215
10 96 89
10 97 147
10 98 104
10 99 101
11 1 170
11 2 53
11 3 79
11 4 103
11 5 259
11 6 226
11 7 193
11 8 171
11 9 264
11 10 299
11 12 266
11 13 193
11 14 133
11 15 213
11 16 290
11 17 198
11 18 58
11 19 59
11 20 33
11 21 89
11 22 273
11 23 295
11 24 296
11 25 158
11 26 100
11 27 246
11 28 89
11 29 150
11 30 143
11 31 233
11 32 36
11 33 46
11 34 38
11 35 135
11 36 281
11 37 122
11 38 226
11 39 30
11 40 132
11 41 266
11 42 283
11 43 295
11 44 131
11 45 261
11 46 235
11 47 262
11 48 262
11 49 208
11 50 72
11 51 43
11 52 66
11 53 80
11 54 136
11 55 253
11 56 195
11 57 254
11 58 235
11 59 284
11 60 247
11 61 170
11 62 68
11 63 255
11 64 272
11 65 108
11 66 134
11 67 228
11 68 273
11 69 65
11 70 85
11 71 139
11 72 32
11 73 249
11 74 299
11 75 107
11 76 151
11 77 256
11 78 147
11 79 141
11 80 80
11 81 163
11 82 162
11 83 161
11 84 100
11 85 298
11 86 108
11 87 144
11 88 259
11 89 261
11 90 187
11 91 128
11 92 95
11 93 89
11 94 138
11 95 44
11 96 170
11 97 160
11 98 164
11 99 168
12 1 110
12 2 129
12 3 56
12 4 46
12 5 208
12 6 93
12 7 152
12 8 177
12 9 83
12 10 76
12 11 266
12 13 231
12 14 87
12 15 108
12 16 68
12 17 57
12 18 50
12 19 123
12 20 99
12 21 93
12 22 31
12 23 119
12 24 198
12 25 30
12 26 233
12 27 146
12 28 49
12 29 143
12 30 69
12 31 51
12 32 153
12 33 243
12 34 72
12 35 102
12 36 206
12 37 162
12 38 223
12 39 102
12 40 103
12 41 96
12 42 66
12 43 218
12 44 263
12 45 80
12 46 105
12 47 137
12 48 206
12 49 142
12 50 240
12 51 95
12 52 49
12 53 130
12 54 201
12 55 271
12 56 124
12 57 158
12 58 285
12 59 132
12 60 58
12 61 148
12 62 245
12 63 179
12 64 32
12 65 228
12 66 300
12 67 173
12 68 211
12 69 226
12 70 238
12 71 145
12 72 247
12 73 49
12 74 85
12 75 269
12 76 211
12 77 252
12 78 258
12 79 94
12 80 82
12 81 34
12 82 282
12 83 79
12 84 107
12 85 273
12 86 202
12 87 77
12 88 249
12 89 123
12 90 33
12 91 175
12 92 181
12 93 65
12 94 253
12 95 125
12 96 47
12 97 237
12 98 95
12 99 263
13 1 185
13 2 187
13 3 64
13 4 260
13 5 200
13 6 199
13 7 233
13 8 208
13 9 63
13 10 57
13 11 193
13 12 231
13 14 183
13 15 186
13 16 107
13 17 201
13 18 136
13 19 128
13 20 228
13 21 165
13 22 209
13 23 244
13 24 295
13 25 127
13 26 143
13 27 157
13 28 143
13 29 86
13 30 113
13 31 199
13 32 93
13 33 178
13 34 33
13 35 128
13 36 279
13 37 65
13 38 201
13 39 164
13 40 237
13 41 108
13 42 236
13 43 246
13 44 288
13 45 150
13 46 199
13 47 46
13 48 62
13 49 31
13 50 128
13 51 63
13 52 84
13 53 116
13 54 269
13 55 236
13 56 254
13 57 47
13 58 74
13 59 156
13 60 278
13 61 236
13 62 87
13 63 159
13 64 293
13 65 127
13 66 145
13 67 262
13 68 76
13 69 171
13 70 281
13 71 66
13 72 45
13 73 266
13 74 292
13 75 291
13 76 143
13 77 57
13 78 202
13 79 71
13 80 75
13 81 145
13 82 65
13 83 120
13 84 279
13 85 57
13 86 179
13 87 95
13 88 106
13 89 298
13 90 130
13 91 99
13 92 105
13 93 207
13 94 262
13 95 260
13 96 58
13 97 94
13 98 200
13 99 63
14 1 89
14 2 153
14 3 255
14 4 163
14 5 191
14 6 284
14 7 82
14 8 161
14 9 221
14 10 211
14 11 133
14 12 87
14 13 183
14 15 282
14 16 289
14 17 241
14 18 271
14 19 249
14 20 120
14 21 107
14 22 173
14 23 191
14 24 116
14 25 139
14 26 30
14 27 88
14 28 273
14 29 98
14 30 69
14 31 277
14 32 31
14 33 125
14 34 228
14 35 216
14 36 56
14 37 62
14 38 245
14 39 262
14 40 275
14 41 272
14 42 134
14 43 298
14 44 174
14 45 171
14 46 139
14 47 218
14 48 206
14 49 64
14 50 40
14 51 193
14 52 225
14 53 260
14 54 219
14 55 80
14 56 40
14 57 118
14 58 269
14 59 137
14 60 35
14 61 299
14 62 194
14 63 148
14 64 286
14 65 55
14 66 77
14 67 186
14 68 287
14 69 216
14 70 234
14 71 165
14 72 189
14 73 125
14 74 159
14 75 188
14 76 295
14 77 264
14 78 187
14 79 59
14 80 104
14 81 76
14 82 205
14 83 210
14 84 253
14 85 178
14 86 291
14 87 208
14 88 84
14 89 127
14 90 50
14 91 84
14 92 272
14 93 203
14 94 78
14 95 298
14 96 272
14 97 121
14 98 289
14 99 182
15 1 209
15 2 123
15 3 218
15 4 273
15 5 261
15 6 171
15 7 104
15 8 239
15 9 64
15 10 253
15 11 213
15 12 108
15 13 186
15 14 282
15 16 186
15 17 144
15 18 38
15 19 193
15 20 68
15 21 123
15 22 93
15 23 230
15 24 210
15 25 143
15 26 175
15 27 227
15 28 54
15 29 40
15 30 124
15 31 101
15 32 159
15 33 98
15 34 262
15 35 160
15 36 234
15 37 300
15 38 243
15 39 176
15 40 164
15 41 200
15 42 98
15 43 112
15 44 177
15 45 166
15 46 186
15 47 143
15 48 189
15 49 284
15 50 265
15 51 299
15 52 140
15 53 91
15 54 31
15 55 298
15 56 228
15 57 87
15 58 223
15 59 192
15 60 30
15 61 207
15 62 240
15 63 293
15 64 98
15 65 79
15 66 251
15 67 141
15 68 44
15 69 198
15 70 195
15 71 71
15 72 111
15 73 153
15 74 300
15 75 47
15 76 142
15 77 101
15 78 229
15 79 63
15 80 208
15 81 235
15 82 259
15 83 90
15 84 274
15 85 164
15 86 300
15 87 69
15 88 144
15 89 81
15 90 146
15 91 230
15 92 230
15 93 114
15 94 156
15 95 191
15 96 236
15 97 123
15 98 209
15 99 187
16 1 173
16 2 283
16 3 263
16 4 35
16 5 149
16 6 37
16 7 73
16 8 99
16 9 58
16 10 31
16 11 290
16 12 68
16 13 107
16 14 289
16 15 186
16 17 156
16 18 37
16 19 55
16 20 134
16 21 153
16 22 258
16 23 294
16 24 120
16 25 144
16 26 217
16 27 200
16 28 192
16 29 160
16 30 174
16 31 291
16 32 149
16 33 67
16 34 132
16 35 191
16 36 216
16 37 143
16 38 271
16 39 53
16 40 166
16 41 156
16 42 119
16 43 267
16 44 294
16 45 170
16 46 30
16 47 281
16 48 205
16 49 143
16 50 244
16 51 220
16 52 154
16 53 71
16 54 175
16 55 245
16 56 226
16 57 186
16 58 284
16 59 267
16 60 146
16 61 37
16 62 34
16 63 172
16 64 244
16 65 52
16 66 139
16 67 165
16 68 238
16 69 33
16 70 175
16 71 148
16 72 115
16 73 161
16 74 74
16 75 216
16 76 285
16 77 291
16 78 213
16 79 290
16 80 177
16 81 171
16 82 234
16 83 287
16 84 138
16 85 104
16 86 282
16 87 149
16 88 233
16 89 212
16 90 85
16 91 242
16 92 145
16 93 276
16 94 209
16 95 281
16 96 36
16 97 231
16 98 291
16 99 294
17 1 81
17 2 53
17 3 192
17 4 218
17 5 210
17 6 177
17 7 151
17 8 171
17 9 70
17 10 177
17 11 198
17 12 57
17 13 201
17 14 241
17 15 144
17 16 156
17 18 268
17 19 172
17 20 191
17 21 81
17 22 234
17 23 177
17 24 36
17 25 56
17 26 134
17 27 276
17 28 181
17 29 289
17 30 219
17 31 256
17 32 159
17 33 83
17 34 125
17 35 230
17 36 39
17 37 277
17 38 42
17 39 182
17 40 216
17 41 189
17 42 93
17 43 101
17 44 275
17 45 272
17 46 135
17 47 167
17 48 152
17 49 195
17 50 184
17 51 254
17 52 199
17 53 243
17 54 212
17 55 186
17 56 227
17 57 207
17 58 251
17 59 143
17 60 265
17 61 36
17 62 122
17 63 67
17 64 196
17 65 115
17 66 211
17 67 136
17 68 74
17 69 86
17 70 40
17 71 264
17 72 91
17 73 190
17 74 150
17 75 31
17 76 61
17 77 126
17 78 209
17 79 110
17 80 156
17 81 298
17 82 196
17 83 100
17 84 282
17 85 84
17 86 256
17 87 92
17 88 172
17 89 225
17 90 164
17 91 243
17 92 122
17 93 74
17 94 50
17 95 280
17 96 38
17 97 195
17 98 126
17 99 61
18 1 91
18 2 180
18 3 202
18 4 222
18 5 65
18 6 92
18 7 130
18 8 169
18 9 200
18 10 203
18 11 58
18 12 50
18 13 136
18 14 271
18 15 38
18 16 37
18 17 268
18 19 239
18 20 124
18 21 249
18 22 289
18 23 74
18 24 95
18 25 147
18 26 141
18 27 93
18 28 270
18 29 176
18 30 248
18 31 257
18 32 265
18 33 171
18 34 264
18 35 252
18 36 156
18 37 184
18 38 60
18 39 171
18 40 249
18 41 187
18 42 245
18 43 91
18 44 93
18 45 183
18 46 130
18 47 209
18 48 208
18 49 37
18 50 139
18 51 282
18 52 285
18 53 35
18 54 235
18 55 268
18 56 223
18 57 160
18 58 60
18 59 287
18 60 101
18 61 247
18 62 201
18 63 268
18 64 45
18 65 277
18 66 88
18 67 86
18 68 277
18 69 73
18 70 36
18 71 203
18 72 150
18 73 274
18 74 182
18 75 151
18 76 48
18 77 126
18 78 214
18 79 174
18 80 147
18 81 298
18 82 146
18 83 194
18 84 181
18 85 219
18 86 37
18 87 274
18 88 254
18 89 94
18 90 153
18 91 109
18 92 261
18 93 55
18 94 100
18 95 158
18 96 285
18 97 115
18 98 189
18 99 47
19 1 77
19 2 133
19 3 206
19 4 284
19 5 123
19 6 145
19 7 45
19 8 238
19 9 146
19 10 159
19 11 59
19 12 123
19 13 128
19 14 249
19 15 193
19 16 55
19 17 172
19 18 239
19 20 295
19 21 190
19 22 188
19 23 39
19 24 82
19 25 273
19 26 87
19 27 161
19 28 137
19 29 280
19 30 108
19 31 183
19 32 186
19 33 287
19 34 295
19 35 248
19 36 81
19 37 161
19 38 45
19 39 214
19 40 271
19 41 295
19 42 135
19 43 261
19 44 113
19 45 219
19 46 53
19 47 92
19 48 50
19 49 177
19 50 187
19 51 121
19 52 84
19 53 179
19 54 200
19 55 158
19 56 200
19 57 160
19 58 219
19 59 63
19 60 242
19 61 71
19 62 87
19 63 271
19 64 37
19 65 40
19 66 54
19 67 41
19 68 143
19 69 290
19 70 105
19 71 49
19 72 265
19 73 134
19 74 134
19 75 196
19 76 83
19 77 103
19 78 113
19 79 292
19 80 247
19 81 114
19 82 166
19 83 150
19 84 269
19 85 117
19 86 174
19 87 68
19 88 230
19 89 281
19 90 53
19 91 185
19 92 134
19 93 101
19 94 109
19 95 261
19 96 231
19 97 54
19 98 231
19 99 231
20 1 134
20 2 246
20 3 265
20 4 62
20 5 176
20 6 167
20 7 168
20 8 180
20 9 295
20 10 136
20 11 33
20 12 99
20 13 228
20 14 120
20 15 68
20 16 134
20 17 191
20 18 124
20 19 295
20 21 139
20 22 102
20 23 288
20 24 47
20 25 226
20 26 226
20 27 53
20 28 219
20 29 214
20 30 75
20 31 135
20 32 265
20 33 59
20 34 298
20 35 201
20 36 51
20 37 145
20 38 190
20 39 114
20 40 280
20 41 250
20 42 146
20 43 121
20 44 176
20 45 140
20 46 41
20 47 208
20 48 268
20 49 134
20 50 85
20 51 267
20 52 71
20 53 99
20 54 66
20 55 185
20 56 224
20 57 109
20 58 180
20 59 88
20 60 128
20 61 78
20 62 225
20 63 66
20 64 235
20 65 67
20 66 251
20 67 189
20 68 95
20 69 272
20 70 206
20 71 273
20 72 180
20 73 120
20 74 124
20 75 245
20 76 137
20 77 88
20 78 254
20 79 230
20 80 186
20 81 237
20 82 209
20 83 226
20 84 99
20 85 251
20 86 94
20 87 210
20 88 91
20 89 48
20 90 281
20 91 169
20 92 222
20 93 238
20 94 243
20 95 124
20 96 133
20 97 213
20 98 213
20 99 252
21 1 148
21 2 156
21 3 275
21 4 149
21 5 269
21 6 229
21 7 153
21 8 125
21 9 284
21 10 172
21 11 89
21 12 93
21 13 165
21 14 107
21 15 123
21 16 153
21 17 81
21 18 249
21 19 190
21 20 139
21 22 294
21 23 210
21 24 42
21 25 99
21 26 150
21 27 205
21 28 204
21 29 184
21 30 119
21 31 279
21 32 113
21 33 113
21 34 238
21 35 208
21 36 206
21 37 197
21 38 171
21 39 129
21 40 79
21 41 159
21 42 281
21 43 127
21 44 228
21 45 293
21 46 212
21 47 43
21 48 35
21 49 291
21 50 118
21 51 266
21 52 81
21 53 111
21 54 264
21 55 48
21 56 273
21 57 283
21 58 185
21 59 235
21 60 193
21 61 134
21 62 50
21 63 278
21 64 289
21 65 62
21 66 82
21 67 196
21 68 171
21 69 213
21 70 137
21 71 165
21 72 267
21 73 85
21 74 125
21 75 157
21 76 109
21 77 83
21 78 246
21 79 182
21 80 173
21 81 219
21 82 199
21 83 235
21 84 164
21 85 167
21 86 124
21 87 34
21 88 148
21 89 44
21 90 205
21 91 279
21 92 180
21 93 108
21 94 61
21 95 169
21 96 249
21 97 64
21 98 33
21 99 209
22 1 209
22 2 77
22 3 150
22 4 100
22 5 255
22 6 249
22 7 143
22 8 77
22 9 57
22 10 274
22 11 273
22 12 31
22 13 209
22 14 173
22 15 93
22 16 258
22 17 234
22 18 289
22 19 188
22 20 102
22 21 294
22 23 108
22 24 293
22 25 118
22 26 62
22 27 291
22 28 51
22 29 232
22 30 200
22 31 73
22 32 82
22 33 134
22 34 57
22 35 266
22 36 263
22 37 199
22 38 196
22 39 148
22 40 260
22 41 276
22 42 49
22 43 219
22 44 155
22 45 278
22 46 299
22 47 289
22 48 264
22 49 100
22 50 134
22 51 208
22 52 226
22 53 188
22 54 275
22 55 80
22 56 218
22 57 299
22 58 74
22 59 177
22 60 213
22 61 261
22 62 151
22 63 66
22 64 100
22 65 242
22 66 196
22 67 114
22 68 261
22 69 296
22 70 71
22 71 75
22 72 79
22 73 85
22 74 256
22 75 150
22 76 142
22 77 171
22 78 44
22 79 53
22 80 149
22 81 175
22 82 236
22 83 48
22 84 130
22 85 234
22 86 132
22 87 155
22 88 291
22 89 203
22 90 218
22 91 62
22 92 172
22 93 210
22 94 175
22 95 239
22 96 229
22 97 192
22 98 172
22 99 96
23 1 210
23 2 262
23 3 182
23 4 290
23 5 56
23 6 131
23 7 128
23 8 64
23 9 71
23 10 288
23 11 295
23 12 119
23 13 244
23 14 191
23 15 230
23 16 294
23 17 177
23 18 74
23 19 39
23 20 288
23 21 210
23 22 108
23 24 80
23 25 109
23 26 231
23 27 246
23 28 272
23 29 182
23 30 217
23 31 260
23 32 155
23 33 297
23 34 63
23 35 224
23 36 105
23 37 139
23 38 135
23 39 210
23 40 266
23 41 31
23 42 54
23 43 240
23 44 215
23 45 234
23 46 85
23 47 290
23 48 58
23 49 281
23 50 198
23 51 91
23 52 172
23 53 122
23 54 135
23 55 153
23 56 265
23 57 282
23 58 119
23 59 63
23 60 292
23 61 154
23 62 234
23 63 65
23 64 166
23 65 120
23 66 83
23 67 45
23 68 300
23 69 84
23 70 211
23 71 220
23 72 70
23 73 179
23 74 190
23 75 223
23 76 298
23 77 44
23 78 123
23 79 272
23 80 49
23 81 89
23 82 185
23 83 269
23 84 207
23 85 171
23 86 279
23 87 176
23 88 73
23 89 50
23 90 64
23 91 267
23 92 170
23 93 171
23 94 183
23 95 186
23 96 249
23 97 286
23 98 131
23 99 170
24 1 155
24 2 118
24 3 56
24 4 223
24 5 39
24 6 68
24 7 83
24 8 234
24 9 57
24 10 219
24 11 296
24 12 198
24 13 295
24 14 116
24 15 210
24 16 120
24 17 36
24 18 95
24 19 82
24 20 47
24 21 42
24 22 293
24 23 80
24 25 94
24 26 262
24 27 236
24 28 79
24 29 120
24 30 255
24 31 217
24 32 158
24 33 111
24 34 205
24 35 228
24 36 194
24 37 43
24 38 227
24 39 295
24 40 289
24 41 241
24 42 276
24 43 38
24 44 57
24 45 263
24 46 295
24 47 86
24 48 91
24 49 192
24 50 221
24 51 159
24 52 214
24 53 141
24 54 96
24 55 287
24 56 40
24 57 102
24 58 206
24 59 279
24 60 38
24 61 128
24 62 141
24 63 288
24 64 217
24 65 223
24 66 32
24 67 162
24 68 72
24 69 74
24 70 143
24 71 67
24 72 161
24 73 99
24 74 39
24 75 251
24 76 105
24 77 45
24 78 154
24 79 168
24 80 212
24 81 161
24 82 253
24 83 43
24 84 268
24 85 253
24 86 49
24 87 211
24 88 30
24 89 179
24 90 271
24 91 238
24 92 209
24 93 299
24 94 235
24 95 277
24 96 117
24 97 168
24 98 134
24 99 100
25 1 66
25 2 132
25 3 223
25 4 236
25 5 288
25 6 112
25 7 99
25 8 131
25 9 289
25 10 158
25 11 158
25 12 30
25 13 127
25 14 139
25 15 143
25 16 144
25 17 56
25 18 147
25 19 273
25 20 226
25 21 99
25 22 118
25 23 109
25 24 94
25 26 65
25 27 61
25 28 252
25 29 183
25 30 165
25 31 274
25 32 80
25 33 59
25 34 254
25 35 287
25 36 77
25 37 143
25 38 300
25 39 174
25 40 210
25 41 238
25 42 209
25 43 124
25 44 129
25 45 115
25 46 69
25 47 121
25 48 135
25 49 128
25 50 30
25 51 96
25 52 246
25 53 100
25 54 267
25 55 95
25 56 33
25 57 120
25 58 298
25 59 260
25 60 237
25 61 275
25 62 262
25 63 300
25 64 51
25 65 283
25 66 244
25 67 191
25 68 204
25 69 196
25 70 297
25 71 223
25 72 121
25 73 217
25 74 134
25 75 98
25 76 207
25 77 259
25 78 207
25 79 198
25 80 115
25 81 131
25 82 63
25 83 230
25 84 139
25 85 52
25 86 178
25 87 47
25 88 201
25 89 275
25 90 150
25 91 143
25 92 204
25 93 96
25 94 133
25 95 297
25 96 237
25 97 283
25 98 54
25 99 180
26 1 114
26 2 37
26 3 259
26 4 34
26 5 113
26 6 238
26 7 285
26 8 254
26 9 46
26 10 210
26 11 100
26 12 233
26 13 143
26 14 30
26 15 175
26 16 217
26 17 134
26 18 141
26 19 87
26 20 226
26 21 150
26 22 62
26 23 231
26 24 262
26 25 65
26 27 182
26 28 53
26 29 186
26 30 171
26 31 177
26 32 70
26 33 126
26 34 228
26 35 287
26 36 104
26 37 285
26 38 277
26 39 214
26 40 166
26 41 254
26 42 259
26 43 274
26 44 152
26 45 201
26 46 176
26 47 109
26 48 83
26 49 101
26 50 252
26 51 186
26 52 254
26 53 123
26 54 65
26 55 271
26 56 173
26 57 299
26 58 95
26 59 98
26 60 241
26 61 239
26 62 197
26 63 62
26 64 123
26 65 288
26 66 261
26 67 32
26 68 199
26 69 145
26 70 219
26 71 77
26 72 114
26 73 47
26 74 184
26 75 182
26 76 124
26 77 80
26 78 109
26 79 264
26 80 169
26 81 235
26 82 224
26 83 153
26 84 112
26 85 285
26 86 224
26 87 163
26 88 170
26 89 223
26 90 74
26 91 272
26 92 204
26 93 192
26 94 210
26 95 196
26 96 163
26 97 200
26 98 72
26 99 266
27 1 105
27 2 238
27 3 83
27 4 57
27 5 275
27 6 81
27 7 264
27 8 36
27 9 170
27 10 289
27 11 246
27 12 146
27 13 157
27 14 88
27 15 227
27 16 200
27 17 276
27 18 93
27 19 161
27 20 53
27 21 205
27 22 291
27 23 246
27 24 236
27 25 61
27 26 182
27 28 298
27 29 238
27 30 247
27 31 201
27 32 125
27 33 149
27 34 253
27 35 244
27 36 53
27 37 53
27 38 240
27 39 287
27 40 270
27 41 98
27 42 124
27 43 201
27 44 201
27 45 59
27 46 169
27 47 148
27 48 280
27 49 86
27 50 83
27 51 200
27 52 137
27 53 222
27 54 264
27 55 110
27 56 191
27 57 126
27 58 95
27 59 118
27 60 299
27 61 92
27 62 280
27 63 191
27 64 198
27 65 62
27 66 93
27 67 264
27 68 62
27 69 287
27 70 120
27 71 218
27 72 199
27 73 85
27 74 96
27 75 149
27 76 259
27 77 105
27 78 124
27 79 127
27 80 48
27 81 160
27 82 43
27 83 219
27 84 161
27 85 65
27 86 87
27 87 299
27 88 151
27 89 225
27 90 39
27 91 114
27 92 90
27 93 221
27 94 195
27 95 69
27 96 99
27 97 274
27 98 180
27 99 203
28 1 265
28 2 120
28 3 47
28 4 177
28 5 243
28 6 139
28 7 117
28 8 166
28 9 193
28 10 141
28 11 89
28 12 49
28 13 143
28 14 273
28 15 54
28 16 192
28 17 181
28 18 270
28 19 137
28 20 219
28 21 204
28 22 51
28 23 272
28 24 79
28 25 252
28 26 53
28 27 298
28 29 71
28 30 125
28 31 81
28 32 142
28 33 51
28 34 133
28 35 76
28 36 205
28 37 193
28 38 123
28 39 147
28 40 117
28 41 32
28 42 162
28 43 152
28 44 275
28 45 83
28 46 164
28 47 264
28 48 226
28 49 176
28 50 37
28 51 93
28 52 62
28 53 62
28 54 197
28 55 104
28 56 99
28 57 271
28 58 74
28 59 107
28 60 209
28 61 83
28 62 98
28 63 217
28 64 298
28 65 277
28 66 287
28 67 277
28 68 56
28 69 168
28 70 46
28 71 60
28 72 273
28 73 192
28 74 153
28 75 157
28 76 234
28 77 116
28 78 213
28 79 135
28 80 203
28 81 153
28 82 86
28 83 58
28 84 253
28 85 162
28 86 177
28 87 225
28 88 177
28 89 112
28 90 89
28 91 195
28 92 283
28 93 186
28 94 143
28 95 291
28 96 295
28 97 149
28 98 270
28 99 281
29 1 289
29 2 236
29 3 114
29 4 176
29 5 126
29 6 235
29 7 216
29 8 117
29 9 299
29 10 268
29 11 150
29 12 143
29 13 86
29 14 98
29 15 40
29 16 160
29 17 289
29 18 176
29 19 280
29 20 214
29 21 184
29 22 232
29 23 182
29 24 120
29 25 183
29 26 186
29 27 238
29 28 71
29 30 126
29 31 139
29 32 30
29 33 103
29 34 33
29 35 30
29 36 81
29 37 158
29 38 287
29 39 130
29 40 270
29 41 183
29 42 261
29 43 254
29 44 251
29 45 112
29 46 123
29 47 107
29 48 218
29 49 115
29 50 52
29 51 59
29 52 191
29 53 102
29 54 119
29 55 150
29 56 184
29 57 226
29 58 49
29 59 39
29 60 51
29 61 181
29 62 190
29 63 204
29 64 300
29 65 73
29 66 201
29 67 204
29 68 201
29 69 290
29 70 138
29 71 293
29 72 72
29 73 199
29 74 171
29 75 156
29 76 101
29 77 251
29 78 194
29 79 282
29 80 276
29 81 240
29 82 129
29 83 279
29 84 187
29 85 300
29 86 176
29 87 148
29 88 42
29 89 187
29 90 45
29 91 130
29 92 84
29 93 180
29 94 155
29 95 169
29 96 280
29 97 68
29 98 40
29 99 195
30 1 61
30 2 90
30 3 259
30 4 222
30 5 111
30 6 208
30 7 55
30 8 113
30 9 47
30 10 122
30 11 143
30 12 69
30 13 113
30 14 69
30 15 124
30 16 174
30 17 219
30 18 248
30 19 108
30 20 75
30 21 119
30 22 200
30 23 217
30 24 255
30 25 165
30 26 171
30 27 247
30 28 125
30 29 126
30 31 259
30 32 47
30 33 135
30 34 261
30 35 252
30 36 273
30 37 197
30 38 32
30 39 105
30 40 119
30 41 110
30 42 51
30 43 134
30 44 114
30 45 120
30 46 133
30 47 210
30 48 38
30 49 179
30 50 110
30 51 144
30 52 143
30 53 234
30 54 252
30 55 64
30 56 247
30 57 83
30 58 49
30 59 70
30 60 66
30 61 87
30 62 238
30 63 142
30 64 183
30 65 210
30 66 55
30 67 295
30 68 288
30 69 108
30 70 300
30 71 66
30 72 276
30 73 229
30 74 202
30 75 213
30 76 171
30 77 50
30 78 53
30 79 282
30 80 108
30 81 211
30 82 244
30 83 33
30 84 83
30 85 153
30 86 94
30 87 49
30 88 236
30 89 241
30 90 141
30 91 151
30 92 145
30 93 55
30 94 72
30 95 141
30 96 163
30 97 220
30 98 174
30 99 82
31 1 230
31 2 235
31 3 259
31 4 214
31 5 214
31 6 111
31 7 48
31 8 244
31 9 219
31 10 241
31 11 233
31 12 51
31 13 199
31 14 277
31 15 101
31 16 291
31 17 256
31 18 257
31 19 183
31 20 135
31 21 279
31 22 73
31 23 260
31 24 217
31 25 274
31 26 177
31 27 201
31 28 81
31 29 139
31 30 259
31 32 177
31 33 42
31 34 153
31 35 293
31 36 154
31 37 289
31 38 227
31 39 108
31 40 227
31 41 269
31 42 91
31 43 287
31 44 50
31 45 57
31 46 51
31 47 118
31 48 97
31 49 115
31 50 124
31 51 171
31 52 184
31 53 141
31 54 281
31 55 273
31 56 283
31 57 40
31 58 192
31 59 278
31 60 58
31 61 202
31 62 300
31 63 237
31 64 79
31 65 269
31 66 104
31 67 174
31 68 229
31 69 125
31 70 116
31 71 148
31 72 210
31 73 75
31 74 115
31 75 43
31 76 195
31 77 212
31 78 282
31 79 67
31 80 294
31 81 46
31 82 145
31 83 275
31 84 86
31 85 187
31 86 180
31 87 52
31 88 158
31 89 115
31 90 156
31 91 283
31 92 69
31 93 158
31 94 189
31 95 55
31 96 138
31 97 205
31 98 60
31 99 192
32 1 224
32 2 89
32 3 220
32 4 72
32 5 247
32 6 41
32 7 283
32 8 140
32 9 44
32 10 127
32 11 36
32 12 153
32 13 93
32 14 31
32 15 159
32 16 149
32 17 159
32 18 265
32 19 186
32 20 265
32 21 113
32 22 82
32 23 155
32 24 158
32 25 80
32 26 70
32 27 125
32 28 142
32 29 30
32 30 47
32 31 177
32 33 199
32 34 155
32 35 238
32 36 207
32 37 107
32 38 289
32 39 116
32 40 112
32 41 158
32 42 229
32 43 44
32 44 271
32 45 193
32 46 73
32 47 85
32 48 106
32 49 162
32 50 255
32 51 288
32 52 39
32 53 71
32 54 252
32 55 160
32 56 266
32 57 200
32 58 227
32 59 228
32 60 210
32 61 229
32 62 213
32 63 99
32 64 237
32 65 49
32 66 263
32 67 66
32 68 267
32 69 177
32 70 122
32 71 275
32 72 82
32 73 38
32 74 189
32 75 132
32 76 193
32 77 255
32 78 297
32 79 105
32 80 39
32 81 278
32 82 143
32 83 32
32 84 125
32 85 50
32 86 54
32 87 42
32 88 163
32 89 52
32 90 294
32 91 112
32 92 99
32 93 164
32 94 86
32 95 79
32 96 74
32 97 129
32 98 140
32 99 121
33 1 33
33 2 250
33 3 300
33 4 146
33 5 57
33 6 282
33 7 74
33 8 118
33 9 230
33 10 160
33 11 46
33 12 243
33 13 178
33 14 125
33 15 98
33 16 67
33 17 83
33 18 171
33 19 287
33 20 59
33 21 113
33 22 134
33 23 297
33 24 111
33 25 59
33 26 126
33 27 149
33 28 51
33 29 103
33 30 135
33 31 42
33 32 199
33 34 98
33 35 171
33 36 68
33 37 131
33 38 110
33 39 195
33 40 85
33 41 50
33 42 64
33 43 131
33 44 102
33 45 112
33 46 137
33 47 255
33 48 254
33 49 105
33 50 184
33 51 108
33 52 154
33 53 184
33 54 221
33 55 101
33 56 33
33 57 79
33 58 259
33 59 185
33 60 198
33 61 42
33 62 264
33 63 38
33 64 153
33 65 186
33 66 54
33 67 102
33 68 47
33 69 130
33 70 62
33 71 215
33 72 134
33 73 215
33 74 140
33 75 130
33 76 31
33 77 275
33 78 80
33 79 140
33 80 49
33 81 55
33 82 251
33 83 32
33 84 46
33 85 67
33 86 64
33 87 251
33 88 154
33 89 31
33 90 50
33 91 145
33 92 129
33 93 41
33 94 291
33 95 210
33 96 279
33 97 129
33 98 263
33 99 300
34 1 179
34 2 125
34 3 130
34 4 245
34 5 133
34 6 210
34 7 41
34 8 41
34 9 180
34 10 125
34 11 38
34 12 72
34 13 33
34 14 228
34 15 262
34 16 132
34 17 125
34 18 264
34 19 295
34 20 298
34 21 238
34 22 57
34 23 63
34 24 205
34 25 254
34 26 228
34 27 253
34 28 133
34 29 33
34 30 261
34 31 153
34 32 155
34 33 98
34 35 238
34 36 283
34 37 199
34 38 43
34 39 77
34 40 170
34 41 165
34 42 74
34 43 57
34 44 163
34 45 211
34 46 222
34 47 130
34 48 161
34 49 77
34 50 227
34 51 50
34 52 122
34 53 80
34 54 104
34 55 197
34 56 234
34 57 233
34 58 245
34 59 36
34 60 282
34 61 182
34 62 56
34 63 270
34 64 180
34 65 82
34 66 269
34 67 270
34 68 45
34 69 70
34 70 227
34 71 225
34 72 239
34 73 205
34 74 195
34 75 40
34 76 298
34 77 226
34 78 203
34 79 117
34 80 92
34 81 163
34 82 74
34 83 245
34 84 200
34 85 269
34 86 102
34 87 177
34 88 274
34 89 205
34 90 34
34 91 98
34 92 208
34 93 155
34 94 126
34 95 77
34 96 154
34 97 105
34 98 164
34 99 248
35 1 181
35 2 281
35 3 284
35 4 60
35 5 187
35 6 107
35 7 143
35 8 110
35 9 193
35 10 242
35 11 135
35 12 102
35 13 128
35 14 216
35 15 160
35 16 191
35 17 230
35 18 252
35 19 248
35 20 201
35 21 208
35 22 266
35 23 224
35 24 228
35 25 287
35 26 287
35 27 244
35 28 76
35 29 30
35 30 252
35 31 293
35 32 238
35 33 171
35 34 238
35 36 238
35 37 103
35 38 190
35 39 230
35 40 187
35 41 240
35 42 114
35 43 269
35 44 38
35 45 45
35 46 70
35 47 119
35 48 119
35 49 205
35 50 142
35 51 59
35 52 145
35 53 67
35 54 165
35 55 251
35 56 232
35 57 112
35 58 278
35 59 183
35 60 98
35 61 169
35 62 133
35 63 42
35 64 102
35 65 142
35 66 164
35 67 266
35 68 247
35 69 136
35 70 248
35 71 131
35 72 218
35 73 224
35 74 184
35 75 146
35 76 278
35 77 239
35 78 220
35 79 142
35 80 184
35 81 249
35 82 151
35 83 254
35 84 129
35 85 92
35 86 44
35 87 171
35 88 240
35 89 184
35 90 245
35 91 247
35 92 160
35 93 82
35 94 133
35 95 270
35 96 56
35 97 135
35 98 186
35 99 130
36 1 273
36 2 263
36 3 295
36 4 189
36 5 241
36 6 271
36 7 223
36 8 131
36 9 143
36 10 253
36 11 281
36 12 206
36 13 279
36 14 56
36 15 234
36 16 216
36 17 39
36 18 156
36 19 81
36 20 51
36 21 206
36 22 263
36 23 105
36 24 194
36 25 77
36 26 104
36 27 53
36 28 205
36 29 81
36 30 273
36 31 154
36 32 207
36 33 68
36 34 283
36 35 238
36 37 96
36 38 188
36 39 92
36 40 94
36 41 201
36 42 96
36 43 280
36 44 211
36 45 119
36 46 73
36 47 111
36 48 191
36 49 263
36 50 165
36 51 80
36 52 167
36 53 134
36 54 182
36 55 126
36 56 161
36 57 31
36 58 160
36 59 138
36 60 253
36 61 116
36 62 128
36 63 231
36 64 40
36 65 186
36 66 38
36 67 278
36 68 143
36 69 277
36 70 197
36 71 40
36 72 231
36 73 223
36 74 41
36 75 93
36 76 115
36 77 48
36 78 271
36 79 149
36 80 160
36 81 214
36 82 131
36 83 233
36 84 108
36 85 255
36 86 37
36 87 87
36 88 74
36 89 132
36 90 154
36 91 60
36 92 185
36 93 157
36 94 225
36 95 263
36 96 44
36 97 189
36 98 222
36 99 260
37 1 271
37 2 118
37 3 222
37 4 220
37 5 209
37 6 296
37 7 151
37 8 46
37 9 203
37 10 183
37 11 122
37 12 162
37 13 65
37 14 62
37 15 300
37 16 143
37 17 277
37 18 184
37 19 161
37 20 145
37 21 197
37 22 199
37 23 139
37 24 43
37 25 143
37 26 285
37 27 53
37 28 193
37 29 158
37 30 197
37 31 289
37 32 107
37 33 131
37 34 199
37 35 103
37 36 96
37 38 233
37 39 263
37 40 132
37 41 257
37 42 68
37 43 242
37 44 300
37 45 164
37 46 137
37 47 218
37 48 60
37 49 63
37 50 219
37 51 138
37 52 180
37 53 51
37 54 246
37 55 264
37 56 160
37 57 165
37 58 120
37 59 34
37 60 69
37 61 50
37 62 145
37 63 218
37 64 206
37 65 67
37 66 203
37 67 129
37 68 61
37 69 132
37 70 54
37 71 157
37 72 288
37 73 50
37 74 36
37 75 143
37 76 282
37 77 82
37 78 114
37 79 105
37 80 66
37 81 287
37 82 144
37 83 140
37 84 216
37 85 248
37 86 168
37 87 236
37 88 87
37 89 151
37 90 50
37 91 235
37 92 251
37 93 293
37 94 186
37 95 103
37 96 257
37 97 116
37 98 259
37 99 118
38 1 136
38 2 115
38 3 65
38 4 254
38 5 275
38 6 260
38 7 158
38 8 237
38 9 81
38 10 126
38 11 226
38 12 223
38 13 201
38 14 245
38 15 243
38 16 271
38 17 42
38 18 60
38 19 45
38 20 190
38 21 171
38 22 196
38 23 135
38 24 227
38 25 300
38 26 277
38 27 240
38 28 123
38 29 287
38 30 32
38 31 227
38 32 289
38 33 110
38 34 43
38 35 190
38 36 188
38 37 233
38 39 248
38 40 69
38 41 224
38 42 134
38 43 270
38 44 153
38 45 282
38 46 113
38 47 221
38 48 183
38 49 128
38 50 119
38 51 226
38 52 59
38 53 77
38 54 187
38 55 142
38 56 145
38 57 248
38 58 40
38 59 63
38 60 223
38 61 62
38 62 250
38 63 199
38 64 48
38 65 259
38 66 243
38 67 147
38 68 41
38 69 264
38 70 155
38 71 125
38 72 43
38 73 210
38 74 127
38 75 51
38 76 168
38 77 152
38 78 233
38 79 176
38 80 178
38 81 154
38 82 183
38 83 118
38 84 210
38 85 113
38 86 96
38 87 44
38 88 86
38 89 210
38 90 167
38 91 117
38 92 128
38 93 102
38 94 224
38 95 188
38 96 215
38 97 151
38 98 161
38 99 207
39 1 193
39 2 278
39 3 271
39 4 71
39 5 159
39 6 48
39 7 62
39 8 253
39 9 90
39 10 128
39 11 30
39 12 102
39 13 164
39 14 262
39 15 176
39 16 53
39 17 182
39 18 171
39 19 214
39 20 114
39 21 129
39 22 148
39 23 210
39 24 295
39 25 174
39 26 214
39 27 287
39 28 147
39 29 130
39 30 105
39 31 108
39 32 116
39 33 195
39 34 77
39 35 230
39 36 92
39 37 263
39 38 248
39 40 100
39 41 292
39 42 239
39 43 132
39 44 266
39 45 155
39 46 224
39 47 158
39 48 237
39 49 278
39 50 59
39 51 44
39 52 53
39 53 286
39 54 51
39 55 141
39 56 300
39 57 209
39 58 56
39 59 273
39 60 275
39 61 102
39 62 94
39 63 170
39 64 192
39 65 37
39 66 120
39 67 95
39 68 251
39 69 245
39 70 78
39 71 252
39 72 256
39 73 163
39 74 176
39 75 135
39 76 143
39 77 88
39 78 200
39 79 196
39 80 292
39 81 71
39 82 238
39 83 89
39 84 118
39 85 264
39 86 239
39 87 174
39 88 229
39 89 82
39 90 170
39 91 93
39 92 113
39 93 178
39 94 222
39 95 194
39 96 251
39 97 62
39 98 56
39 99 42
40 1 197
40 2 46
40 3 89
40 4 244
40 5 290
40 6 74
40 7 149
40 8 286
40 9 173
40 10 126
40 11 132
40 12 103
40 13 237
40 14 275
40 15 164
40 16 166
40 17 216
40 18 249
40 19 271
40 20 280
40 21 79
40 22 260
40 23 266
40 24 289
40 25 210
40 26 166
40 27 270
40 28 117
40 29 270
40 30 119
40 31 227
40 32 112
40 33 85
40 34 170
40 35 187
40 36 94
40 37 132
40 38 69
40 39 100
40 41 128
40 42 292
40 43 49
40 44 69
40 45 269
40 46 57
40 47 187
40 48 181
40 49 143
40 50 99
40 51 271
40 52 241
40 53 92
40 54 183
40 55 258
40 56 155
40 57 39
40 58 289
40 59 175
40 60 139
40 61 249
40 62 162
40 63 198
40 64 229
40 65 81
40 66 197
40 67 161
40 68 165
40 69 117
40 70 62
40 71 209
40 72 118
40 73 50
40 74 261
40 75 123
40 76 74
40 77 179
40 78 176
40 79 271
40 80 65
40 81 69
40 82 194
40 83 102
40 84 149
40 85 59
40 86 247
40 87 68
40 88 79
40 89 172
40 90 48
40 91 172
40 92 78
40 93 198
40 94 212
40 95 196
40 96 120
40 97 110
40 98 131
40 99 218
41 1 247
41 2 212
41 3 55
41 4 97
41 5 122
41 6 86
41 7 289
41 8 106
41 9 148
41 10 68
41 11 266
41 12 96
41 13 108
41 14 272
41 15 200
41 16 156
41 17 189
41 18 187
41 19 295
41 20 250
41 21 159
41 22 276
41 23 31
41 24 241
41 25 238
41 26 254
41 27 98
41 28 32
41 29 183
41 30 110
41 31 269
41 32 158
41 33 50
41 34 165
41 35 240
41 36 201
41 37 257
41 38 224
41 39 292
41 40 128
41 42 170
41 43 238
41 44 47
41 45 126
41 46 152
41 47 196
41 48 201
41 49 60
41 50 195
41 51 165
41 52 145
41 53 250
41 54 223
41 55 177
41 56 95
41 57 241
41 58 285
41 59 268
41 60 270
41 61 281
41 62 131
41 63 255
41 64 262
41 65 143
41 66 249
41 67 49
41 68 258
41 69 68
41 70 275
41 71 178
41 72 289
41 73 145
41 74 58
41 75 256
41 76 104
41 77 260
41 78 59
41 79 56
41 80 257
41 81 291
41 82 253
41 83 41
41 84 117
41 85 133
41 86 95
41 87 165
41 88 91
41 89 55
41 90 142
41 91 258
41 92 125
41 93 230
41 94 168
41 95 42
41 96 125
41 97 88
41 98 221
41 99 93
42 1 156
42 2 169
42 3 258
42 4 260
42 5 259
42 6 212
42 7 90
42 8 119
42 9 142
42 10 72
42 11 283
42 12 66
42 13 236
42 14 134
42 15 98
42 16 119
42 17 93
42 18 245
42 19 135
42 20 146
42 21 281
42 22 49
42 23 54
42 24 276
42 25 209
42 26 259
42 27 124
42 28 162
42 29 261
42 30 51
42 31 91
42 32 229
42 33 64
42 34 74
42 35 114
42 36 96
42 37 68
42 38 134
42 39 239
42 40 292
42 41 170
42 43 97
42 44 36
42 45 163
42 46 261
42 47 193
42 48 136
42 49 237
42 50 265
42 51 292
42 52 229
42 53 212
42 54 162
42 55 205
42 56 278
42 57 283
42 58 51
42 59 59
42 60 177
42 61 60
42 62 156
42 63 263
42 64 149
42 65 251
42 66 197
42 67 244
42 68 182
42 69 171
42 70 250
42 71 222
42 72 112
42 73 212
42 74 81
42 75 163
42 76 210
42 77 143
42 78 178
42 79 154
42 80 247
42 81 106
42 82 275
42 83 247
42 84 113
42 85 75
42 86 232
42 87 184
42 88 134
42 89 64
42 90 210
42 91 75
42 92 73
42 93 182
42 94 259
42 95 68
42 96 38
42 97 83
42 98 266
42 99 123
43 1 160
43 2 158
43 3 142
43 4 94
43 5 224
43 6 158
43 7 182
43 8 153
43 9 83
43 10 84
43 11 295
43 12 218
43 13 246
43 14 298
43 15 112
43 16 267
43 17 101
43 18 91
43 19 261
43 20 121
43 21 127
43 22 219
43 23 240
43 24 38
43 25 124
43 26 274
43 27 201
43 28 152
43 29 254
43 30 134
43 31 287
43 32 44
43 33 131
43 34 57
43 35 269
43 36 280
43 37 242
43 38 270
43 39 132
43 40 49
43 41 238
43 42 97
43 44 215
43 45 166
43 46 257
43 47 100
43 48 231
43 49 139
43 50 111
43 51 95
43 52 298
43 53 195
43 54 154
43 55 239
43 56 163
43 57 181
43 58 166
43 59 94
43 60 268
43 61 44
43 62 92
43 63 43
43 64 102
43 65 201
43 66 283
43 67 239
43 68 163
43 69 158
43 70 108
43 71 243
43 72 140
43 73 233
43 74 184
43 75 229
43 76 44
43 77 185
43 78 267
43 79 145
43 80 296
43 81 223
43 82 260
43 83 194
43 84 284
43 85 205
43 86 270
43 87 61
43 88 274
43 89 179
43 90 209
43 91 194
43 92 263
43 93 184
43 94 47
43 95 53
43 96 177
43 97 105
43 98 192
43 99 210
44 1 56
44 2 30
44 3 118
44 4 39
44 5 181
44 6 215
44 7 45
44 8 38
44 9 90
44 10 269
44 11 131
44 12 263
44 13 288
44 14 174
44 15 177
44 16 294
44 17 275
44 18 93
44 19 113
44 20 176
44 21 228
44 22 155
44 23 215
44 24 57
44 25 129
44 26 152
44 27 201
44 28 275
44 29 251
44 30 114
44 31 50
44 32 271
44 33 102
44 34 163
44 35 38
44 36 211
44 37 300
44 38 153
44 39 266
44 40 69
44 41 47
44 42 36
44 43 215
44 45 189
44 46 138
44 47 127
44 48 132
44 49 111
44 50 50
44 51 54
44 52 71
44 53 219
44 54 165
44 55 75
44 56 44
44 57 143
44 58 92
44 59 252
44 60 82
44 61 42
44 62 113
44 63 33
44 64 187
44 65 86
44 66 226
44 67 274
44 68 166
44 69 65
44 70 39
44 71 74
44 72 151
44 73 103
44 74 287
44 75 144
44 76 285
44 77 270
44 78 239
44 79 146
44 80 215
44 81 174
44 82 64
44 83 145
44 84 204
44 85 292
44 86 229
44 87 249
44 88 212
44 89 227
44 90 253
44 91 39
44 92 204
44 93 37
44 94 288
44 95 241
44 96 273
44 97 120
44 98 244
44 99 213
45 1 75
45 2 257
45 3 84
45 4 211
45 5 182
45 6 72
45 7 179
45 8 204
45 9 277
45 10 184
45 11 261
45 12 80
45 13 150
45 14 171
45 15 166
45 16 170
45 17 272
45 18 183
45 19 219
45 20 140
45 21 293
45 22 278
45 23 234
45 24 263
45 25 115
45 26 201
45 27 59
45 28 83
45 29 112
45 30 120
45 31 57
45 32 193
45 33 112
45 34 211
45 35 45
45 36 119
45 37 164
45 38 282
45 39 155
45 40 269
45 41 126
45 42 163
45 43 166
45 44 189
45 46 157
45 47 31
45 48 213
45 49 62
45 50 54
45 51 229
45 52 234
45 53 159
45 54 103
45 55 244
45 56 50
45 57 176
45 58 33
45 59 128
45 60 286
45 61 201
45 62 107
45 63 249
45 64 134
45 65 158
45 66 189
45 67 287
45 68 170
45 69 88
45 70 203
45 71 270
45 72 188
45 73 298
45 74 105
45 75 244
45 76 187
45 77 119
45 78 42
45 79 255
45 80 287
45 81 33
45 82 192
45 83 201
45 84 97
45 85 211
45 86 178
45 87 182
45 88 261
45 89 218
45 90 221
45 91 263
45 92 65
45 93 69
45 94 77
45 95 160
45 96 129
45 97 33
45 98 207
45 99 277
46 1 102
46 2 105
46 3 212
46 4 82
46 5 43
46 6 180
46 7 136
46 8 96
46 9 171
46 10 80
46 11 235
46 12 105
46 13 199
46 14 139
46 15 186
46 16 30
46 17 135
46 18 130
46 19 53
46 20 41
46 21 212
46 22 299
46 23 85
46 24 295
46 25 69
46 26 176
46 27 169
46 28 164
46 29 123
46 30 133
46 31 51
46 32 73
46 33 137
46 34 222
46 35 70
46 36 73
46 37 137
46 38 113
46 39 224
46 40 57
46 41 152
46 42 261
46 43 257
46 44 138
46 45 157
46 47 61
46 48 102
46 49 85
46 50 174
46 51 44
46 52 34
46 53 86
46 54 79
46 55 246
46 56 161
46 57 128
46 58 274
46 59 150
46 60 91
46 61 46
46 62 211
46 63 109
46 64 261
46 65 66
46 66 59
46 67 45
46 68 214
46 69 32
46 70 183
46 71 133
46 72 73
46 73 44
46 74 198
46 75 290
46 76 150
46 77 139
46 78 64
46 79 32
46 80 278
46 81 208
46 82 68
46 83 203
46 84 113
46 85 246
46 86 66
46 87 85
46 88 211
46 89 200
46 90 288
46 91 193
46 92 248
46 93 214
46 94 162
46 95 48
46 96 140
46 97 200
46 98 262
46 99 270
47 1 216
47 2 117
47 3 149
47 4 243
47 5 185
47 6 162
47 7 78
47 8 157
47 9 144
47 10 157
47 11 262
47 12 137
47 13 46
47 14 218
47 15 143
47 16 281
47 17 167
47 18 209
47 19 92
47 20 208
47 21 43
47 22 289
47 23 290
47 24 86
47 25 121
47 26 109
47 27 148
47 28 264
47 29 107
47 30 210
47 31 118
47 32 85
47 33 255
47 34 130
47 35 119
47 36 111
47 37 218
47 38 221
47 39 158
47 40 187
47 41 196
47 42 193
47 43 100
47 44 127
47 45 31
47 46 61
47 48 294
47 49 89
47 50 170
47 51 57
47 52 235
47 53 84
47 54 247
47 55 144
47 56 232
47 57 132
47 58 250
47 59 145
47 60 80
47 61 293
47 62 117
47 63 249
47 64 159
47 65 122
47 66 126
47 67 184
47 68 215
47 69 236
47 70 189
47 71 45
47 72 177
47 73 295
47 74 232
47 75 250
47 76 163
47 77 187
47 78 67
47 79 291
47 80 178
47 81 49
47 82 255
47 83 272
47 84 260
47 85 92
47 86 298
47 87 66
47 88 162
47 89 205
47 90 202
47 91 168
47 92 179
47 93 108
47 94 256
47 95 162
47 96 94
47 97 137
47 98 43
47 99 183
48 1 236
48 2 31
48 3 147
48 4 133
48 5 178
48 6 232
48 7 286
48 8 234
48 9 104
48 10 153
48 11 262
48 12 206
48 13 62
48 14 206
48 15 189
48 16 205
48 17 152
48 18 208
48 19 50
48 20 268
48 21 35
48 22 264
48 23 58
48 24 91
48 25 135
48 26 83
48 27 280
48 28 226
48 29 218
48 30 38
48 31 97
48 32 106
48 33 254
48 34 161
48 35 119
48 36 191
48 37 60
48 38 183
48 39 237
48 40 181
48 41 201
48 42 136
48 43 231
48 44 132
48 45 213
48 46 102
48 47 294
48 49 65
48 50 164
48 51 93
48 52 34
48 53 102
48 54 122
48 55 31
48 56 149
48 57 214
48 58 111
48 59 75
48 60 92
48 61 47
48 62 224
48 63 202
48 64 181
48 65 193
48 66 288
48 67 76
48 68 166
48 69 30
48 70 166
48 71 246
48 72 83
48 73 174
48 74 145
48 75 215
48 76 175
48 77 222
48 78 268
48 79 244
48 80 105
48 81 115
48 82 256
48 83 42
48 84 299
48 85 285
48 86 144
48 87 174
48 88 180
48 89 294
48 90 45
48 91 89
48 92 47
48 93 295
48 94 199
48 95 96
48 96 202
48 97 249
48 98 76
48 99 155
49 1 210
49 2 216
49 3 115
49 4 107
49 5 181
49 6 160
49 7 52
49 8 159
49 9 106
49 10 273
49 11 208
49 12 142
49 13 31
49 14 64
49 15 284
49 16 143
49 17 195
49 18 37
49 19 177
49 20 134
49 21 291
49 22 100
49 23 281
49 24 192
49 25 128
49 26 101
49 27 86
49 28 176
49 29 115
49 30 179
49 31 115
49 32 162
49 33 105
49 34 77
49 35 205
49 36 263
49 37 63
49 38 128
49 39 278
49 40 143
49 41 60
49 42 237
49 43 139
49 44 111
49 45 62
49 46 85
49 47 89
49 48 65
49 50 134
49 51 73
49 52 178
49 53 83
49 54 197
49 55 89
49 56 202
49 57 133
49 58 83
49 59 139
49 60 223
49 61 113
49 62 72
49 63 217
49 64 224
49 65 245
49 66 146
49 67 161
49 68 278
49 69 132
49 70 282
49 71 139
49 72 271
49 73 137
49 74 85
49 75 164
49 76 87
49 77 189
49 78 121
49 79 74
49 80 252
49 81 92
49 82 189
49 83 173
49 84 64
49 85 179
49 86 276
49 87 157
49 88 276
49 89 59
49 90 207
49 91 60
49 92 238
49 93 37
49 94 64
49 95 64
49 96 54
49 97 197
49 98 31
49 99 45
50 1 147
50 2 293
50 3 164
50 4 61
50 5 228
50 6 121
50 7 137
50 8 185
50 9 116
50 10 70
50 11 72
50 12 240
50 13 128
50 14 40
50 15 265
50 16 244
50 17 184
50 18 139
50 19 187
50 20 85
50 21 118
50 22 134
50 23 198
50 24 221
50 25 30
50 26 252
50 27 83
50 28 37
50 29 52
50 30 110
50 31 124
50 32 255
50 33 184
50 34 227
50 35 142
50 36 165
50 37 219
50 38 119
50 39 59
50 40 99
50 41 195
50 42 265
50 43 111
50 44 50
50 45 54
50 46 174
50 47 170
50 48 164
50 49 134
50 51 267
50 52 147
50 53 237
50 54 126
50 55 261
50 56 277
50 57 221
50 58 142
50 59 251
50 60 276
50 61 162
50 62 286
50 63 200
50 64 291
50 65 68
50 66 275
50 67 69
50 68 94
50 69 269
50 70 133
50 71 206
50 72 276
50 73 54
50 74 212
50 75 84
50 76 235
50 77 255
50 78 138
50 79 240
50 80 136
50 81 202
50 82 277
50 83 86
50 84 103
50 85 246
50 86 69
50 87 211
50 88 207
50 89 152
50 90 118
50 91 89
50 92 151
50 93 252
50 94 195
50 95 178
50 96 183
50 97 216
50 98 227
50 99 252
51 1 32
51 2 185
51 3 214
51 4 158
51 5 92
51 6 167
51 7 95
51 8 210
51 9 228
51 10 292
51 11 43
51 12 95
51 13 63
51 14 193
51 15 299
51 16 220
51 17 254
51 18 282
51 19 121
51 20 267
51 21 266
51 22 208
51 23 91
51 24 159
51 25 96
51 26 186
51 27 200
51 28 93
51 29 59
51 30 144
51 31 171
51 32 288
51 33 108
51 34 50
51 35 59
51 36 80
51 37 138
51 38 226
51 39 44
51 40 271
51 41 165
51 42 292
51 43 95
51 44 54
51 45 229
51 46 44
51 47 57
51 48 93
51 49 73
51 50 267
51 52 66
51 53 96
51 54 42
51 55 38
51 56 137
51 57 89
51 58 223
51 59 189
51 60 249
51 61 54
51 62 216
51 63 34
51 64 258
51 65 117
51 66 85
51 67 87
51 68 230
51 69 293
51 70 33
51 71 226
51 72 45
51 73 240
51 74 155
51 75 200
51 76 106
51 77 124
51 78 142
51 79 138
51 80 31
51 81 272
51 82 30
51 83 288
51 84 210
51 85 30
51 86 92
51 87 207
51 88 164
51 89 229
51 90 106
51 91 167
51 92 45
51 93 121
51 94 114
51 95 287
51 96 247
51 97 227
51 98 92
51 99 295
52 1 248
52 2 199
52 3 212
52 4 189
52 5 299
52 6 51
52 7 186
52 8 36
52 9 198
52 10 123
52 11 66
52 12 49
52 13 84
52 14 225
52 15 140
52 16 154
52 17 199
52 18 285
52 19 84
52 20 71
52 21 81
52 22 226
52 23 172
52 24 214
52 25 246
52 26 254
52 27 137
52 28 62
52 29 191
52 30 143
52 31 184
52 32 39
52 33 154
52 34 122
52 35 145
52 36 167
52 37 180
52 38 59
52 39 53
52 40 241
52 41 145
52 42 229
52 43 298
52 44 71
52 45 234
52 46 34
52 47 235
52 48 34
52 49 178
52 50 147
52 51 66
52 53 291
52 54 126
52 55 36
52 56 61
52 57 289
52 58 179
52 59 56
52 60 127
52 61 87
52 62 283
52 63 122
52 64 245
52 65 98
52 66 153
52 67 285
52 68 114
52 69 45
52 70 148
52 71 40
52 72 96
52 73 189
52 74 127
52 75 276
52 76 297
52 77 208
52 78 287
52 79 85
52 80 54
52 81 233
52 82 280
52 83 268
52 84 74
52 85 257
52 86 95
52 87 64
52 88 260
52 89 131
52 90 216
52 91 104
52 92 179
52 93 125
52 94 70
52 95 176
52 96 35
52 97 200
52 98 299
52 99 298
53 1 106
53 2 271
53 3 172
53 4 156
53 5 32
53 6 274
53 7 116
53 8 278
53 9 129
53 10 254
53 11 80
53 12 130
53 13 116
53 14 260
53 15 91
53 16 71
53 17 243
53 18 35
53 19 179
53 20 99
53 21 111
53 22 188
53 23 122
53 24 141
53 25 100
53 26 123
53 27 222
53 28 62
53 29 102
53 30 234
53 31 141
53 32 71
53 33 184
53 34 80
53 35 67
53 36 134
53 37 51
53 38 77
53 39 286
53 40 92
53 41 250
53 42 212
53 43 195
53 44 219
53 45 159
53 46 86
53 47 84
53 48 102
53 49 83
53 50 237
53 51 96
53 52 291
53 54 63
53 55 81
53 56 147
53 57 59
53 58 134
53 59 147
53 60 44
53 61 107
53 62 232
53 63 81
53 64 106
53 65 258
53 66 146
53 67 114
53 68 99
53 69 265
53 70 270
53 71 206
53 72 59
53 73 141
53 74 276
53 75 158
53 76 83
53 77 139
53 78 278
53 79 239
53 80 293
53 81 51
53 82 131
53 83 113
53 84 164
53 85 58
53 86 279
53 87 184
53 88 32
53 89 210
53 90 280
53 91 251
53 92 231
53 93 151
53 94 214
53 95 179
53 96 237
53 97 54
53 98 205
53 99 30
54 1 124
54 2 153
54 3 30
54 4 97
54 5 299
54 6 71
54 7 39
54 8 130
54 9 176
54 10 139
54 11 136
54 12 201
54 13 269
54 14 219
54 15 31
54 16 175
54 17 212
54 18 235
54 19 200
54 20 66
54 21 264
54 22 275
54 23 135
54 24 96
54 25 267
54 26 65
54 27 264
54 28 197
54 29 119
54 30 252
54 31 281
54 32 252
54 33 221
54 34 104
54 35 165
54 36 182
54 37 246
54 38 187
54 39 51
54 40 183
54 41 223
54 42 162
54 43 154
54 44 165
54 45 103
54 46 79
54 47 247
54 48 122
54 49 197
54 50 126
54 51 42
54 52 126
54 53 63
54 55 200
54 56 90
54 57 38
54 58 281
54 59 51
54 60 34
54 61 64
54 62 140
54 63 211
54 64 152
54 65 180
54 66 187
54 67 85
54 68 62
54 69 124
54 70 150
54 71 126
54 72 232
54 73 119
54 74 131
54 75 121
54 76 277
54 77 242
54 78 95
54 79 218
54 80 119
54 81 264
54 82 52
54 83 245
54 84 84
54 85 47
54 86 98
54 87 94
54 88 280
54 89 158
54 90 175
54 91 237
54 92 66
54 93 156
54 94 162
54 95 82
54 96 293
54 97 218
54 98 141
54 99 212
55 1 132
55 2 97
55 3 237
55 4 99
55 5 243
55 6 118
55 7 113
55 8 43
55 9 282
55 10 264
55 11 253
55 12 271
55 13 236
55 14 80
55 15 298
55 16 245
55 17 186
55 18 268
55 19 158
55 20 185
55 21 48
55 22 80
55 23 153
55 24 287
55 25 95
55 26 271
55 27 110
55 28 104
55 29 150
55 30 64
55 31 273
55 32 160
55 33 101
55 34 197
55 35 251
55 36 126
55 37 264
55 38 142
55 39 141
55 40 258
55 41 177
55 42 205
55 43 239
55 44 75
55 45 244
55 46 246
55 47 144
55 48 31
55 49 89
55 50 261
55 51 38
55 52 36
55 53 81
55 54 200
55 56 217
55 57 215
55 58 171
55 59 215
55 60 71
55 61 105
55 62 117
55 63 99
55 64 218
55 65 293
55 66 87
55 67 153
55 68 100
55 69 180
55 70 260
55 71 92
55 72 230
55 73 128
55 74 292
55 75 260
55 76 79
55 77 56
55 78 52
55 79 121
55 80 182
55 81 149
55 82 152
55 83 36
55 84 157
55 85 111
55 86 237
55 87 185
55 88 163
55 89 189
55 90 180
55 91 160
55 92 98
55 93 147
55 94 159
55 95 93
55 96 110
55 97 133
55 98 293
55 99 222
56 1 201
56 2 165
56 3 273
56 4 256
56 5 228
56 6 295
56 7 133
56 8 127
56 9 292
56 10 288
56 11 195
56 12 124
56 13 254
56 14 40
56 15 228
56 16 226
56 17 227
56 18 223
56 19 200
56 20 224
56 21 273
56 22 218
56 23 265
56 24 40
56 25 33
56 26 173
56 27 191
56 28 99
56 29 184
56 30 247
56 31 283
56 32 266
56 33 33
56 34 234
56 35 232
56 36 161
56 37 160
56 38 145
56 39 300
56 40 155
56 41 95
56 42 278
56 43 163
56 44 44
56 45 50
56 46 161
56 47 232
56 48 149
56 49 202
56 50 277
56 51 137
56 52 61
56 53 147
56 54 90
56 55 217
56 57 207
56 58 283
56 59 98
56 60 54
56 61 46
56 62 179
56 63 294
56 64 239
56 65 146
56 66 116
56 67 77
56 68 171
56 69 81
56 70 151
56 71 190
56 72 158
56 73 110
56 74 249
56 75 142
56 76 65
56 77 111
56 78 155
56 79 42
56 80 188
56 81 231
56 82 299
56 83 295
56 84 181
56 85 194
56 86 292
56 87 154
56 88 86
56 89 157
56 90 192
56 91 112
56 92 265
56 93 252
56 94 99
56 95 276
56 96 106
56 97 87
56 98 280
56 99 158
57 1 238
57 2 247
57 3 83
57 4 45
57 5 280
57 6 211
57 7 47
57 8 87
57 9 160
57 10 172
57 11 254
57 12 158
57 13 47
57 14 118
57 15 87
57 16 186
57 17 207
57 18 160
57 19 160
57 20 109
57 21 283
57 22 299
57 23 282
57 24 102
57 25 120
57 26 299
57 27 126
57 28 271
57 29 226
57 30 83
57 31 40
57 32 200
57 33 79
57 34 233
57 35 112
57 36 31
57 37 165
57 38 248
57 39 209
57 40 39
57 41 241
57 42 283
57 43 181
57 44 143
57 45 176
57 46 128
57 47 132
57 48 214
57 49 133
57 50 221
57 51 89
57 52 289
57 53 59
57 54 38
57 55 215
57 56 207
57 58 106
57 59 78
57 60 35
57 61 93
57 62 261
57 63 68
57 64 257
57 65 102
57 66 257
57 67 242
57 68 103
57 69 250
57 70 89
57 71 286
57 72 189
57 73 181
57 74 83
57 75 111
57 76 119
57 77 152
57 78 38
57 79 227
57 80 82
57 81 246
57 82 254
57 83 38
57 84 140
57 85 216
57 86 195
57 87 43
57 88 177
57 89 224
57 90 193
57 91 165
57 92 155
57 93 187
57 94 283
57 95 161
57 96 56
57 97 142
57 98 285
57 99 291
58 1 131
58 2 133
58 3 47
58 4 242
58 5 263
58 6 246
58 7 101
58 8 116
58 9 113
58 10 102
58 11 235
58 12 285
58 13 74
58 14 269
58 15 223
58 16 284
58 17 251
58 18 60
58 19 219
58 20 180
58 21 185
58 22 74
58 23 119
58 24 206
58 25 298
58 26 95
58 27 95
58 28 74
58 29 49
58 30 49
58 31 192
58 32 227
58 33 259
58 34 245
58 35 278
58 36 160
58 37 120
58 38 40
58 39 56
58 40 289
58 41 285
58 42 51
58 43 166
58 44 92
58 45 33
58 46 274
58 47 250
58 48 111
58 49 83
58 50 142
58 51 223
58 52 179
58 53 134
58 54 281
58 55 171
58 56 283
58 57 106
58 59 241
58 60 259
58 61 106
58 62 68
58 63 97
58 64 88
58 65 83
58 66 282
58 67 173
58 68 216
58 69 249
58 70 190
58 71 129
58 72 48
58 73 182
58 74 63
58 75 120
58 76 83
58 77 247
58 78 161
58 79 106
58 80 255
58 81 96
58 82 161
58 83 110
58 84 231
58 85 267
58 86 137
58 87 219
58 88 255
58 89 209
58 90 38
58 91 218
58 92 247
58 93 174
58 94 278
58 95 44
58 96 191
58 97 268
58 98 60
58 99 201
59 1 61
59 2 38
59 3 227
59 4 218
59 5 283
59 6 204
59 7 228
59 8 63
59 9 280
59 10 65
59 11 284
59 12 132
59 13 156
59 14 137
59 15 192
59 16 267
59 17 143
59 18 287
59 19 63
59 20 88
59 21 235
59 22 177
59 23 63
59 24 279
59 25 260
59 26 98
59 27 118
59 28 107
59 29 39
59 30 70
59 31 278
59 32 228
59 33 185
59 34 36
59 35 183
59 36 138
59 37 34
59 38 63
59 39 273
59 40 175
59 41 268
59 42 59
59 43 94
59 44 252
59 45 128
59 46 150
59 47 145
59 48 75
59 49 139
59 50 251
59 51 189
59 52 56
59 53 147
59 54 51
59 55 215
59 56 98
59 57 78
59 58 241
59 60 155
59 61 118
59 62 289
59 63 72
59 64 266
59 65 266
59 66 139
59 67 83
59 68 137
59 69 52
59 70 265
59 71 249
59 72 89
59 73 198
59 74 84
59 75 65
59 76 32
59 77 148
59 78 83
59 79 50
59 80 182
59 81 148
59 82 258
59 83 185
59 84 114
59 85 42
59 86 179
59 87 216
59 88 223
59 89 83
59 90 189
59 91 46
59 92 187
59 93 52
59 94 238
59 95 155
59 96 224
59 97 225
59 98 164
59 99 253
60 1 225
60 2 93
60 3 266
60 4 34
60 5 92
60 6 280
60 7 259
60 8 258
60 9 290
60 10 231
60 11 247
60 12 58
60 13 278
60 14 35
60 15 30
60 16 146
60 17 265
60 18 101
60 19 242
60 20 128
60 21 193
60 22 213
60 23 292
60 24 38
60 25 237
60 26 241
60 27 299
60 28 209
60 29 51
60 30 66
60 31 58
60 32 210
60 33 198
60 34 282
60 35 98
60 36 253
60 37 69
60 38 223
60 39 275
60 40 139
60 41 270
60 42 177
60 43 268
60 44 82
60 45 286
60 46 91
60 47 80
60 48 92
60 49 223
60 50 276
60 51 249
60 52 127
60 53 44
60 54 34
60 55 71
60 56 54
60 57 35
60 58 259
60 59 155
60 61 151
60 62 134
60 63 48
60 64 112
60 65 59
60 66 257
60 67 153
60 68 209
60 69 135
60 70 192
60 71 163
60 72 232
60 73 203
60 74 55
60 75 133
60 76 261
60 77 157
60 78 145
60 79 169
60 80 47
60 81 141
60 82 120
60 83 123
60 84 39
60 85 61
60 86 197
60 87 172
60 88 34
60 89 142
60 90 48
60 91 102
60 92 159
60 93 31
60 94 288
60 95 63
60 96 271
60 97 198
60 98 211
60 99 62
61 1 39
61 2 99
61 3 59
61 4 191
61 5 230
61 6 254
61 7 233
61 8 210
61 9 58
61 10 211
61 11 170
61 12 148
61 13 236
61 14 299
61 15 207
61 16 37
61 17 36
61 18 247
61 19 71
61 20 78
61 21 134
61 22 261
61 23 154
61 24 128
61 25 275
61 26 239
61 27 92
61 28 83
61 29 181
61 30 87
61 31 202
61 32 229
61 33 42
61 34 182
61 35 169
61 36 116
61 37 50
61 38 62
61 39 102
61 40 249
61 41 281
61 42 60
61 43 44
61 44 42
61 45 201
61 46 46
61 47 293
61 48 47
61 49 113
61 50 162
61 51 54
61 52 87
61 53 107
61 54 64
61 55 105
61 56 46
61 57 93
61 58 106
61 59 118
61 60 151
61 62 60
61 63 203
61 64 71
61 65 156
61 66 186
61 67 168
61 68 212
61 69 152
61 70 123
61 71 84
61 72 202
61 73 70
61 74 85
61 75 82
61 76 38
61 77 291
61 78 123
61 79 109
61 80 296
61 81 285
61 82 71
61 83 33
61 84 170
61 85 149
61 86 80
61 87 190
61 88 207
61 89 205
61 90 105
61 91 240
61 92 235
61 93 168
61 94 55
61 95 118
61 96 51
61 97 63
61 98 31
61 99 137
62 1 102
62 2 265
62 3 279
62 4 106
62 5 55
62 6 266
62 7 88
62 8 47
62 9 230
62 10 69
62 11 68
62 12 245
62 13 87
62 14 194
62 15 240
62 16 34
62 17 122
62 18 201
62 19 87
62 20 225
62 21 50
62 22 151
62 23 234
62 24 141
62 25 262
62 26 197
62 27 280
62 28 98
62 29 190
62 30 238
62 31 300
62 32 213
62 33 264
62 34 56
62 35 133
62 36 128
62 37 145
62 38 250
62 39 94
62 40 162
62 41 131
62 42 156
62 43 92
62 44 113
62 45 107
62 46 211
62 47 117
62 48 224
62 49 72
62 50 286
62 51 216
62 52 283
62 53 232
62 54 140
62 55 117
62 56 179
62 57 261
62 58 68
62 59 289
62 60 134
62 61 60
62 63 70
62 64 104
62 65 285
62 66 199
62 67 257
62 68 276
62 69 239
62 70 201
62 71 246
62 72 125
62 73 92
62 74 193
62 75 136
62 76 171
62 77 176
62 78 62
62 79 126
62 80 165
62 81 265
62 82 220
62 83 162
62 84 135
62 85 221
62 86 137
62 87 275
62 88 201
62 89 288
62 90 44
62 91 281
62 92 61
62 93 106
62 94 69
62 95 281
62 96 227
62 97 76
62 98 164
62 99 56
63 1 42
63 2 55
63 3 273
63 4 30
63 5 217
63 6 54
63 7 121
63 8 162
63 9 162
63 10 120
63 11 255
63 12 179
63 13 159
63 14 148
63 15 293
63 16 172
63 17 67
63 18 268
63 19 271
63 20 66
63 21 278
63 22 66
63 23 65
63 24 288
63 25 300
63 26 62
63 27 191
63 28 217
63 29 204
63 30 142
63 31 237
63 32 99
63 33 38
63 34 270
63 35 42
63 36 231
63 37 218
63 38 199
63 39 170
63 40 198
63 41 255
63 42 263
63 43 43
63 44 33
63 45 249
63 46 109
63 47 249
63 48 202
63 49 217
63 50 200
63 51 34
63 52 122
63 53 81
63 54 211
63 55 99
63 56 294
63 57 68
63 58 97
63 59 72
63 60 48
63 61 203
63 62 70
63 64 218
63 65 39
63 66 237
63 67 80
63 68 108
63 69 239
63 70 93
63 71 116
63 72 284
63 73 300
63 74 88
63 75 171
63 76 58
63 77 274
63 78 242
63 79 244
63 80 291
63 81 281
63 82 224
63 83 178
63 84 90
63 85 46
63 86 188
63 87 154
63 88 193
63 89 94
63 90 199
63 91 247
63 92 130
63 93 90
63 94 255
63 95 122
63 96 115
63 97 300
63 98 86
63 99 206
64 1 225
64 2 290
64 3 129
64 4 202
64 5 189
64 6 101
64 7 298
64 8 204
64 9 44
64 10 203
64 11 272
64 12 32
64 13 293
64 14 286
64 15 98
64 16 244
64 17 196
64 18 45
64 19 37
64 20 235
64 21 289
64 22 100
64 23 166
64 24 217
64 25 51
64 26 123
64 27 198
64 28 298
64 29 300
64 30 183
64 31 79
64 32 237
64 33 153
64 34 180
64 35 102
64 36 40
64 37 206
64 38 48
64 39 192
64 40 229
64 41 262
64 42 149
64 43 102
64 44 187
64 45 134
64 46 261
64 47 159
64 48 181
64 49 224
64 50 291
64 51 258
64 52 245
64 53 106
64 54 152
64 55 218
64 56 239
64 57 257
64 58 88
64 59 266
64 60 112
64 61 71
64 62 104
64 63 218
64 65 150
64 66 264
64 67 276
64 68 267
64 69 255
64 70 103
64 71 241
64 72 173
64 73 283
64 74 236
64 75 164
64 76 42
64 77 227
64 78 183
64 79 140
64 80 278
64 81 129
64 82 70
64 83 117
64 84 220
64 85 81
64 86 243
64 87 223
64 88 97
64 89 211
64 90 153
64 91 39
64 92 92
64 93 250
64 94 300
64 95 300
64 96 283
64 97 103
64 98 56
64 99 165
65 1 52
65 2 209
65 3 134
65 4 284
65 5 58
65 6 225
65 7 102
65 8 198
65 9 191
65 10 90
65 11 108
65 12 228
65 13 127
65 14 55
65 15 79
65 16 52
65 17 115
65 18 277
65 19 40
65 20 67
65 21 62
65 22 242
65 23 120
65 24 223
65 25 283
65 26 288
65 27 62
65 28 277
65 29 73
65 30 210
65 31 269
65 32 49
65 33 186
65 34 82
65 35 142
65 36 186
65 37 67
65 38 259
65 39 37
65 40 81
65 41 143
65 42 251
65 43 201
65 44 86
65 45 158
65 46 66
65 47 122
65 48 193
65 49 245
65 50 68
65 51 117
65 52 98
65 53 258
65 54 180
65 55 293
65 56 146
65 57 102
65 58 83
65 59 266
65 60 59
65 61 156
65 62 285
65 63 39
65 64 150
65 66 98
65 67 264
65 68 190
65 69 182
65 70 56
65 71 276
65 72 62
65 73 104
65 74 109
65 75 198
65 76 297
65 77 283
65 78 66
65 79 185
65 80 32
65 81 271
65 82 265
65 83 94
65 84 266
65 85 197
65 86 225
65 87 53
65 88 110
65 89 51
65 90 76
65 91 93
65 92 110
65 93 217
65 94 268
65 95 212
65 96 52
65 97 244
65 98 130
65 99 256
66 1 63
66 2 151
66 3 277
66 4 290
66 5 204
66 6 163
66 7 264
66 8 59
66 9 120
66 10 78
66 11 134
66 12 300
66 13 145
66 14 77
66 15 251
66 16 139
66 17 211
66 18 88
66 19 54
66 20 251
66 21 82
66 22 196
66 23 83
66 24 32
66 25 244
66 26 261
66 27 93
66 28 287
66 29 201
66 30 55
66 31 104
66 32 263
66 33 54
66 34 269
66 35 164
66 36 38
66 37 203
66 38 243
66 39 120
66 40 197
66 41 249
66 42 197
66 43 283
66 44 226
66 45 189
66 46 59
66 47 126
66 48 288
66 49 146
66 50 275
66 51 85
66 52 153
66 53 146
66 54 187
66 55 87
66 56 116
66 57 257
66 58 282
66 59 139
66 60 257
66 61 186
66 62 199
66 63 237
66 64 264
66 65 98
66 67 270
66 68 113
66 69 153
66 70 31
66 71 34
66 72 206
66 73 35
66 74 230
66 75 223
66 76 107
66 77 42
66 78 284
66 79 92
66 80 165
66 81 243
66 82 118
66 83 243
66 84 220
66 85 273
66 86 150
66 87 47
66 88 137
66 89 118
66 90 280
66 91 272
66 92 280
66 93 150
66 94 201
66 95 291
66 96 122
66 97 299
66 98 294
66 99 243
67 1 139
67 2 149
67 3 129
67 4 287
67 5 214
67 6 285
67 7 271
67 8 166
67 9 108
67 10 140
67 11 228
67 12 173
67 13 262
67 14 186
67 15 141
67 16 165
67 17 136
67 18 86
67 19 41
67 20 189
67 21 196
67 22 114
67 23 45
67 24 162
67 25 191
67 26 32
67 27 264
67 28 277
67 29 204
67 30 295
67 31 174
67 32 66
67 33 102
67 34 270
67 35 266
67 36 278
67 37 129
67 38 147
67 39 95
67 40 161
67 41 49
67 42 244
67 43 239
67 44 274
67 45 287
67 46 45
67 47 184
67 48 76
67 49 161
67 50 69
67 51 87
67 52 285
67 53 114
67 54 85
67 55 153
67 56 77
67 57 242
67 58 173
67 59 83
67 60 153
67 61 168
67 62 257
67 63 80
67 64 276
67 65 264
67 66 270
67 68 223
67 69 268
67 70 91
67 71 218
67 72 221
67 73 111
67 74 38
67 75 248
67 76 45
67 77 268
67 78 244
67 79 169
67 80 209
67 81 57
67 82 171
67 83 32
67 84 262
67 85 184
67 86 164
67 87 61
67 88 186
67 89 240
67 90 145
67 91 260
67 92 193
67 93 100
67 94 161
67 95 281
67 96 296
67 97 166
67 98 276
67 99 80
68 1 149
68 2 37
68 3 232
68 4 201
68 5 121
68 6 230
68 7 251
68 8 170
68 9 230
68 10 237
68 11 273
68 12 211
68 13 76
68 14 287
68 15 44
68 16 238
68 17 74
68 18 277
68 19 143
68 20 95
68 21 171
68 22 261
68 23 300
68 24 72
68 25 204
68 26 199
68 27 62
68 28 56
68 29 201
68 30 288
68 31 229
68 32 267
68 33 47
68 34 45
68 35 247
68 36 143
68 37 61
68 38 41
68 39 251
68 40 165
68 41 258
68 42 182
68 43 163
68 44 166
68 45 170
68 46 214
68 47 215
68 48 166
68 49 278
68 50 94
68 51 230
68 52 114
68 53 99
68 54 62
68 55 100
68 56 171
68 57 103
68 58 216
68 59 137
68 60 209
68 61 212
68 62 276
68 63 108
68 64 267
68 65 190
68 66 113
68 67 223
68 69 175
68 70 87
68 71 232
68 72 168
68 73 220
68 74 100
68 75 260
68 76 74
68 77 258
68 78 139
68 79 139
68 80 138
68 81 118
68 82 262
68 83 261
68 84 166
68 85 145
68 86 148
68 87 74
68 88 70
68 89 133
68 90 213
68 91 134
68 92 257
68 93 52
68 94 269
68 95 195
68 96 126
68 97 123
68 98 271
68 99 192
69 1 242
69 2 92
69 3 207
69 4 50
69 5 33
69 6 102
69 7 109
69 8 42
69 9 215
69 10 102
69 11 65
69 12 226
69 13 171
69 14 216
69 15 198
69 16 33
69 17 86
69 18 73
69 19 290
69 20 272
69 21 213
69 22 296
69 23 84
69 24 74
69 25 196
69 26 145
69 27 287
69 28 168
69 29 290
69 30 108
69 31 125
69 32 177
69 33 130
69 34 70
69 35 136
69 36 277
69 37 132
69 38 264
69 39 245
69 40 117
69 41 68
69 42 171
69 43 158
69 44 65
69 45 88
69 46 32
69 47 236
69 48 30
69 49 132
69 50 269
69 51 293
69 52 45
69 53 265
69 54 124
69 55 180
69 56 81
69 57 250
69 58 249
69 59 52
69 60 135
69 61 152
69 62 239
69 63 239
69 64 255
69 65 182
69 66 153
69 67 268
69 68 175
69 70 131
69 71 199
69 72 117
69 73 198
69 74 243
69 75 34
69 76 62
69 77 213
69 78 265
69 79 214
69 80 151
69 81 49
69 82 139
69 83 85
69 84 161
69 85 78
69 86 184
69 87 92
69 88 64
69 89 165
69 90 212
69 91 279
69 92 57
69 93 241
69 94 37
69 95 268
69 96 269
69 97 260
69 98 31
69 99 139
70 1 73
70 2 37
70 3 164
70 4 284
70 5 269
70 6 105
70 7 250
70 8 177
70 9 103
70 10 155
70 11 85
70 12 238
70 13 281
70 14 234
70 15 195
70 16 175
70 17 40
70 18 36
70 19 105
70 20 206
70 21 137
70 22 71
70 23 211
70 24 143
70 25 297
70 26 219
70 27 120
70 28 46
70 29 138
70 30 300
70 31 116
70 32 122
70 33 62
70 34 227
70 35 248
70 36 197
70 37 54
70 38 155
70 39 78
70 40 62
70 41 275
70 42 250
70 43 108
70 44 39
70 45 203
70 46 183
70 47 189
70 48 166
70 49 282
70 50 133
70 51 33
70 52 148
70 53 270
70 54 150
70 55 260
70 56 151
70 57 89
70 58 190
70 59 265
70 60 192
70 61 123
70 62 201
70 63 93
70 64 103
70 65 56
70 66 31
70 67 91
70 68 87
70 69 131
70 71 218
70 72 197
70 73 70
70 74 140
70 75 122
70 76 114
70 77 94
70 78 120
70 79 266
70 80 165
70 81 132
70 82 30
70 83 45
70 84 220
70 85 285
70 86 160
70 87 294
70 88 114
70 89 143
70 90 230
70 91 58
70 92 266
70 93 284
70 94 99
70 95 54
70 96 138
70 97 88
70 98 40
70 99 114
71 1 213
71 2 277
71 3 253
71 4 61
71 5 206
71 6 242
71 7 217
71 8 218
71 9 207
71 10 165
71 11 139
71 12 145
71 13 66
71 14 165
71 15 71
71 16 148
71 17 264
71 18 203
71 19 49
71 20 273
71 21 165
71 22 75
71 23 220
71 24 67
71 25 223
71 26 77
71 27 218
71 28 60
71 29 293
71 30 66
71 31 148
71 32 275
71 33 215
71 34 225
71 35 131
71 36 40
71 37 157
71 38 125
71 39 252
71 40 209
71 41 178
71 42 222
71 43 243
71 44 74
71 45 270
71 46 133
71 47 45
71 48 246
71 49 139
71 50 206
71 51 226
71 52 40
71 53 206
71 54 126
71 55 92
71 56 190
71 57 286
71 58 129
71 59 249
71 60 163
71 61 84
71 62 246
71 63 116
71 64 241
71 65 276
71 66 34
71 67 218
71 68 232
71 69 199
71 70 218
71 72 297
71 73 243
71 74 65
71 75 171
71 76 73
71 77 33
71 78 90
71 79 141
71 80 53
71 81 185
71 82 247
71 83 140
71 84 119
71 85 52
71 86 71
71 87 272
71 88 98
71 89 48
71 90 151
71 91 85
71 92 31
71 93 221
71 94 275
71 95 281
71 96 74
71 97 141
71 98 174
71 99 270
72 1 285
72 2 241
72 3 199
72 4 131
72 5 97
72 6 67
72 7 192
72 8 75
72 9 56
72 10 117
72 11 32
72 12 247
72 13 45
72 14 189
72 15 111
72 16 115
72 17 91
72 18 150
72 19 265
72 20 180
72 21 267
72 22 79
72 23 70
72 24 161
72 25 121
72 26 114
72 27 199
72 28 273
72 29 72
72 30 276
72 31 210
72 32 82
72 33 134
72 34 239
72 35 218
72 36 231
72 37 288
72 38 43
72 39 256
72 40 118
72 41 289
72 42 112
72 43 140
72 44 151
72 45 188
72 46 73
72 47 177
72 48 83
72 49 271
72 50 276
72 51 45
72 52 96
72 53 59
72 54 232
72 55 230
72 56 158
72 57 189
72 58 48
72 59 89
72 60 232
72 61 202
72 62 125
72 63 284
72 64 173
72 65 62
72 66 206
72 67 221
72 68 168
72 69 117
72 70 197
72 71 297
72 73 288
72 74 269
72 75 155
72 76 77
72 77 292
72 78 147
72 79 164
72 80 295
72 81 150
72 82 138
72 83 81
72 84 97
72 85 223
72 86 182
72 87 165
72 88 80
72 89 276
72 90 93
72 91 74
72 92 80
72 93 90
72 94 36
72 95 253
72 96 89
72 97 186
72 98 39
72 99 53
73 1 58
73 2 184
73 3 196
73 4 33
73 5 95
73 6 124
73 7 106
73 8 196
73 9 131
73 10 253
73 11 249
73 12 49
73 13 266
73 14 125
73 15 153
73 16 161
73 17 190
73 18 274
73 19 134
73 20 120
73 21 85
73 22 85
73 23 179
73 24 99
73 25 217
73 26 47
73 27 85
73 28 192
73 29 199
73 30 229
73 31 75
73 32 38
73 33 215
73 34 205
73 35 224
73 36 223
73 37 50
73 38 210
73 39 163
73 40 50
73 41 145
73 42 212
73 43 233
73 44 103
73 45 298
73 46 44
73 47 295
73 48 174
73 49 137
73 50 54
73 51 240
73 52 189
73 53 141
73 54 119
73 55 128
73 56 110
73 57 181
73 58 182
73 59 198
73 60 203
73 61 70
73 62 92
73 63 300
73 64 283
73 65 104
73 66 35
73 67 111
73 68 220
73 69 198
73 70 70
73 71 243
73 72 288
73 74 138
73 75 124
73 76 243
73 77 76
73 78 173
73 79 270
73 80 270
73 81 273
73 82 60
73 83 52
73 84 253
73 85 52
73 86 231
73 87 207
73 88 62
73 89 170
73 90 164
73 91 99
73 92 153
73 93 75
73 94 139
73 95 205
73 96 223
73 97 261
73 98 84
73 99 298
74 1 117
74 2 83
74 3 212
74 4 235
74 5 245
74 6 256
74 7 133
74 8 90
74 9 135
74 10 296
74 11 299
74 12 85
74 13 292
74 14 159
74 15 300
74 16 74
74 17 150
74 18 182
74 19 134
74 20 124
74 21 125
74 22 256
74 23 190
74 24 39
74 25 134
74 26 184
74 27 96
74 28 153
74 29 171
74 30 202
74 31 115
74 32 189
74 33 140
74 34 195
74 35 184
74 36 41
74 37 36
74 38 127
74 39 176
74 40 261
74 41 58
74 42 81
74 43 184
74 44 287
74 45 105
74 46 198
74 47 232
74 48 145
74 49 85
74 50 212
74 51 155
74 52 127
74 53 276
74 54 131
74 55 292
74 56 249
74 57 83
74 58 63
74 59 84
74 60 55
74 61 85
74 62 193
74 63 88
74 64 236
74 65 109
74 66 230
74 67 38
74 68 100
74 69 243
74 70 140
74 71 65
74 72 269
74 73 138
74 75 232
74 76 74
74 77 196
74 78 103
74 79 182
74 80 218
74 81 200
74 82 206
74 83 67
74 84 232
74 85 60
74 86 52
74 87 106
74 88 232
74 89 215
74 90 292
74 91 295
74 92 88
74 93 249
74 94 87
74 95 91
74 96 42
74 97 86
74 98 84
74 99 47
75 1 75
75 2 273
75 3 221
75 4 105
75 5 236
75 6 268
75 7 172
75 8 92
75 9 280
75 10 274
75 11 107
75 12 269
75 13 291
75 14 188
75 15 47
75 16 216
75 17 31
75 18 151
75 19 196
75 20 245
75 21 157
75 22 150
75 23 223
75 24 251
75 25 98
75 26 182
75 27 149
75 28 157
75 29 156
75 30 213
75 31 43
75 32 132
75 33 130
75 34 40
75 35 146
75 36 93
75 37 143
75 38 51
75 39 135
75 40 123
75 41 256
75 42 163
75 43 229
75 44 144
75 45 244
75 46 290
75 47 250
75 48 215
75 49 164
75 50 84
75 51 200
75 52 276
75 53 158
75 54 121
75 55 260
75 56 142
75 57 111
75 58 120
75 59 65
75 60 133
75 61 82
75 62 136
75 63 171
75 64 164
75 65 198
75 66 223
75 67 248
75 68 260
75 69 34
75 70 122
75 71 171
75 72 155
75 73 124
75 74 232
75 76 299
75 77 60
75 78 172
75 79 187
75 80 212
75 81 191
75 82 261
75 83 207
75 84 109
75 85 297
75 86 154
75 87 213
75 88 50
75 89 163
75 90 97
75 91 118
75 92 264
75 93 47
75 94 201
75 95 106
75 96 50
75 97 200
75 98 284
75 99 162
76 1 120
76 2 247
76 3 198
76 4 263
76 5 279
76 6 245
76 7 208
76 8 183
76 9 270
76 10 276
76 11 151
76 12 211
76 13 143
76 14 295
76 15 142
76 16 285
76 17 61
76 18 48
76 19 83
76 20 137
76 21 109
76 22 142
76 23 298
76 24 105
76 25 207
76 26 124
76 27 259
76 28 234
76 29 101
76 30 171
76 31 195
76 32 193
76 33 31
76 34 298
76 35 278
76 36 115
76 37 282
76 38 168
76 39 143
76 40 74
76 41 104
76 42 210
76 43 44
76 44 285
76 45 187
76 46 150
76 47 163
76 48 175
76 49 87
76 50 235
76 51 106
76 52 297
76 53 83
76 54 277
76 55 79
76 56 65
76 57 119
76 58 83
76 59 32
76 60 261
76 61 38
76 62 171
76 63 58
76 64 42
76 65 297
76 66 107
76 67 45
76 68 74
76 69 62
76 70 114
76 71 73
76 72 77
76 73 243
76 74 74
76 75 299
76 77 62
76 78 156
76 79 174
76 80 64
76 81 287
76 82 223
76 83 265
76 84 150
76 85 192
76 86 112
76 87 70
76 88 123
76 89 148
76 90 272
76 91 110
76 92 237
76 93 244
76 94 196
76 95 113
76 96 94
76 97 104
76 98 86
76 99 226
77 1 212
77 2 54
77 3 169
77 4 279
77 5 96
77 6 262
77 7 296
77 8 129
77 9 224
77 10 242
77 11 256
77 12 252
77 13 57
77 14 264
77 15 101
77 16 291
77 17 126
77 18 126
77 19 103
77 20 88
77 21 83
77 22 171
77 23 44
77 24 45
77 25 259
77 26 80
77 27 105
77 28 116
77 29 251
77 30 50
77 31 212
77 32 255
77 33 275
77 34 226
77 35 239
77 36 48
77 37 82
77 38 152
77 39 88
77 40 179
77 41 260
77 42 143
77 43 185
77 44 270
77 45 119
77 46 139
77 47 187
77 48 222
77 49 189
77 50 255
77 51 124
77 52 208
77 53 139
77 54 242
77 55 56
77 56 111
77 57 152
77 58 247
77 59 148
77 60 157
77 61 291
77 62 176
77 63 274
77 64 227
77 65 283
77 66 42
77 67 268
77 68 258
77 69 213
77 70 94
77 71 33
77 72 292
77 73 76
77 74 196
77 75 60
77 76 62
77 78 162
77 79 226
77 80 65
77 81 189
77 82 180
77 83 125
77 84 182
77 85 70
77 86 257
77 87 139
77 88 277
77 89 35
77 90 128
77 91 268
77 92 271
77 93 280
77 94 243
77 95 146
77 96 43
77 97 56
77 98 288
77 99 229
78 1 155
78 2 153
78 3 201
78 4 77
78 5 269
78 6 39
78 7 70
78 8 111
78 9 43
78 10 298
78 11 147
78 12 258
78 13 202
78 14 187
78 15 229
78 16 213
78 17 209
78 18 214
78 19 113
78 20 254
78 21 246
78 22 44
78 23 123
78 24 154
78 25 207
78 26 109
78 27 124
78 28 213
78 29 194
78 30 53
78 31 282
78 32 297
78 33 80
78 34 203
78 35 220
78 36 271
78 37 114
78 38 233
78 39 200
78 40 176
78 41 59
78 42 178
78 43 267
78 44 239
78 45 42
78 46 64
78 47 67
78 48 268
78 49 121
78 50 138
78 51 142
78 52 287
78 53 278
78 54 95
78 55 52
78 56 155
78 57 38
78 58 161
78 59 83
78 60 145
78 61 123
78 62 62
78 63 242
78 64 183
78 65 66
78 66 284
78 67 244
78 68 139
78 69 265
78 70 120
78 71 90
78 72 147
78 73 173
78 74 103
78 75 172
78 76 156
78 77 162
78 79 129
78 80 193
78 81 177
78 82 230
78 83 124
78 84 185
78 85 196
78 86 285
78 87 172
78 88 259
78 89 240
78 90 283
78 91 219
78 92 144
78 93 207
78 94 231
78 95 185
78 96 175
78 97 50
78 98 263
78 99 89
79 1 161
79 2 62
79 3 132
79 4 216
79 5 285
79 6 83
79 7 44
79 8 269
79 9 72
79 10 92
79 11 141
79 12 94
79 13 71
79 14 59
79 15 63
79 16 290
79 17 110
79 18 174
79 19 292
79 20 230
79 21 182
79 22 53
79 23 272
79 24 168
79 25 198
79 26 264
79 27 127
79 28 135
79 29 282
79 30 282
79 31 67
79 32 105
79 33 140
79 34 117
79 35 142
79 36 149
79 37 105
79 38 176
79 39 196
79 40 271
79 41 56
79 42 154
79 43 145
79 44 146
79 45 255
79 46 32
79 47 291
79 48 244
79 49 74
79 50 240
79 51 138
79 52 85
79 53 239
79 54 218
79 55 121
79 56 42
79 57 227
79 58 106
79 59 50
79 60 169
79 61 109
79 62 126
79 63 244
79 64 140
79 65 185
79 66 92
79 67 169
79 68 139
79 69 214
79 70 266
79 71 141
79 72 164
79 73 270
79 74 182
79 75 187
79 76 174
79 77 226
79 78 129
79 80 139
79 81 243
79 82 200
79 83 215
79 84 38
79 85 91
79 86 284
79 87 234
79 88 72
79 89 263
79 90 42
79 91 99
79 92 70
79 93 214
79 94 189
79 95 112
79 96 98
79 97 250
79 98 159
79 99 185
80 1 278
80 2 118
80 3 108
80 4 121
80 5 117
80 6 58
80 7 92
80 8 72
80 9 62
80 10 124
80 11 80
80 12 82
80 13 75
80 14 104
80 15 208
80 16 177
80 17 156
80 18 147
80 19 247
80 20 186
80 21 173
80 22 149
80 23 49
80 24 212
80 25 115
80 26 169
80 27 48
80 28 203
80 29 276
80 30 108
80 31 294
80 32 39
80 33 49
80 34 92
80 35 184
80 36 160
80 37 66
80 38 178
80 39 292
80 40 65
80 41 257
80 42 247
80 43 296
80 44 215
80 45 287
80 46 278
80 47 178
80 48 105
80 49 252
80 50 136
80 51 31
80 52 54
80 53 293
80 54 119
80 55 182
80 56 188
80 57 82
80 58 255
80 59 182
80 60 47
80 61 296
80 62 165
80 63 291
80 64 278
80 65 32
80 66 165
80 67 209
80 68 138
80 69 151
80 70 165
80 71 53
80 72 295
80 73 270
80 74 218
80 75 212
80 76 64
80 77 65
80 78 193
80 79 139
80 81 89
80 82 245
80 83 132
80 84 126
80 85 280
80 86 239
80 87 74
80 88 291
80 89 141
80 90 116
80 91 35
80 92 49
80 93 156
80 94 240
80 95 179
80 96 97
80 97 157
80 98 52
80 99 147
81 1 144
81 2 164
81 3 260
81 4 128
81 5 132
81 6 216
81 7 211
81 8 297
81 9 59
81 10 115
81 11 163
81 12 34
81 13 145
81 14 76
81 15 235
81 16 171
81 17 298
81 18 298
81 19 114
81 20 237
81 21 219
81 22 175
81 23 89
81 24 161
81 25 131
81 26 235
81 27 160
81 28 153
81 29 240
81 30 211
81 31 46
81 32 278
81 33 55
81 34 163
81 35 249
81 36 214
81 37 287
81 38 154
81 39 71
81 40 69
81 41 291
81 42 106
81 43 223
81 44 174
81 45 33
81 46 208
81 47 49
81 48 115
81 49 92
81 50 202
81 51 272
81 52 233
81 53 51
81 54 264
81 55 149
81 56 231
81 57 246
81 58 96
81 59 148
81 60 141
81 61 285
81 62 265
81 63 281
81 64 129
81 65 271
81 66 243
81 67 57
81 68 118
81 69 49
81 70 132
81 71 185
81 72 150
81 73 273
81 74 200
81 75 191
81 76 287
81 77 189
81 78 177
81 79 243
81 80 89
81 82 193
81 83 243
81 84 234
81 85 210
81 86 139
81 87 59
81 88 112
81 89 222
81 90 56
81 91 100
81 92 44
81 93 251
81 94 167
81 95 237
81 96 201
81 97 296
81 98 204
81 99 202
82 1 165
82 2 265
82 3 218
82 4 256
82 5 160
82 6 183
82 7 215
82 8 97
82 9 93
82 10 60
82 11 162
82 12 282
82 13 65
82 14 205
82 15 259
82 16 234
82 17 196
82 18 146
82 19 166
82 20 209
82 21 199
82 22 236
82 23 185
82 24 253
82 25 63
82 26 224
82 27 43
82 28 86
82 29 129
82 30 244
82 31 145
82 32 143
82 33 251
82 34 74
82 35 151
82 36 131
82 37 144
82 38 183
82 39 238
82 40 194
82 41 253
82 42 275
82 43 260
82 44 64
82 45 192
82 46 68
82 47 255
82 48 256
82 49 189
82 50 277
82 51 30
82 52 280
82 53 131
82 54 52
82 55 152
82 56 299
82 57 254
82 58 161
82 59 258
82 60 120
82 61 71
82 62 220
82 63 224
82 64 70
82 65 265
82 66 118
82 67 171
82 68 262
82 69 139
82 70 30
82 71 247
82 72 138
82 73 60
82 74 206
82 75 261
82 76 223
82 77 180
82 78 230
82 79 200
82 80 245
82 81 193
82 83 283
82 84 185
82 85 244
82 86 153
82 87 159
82 88 151
82 89 160
82 90 188
82 91 203
82 92 40
82 93 192
82 94 72
82 95 161
82 96 235
82 97 199
82 98 274
82 99 228
83 1 167
83 2 140
83 3 101
83 4 113
83 5 299
83 6 197
83 7 261
83 8 44
83 9 107
83 10 223
83 11 161
83 12 79
83 13 120
83 14 210
83 15 90
83 16 287
83 17 100
83 18 194
83 19 150
83 20 226
83 21 235
83 22 48
83 23 269
83 24 43
83 25 230
83 26 153
83 27 219
83 28 58
83 29 279
83 30 33
83 31 275
83 32 32
83 33 32
83 34 245
83 35 254
83 36 233
83 37 140
83 38 118
83 39 89
83 40 102
83 41 41
83 42 247
83 43 194
83 44 145
83 45 201
83 46 203
83 47 272
83 48 42
83 49 173
83 50 86
83 51 288
83 52 268
83 53 113
83 54 245
83 55 36
83 56 295
83 57 38
83 58 110
83 59 185
83 60 123
83 61 33
83 62 162
83 63 178
83 64 117
83 65 94
83 66 243
83 67 32
83 68 261
83 69 85
83 70 45
83 71 140
83 72 81
83 73 52
83 74 67
83 75 207
83 76 265
83 77 125
83 78 124
83 79 215
83 80 132
83 81 243
83 82 283
83 84 33
83 85 294
83 86 213
83 87 158
83 88 159
83 89 63
83 90 159
83 91 98
83 92 278
83 93 197
83 94 129
83 95 214
83 96 205
83 97 74
83 98 143
83 99 40
84 1 168
84 2 81
84 3 132
84 4 50
84 5 281
84 6 197
84 7 146
84 8 64
84 9 103
84 10 169
84 11 100
84 12 107
84 13 279
84 14 253
84 15 274
84 16 138
84 17 282
84 18 181
84 19 269
84 20 99
84 21 164
84 22 130
84 23 207
84 24 268
84 25 139
84 26 112
84 27 161
84 28 253
84 29 187
84 30 83
84 31 86
84 32 125
84 33 46
84 34 200
84 35 129
84 36 108
84 37 216
84 38 210
84 39 118
84 40 149
84 41 117
84 42 113
84 43 284
84 44 204
84 45 97
84 46 113
84 47 260
84 48 299
84 49 64
84 50 103
84 51 210
84 52 74
84 53 164
84 54 84
84 55 157
84 56 181
84 57 140
84 58 231
84 59 114
84 60 39
84 61 170
84 62 135
84 63 90
84 64 220
84 65 266
84 66 220
84 67 262
84 68 166
84 69 161
84 70 220
84 71 119
84 72 97
84 73 253
84 74 232
84 75 109
84 76 150
84 77 182
84 78 185
84 79 38
84 80 126
84 81 234
84 82 185
84 83 33
84 85 209
84 86 118
84 87 182
84 88 137
84 89 105
84 90 174
84 91 202
84 92 274
84 93 194
84 94 78
84 95 36
84 96 203
84 97 49
84 98 120
84 99 115
85 1 50
85 2 273
85 3 215
85 4 207
85 5 215
85 6 115
85 7 146
85 8 182
85 9 173
85 10 41
85 11 298
85 12 273
85 13 57
85 14 178
85 15 164
85 16 104
85 17 84
85 18 219
85 19 117
85 20 251
85 21 167
85 22 234
85 23 171
85 24 253
85 25 52
85 26 285
85 27 65
85 28 162
85 29 300
85 30 153
85 31 187
85 32 50
85 33 67
85 34 269
85 35 92
85 36 255
85 37 248
85 38 113
85 39 264
85 40 59
85 41 133
85 42 75
85 43 205
85 44 292
85 45 211
85 46 246
85 47 92
85 48 285
85 49 179
85 50 246
85 51 30
85 52 257
85 53 58
85 54 47
85 55 111
85 56 194
85 57 216
85 58 267
85 59 42
85 60 61
85 61 149
85 62 221
85 63 46
85 64 81
85 65 197
85 66 273
85 67 184
85 68 145
85 69 78
85 70 285
85 71 52
85 72 223
85 73 52
85 74 60
85 75 297
85 76 192
85 77 70
85 78 196
85 79 91
85 80 280
85 81 210
85 82 244
85 83 294
85 84 209
85 86 176
85 87 142
85 88 219
85 89 222
85 90 173
85 91 240
85 92 186
85 93 121
85 94 296
85 95 167
85 96 126
85 97 118
85 98 282
85 99 280
86 1 152
86 2 279
86 3 90
86 4 153
86 5 39
86 6 172
86 7 139
86 8 245
86 9 64
86 10 298
86 11 108
86 12 202
86 13 179
86 14 291
86 15 300
86 16 282
86 17 256
86 18 37
86 19 174
86 20 94
86 21 124
86 22 132
86 23 279
86 24 49
86 25 178
86 26 224
86 27 87
86 28 177
86 29 176
86 30 94
86 31 180
86 32 54
86 33 64
86 34 102
86 35 44
86 36 37
86 37 168
86 38 96
86 39 239
86 40 247
86 41 95
86 42 232
86 43 270
86 44 229
86 45 178
86 46 66
86 47 298
86 48 144
86 49 276
86 50 69
86 51 92
86 52 95
86 53 279
86 54 98
86 55 237
86 56 292
86 57 195
86 58 137
86 59 179
86 60 197
86 61 80
86 62 137
86 63 188
86 64 243
86 65 225
86 66 150
86 67 164
86 68 148
86 69 184
86 70 160
86 71 71
86 72 182
86 73 231
86 74 52
86 75 154
86 76 112
86 77 257
86 78 285
86 79 284
86 80 239
86 81 139
86 82 153
86 83 213
86 84 118
86 85 176
86 87 217
86 88 256
86 89 114
86 90 117
86 91 173
86 92 198
86 93 202
86 94 209
86 95 141
86 96 236
86 97 202
86 98 178
86 99 49
87 1 294
87 2 148
87 3 33
87 4 177
87 5 192
87 6 121
87 7 194
87 8 172
87 9 59
87 10 115
87 11 144
87 12 77
87 13 95
87 14 208
87 15 69
87 16 149
87 17 92
87 18 274
87 19 68
87 20 210
87 21 34
87 22 155
87 23 176
87 24 211
87 25 47
87 26 163
87 27 299
87 28 225
87 29 148
87 30 49
87 31 52
87 32 42
87 33 251
87 34 177
87 35 171
87 36 87
87 37 236
87 38 44
87 39 174
87 40 68
87 41 165
87 42 184
87 43 61
87 44 249
87 45 182
87 46 85
87 47 66
87 48 174
87 49 157
87 50 211
87 51 207
87 52 64
87 53 184
87 54 94
87 55 185
87 56 154
87 57 43
87 58 219
87 59 216
87 60 172
87 61 190
87 62 275
87 63 154
87 64 223
87 65 53
87 66 47
87 67 61
87 68 74
87 69 92
87 70 294
87 71 272
87 72 165
87 73 207
87 74 106
87 75 213
87 76 70
87 77 139
87 78 172
87 79 234
87 80 74
87 81 59
87 82 159
87 83 158
87 84 182
87 85 142
87 86 217
87 88 231
87 89 169
87 90 155
87 91 270
87 92 233
87 93 214
87 94 257
87 95 63
87 96 65
87 97 285
87 98 140
87 99 103
88 1 139
88 2 143
88 3 283
88 4 107
88 5 139
88 6 288
88 7 104
88 8 37
88 9 220
88 10 278
88 11 259
88 12 249
88 13 106
88 14 84
88 15 144
88 16 233
88 17 172
88 18 254
88 19 230
88 20 91
88 21 148
88 22 291
88 23 73
88 24 30
88 25 201
88 26 170
88 27 151
88 28 177
88 29 42
88 30 236
88 31 158
88 32 163
88 33 154
88 34 274
88 35 240
88 36 74
88 37 87
88 38 86
88 39 229
88 40 79
88 41 91
88 42 134
88 43 274
88 44 212
88 45 261
88 46 211
88 47 162
88 48 180
88 49 276
88 50 207
88 51 164
88 52 260
88 53 32
88 54 280
88 55 163
88 56 86
88 57 177
88 58 255
88 59 223
88 60 34
88 61 207
88 62 201
88 63 193
88 64 97
88 65 110
88 66 137
88 67 186
88 68 70
88 69 64
88 70 114
88 71 98
88 72 80
88 73 62
88 74 232
88 75 50
88 76 123
88 77 277
88 78 259
88 79 72
88 80 291
88 81 112
88 82 151
88 83 159
88 84 137
88 85 219
88 86 256
88 87 231
88 89 35
88 90 133
88 91 297
88 92 268
88 93 179
88 94 167
88 95 75
88 96 201
88 97 274
88 98 60
88 99 210
89 1 87
89 2 290
89 3 162
89 4 248
89 5 178
89 6 216
89 7 254
89 8 130
89 9 142
89 10 144
89 11 261
89 12 123
89 13 298
89 14 127
89 15 81
89 16 212
89 17 225
89 18 94
89 19 281
89 20 48
89 21 44
89 22 203
89 23 50
89 24 179
89 25 275
89 26 223
89 27 225
89 28 112
89 29 187
89 30 241
89 31 115
89 32 52
89 33 31
89 34 205
89 35 184
89 36 132
89 37 151
89 38 210
89 39 82
89 40 172
89 41 55
89 42 64
89 43 179
89 44 227
89 45 218
89 46 200
89 47 205
89 48 294
89 49 59
89 50 152
89 51 229
89 52 131
89 53 210
89 54 158
89 55 189
89 56 157
89 57 224
89 58 209
89 59 83
89 60 142
89 61 205
89 62 288
89 63 94
89 64 211
89 65 51
89 66 118
89 67 240
89 68 133
89 69 165
89 70 143
89 71 48
89 72 276
89 73 170
89 74 215
89 75 163
89 76 148
89 77 35
89 78 240
89 79 263
89 80 141
89 81 222
89 82 160
89 83 63
89 84 105
89 85 222
89 86 114
89 87 169
89 88 35
89 90 159
89 91 147
89 92 139
89 93 225
89 94 139
89 95 168
89 96 162
89 97 220
89 98 149
89 99 241
90 1 179
90 2 174
90 3 241
90 4 31
90 5 80
90 6 76
90 7 130
90 8 107
90 9 127
90 10 84
90 11 187
90 12 33
90 13 130
90 14 50
90 15 146
90 16 85
90 17 164
90 18 153
90 19 53
90 20 281
90 21 205
90 22 218
90 23 64
90 24 271
90 25 150
90 26 74
90 27 39
90 28 89
90 29 45
90 30 141
90 31 156
90 32 294
90 33 50
90 34 34
90 35 245
90 36 154
90 37 50
90 38 167
90 39 170
90 40 48
90 41 142
90 42 210
90 43 209
90 44 253
90 45 221
90 46 288
90 47 202
90 48 45
90 49 207
90 50 118
90 51 106
90 52 216
90 53 280
90 54 175
90 55 180
90 56 192
90 57 193
90 58 38
90 59 189
90 60 48
90 61 105
90 62 44
90 63 199
90 64 153
90 65 76
90 66 280
90 67 145
90 68 213
90 69 212
90 70 230
90 71 151
90 72 93
90 73 164
90 74 292
90 75 97
90 76 272
90 77 128
90 78 283
90 79 42
90 80 116
90 81 56
90 82 188
90 83 159
90 84 174
90 85 173
90 86 117
90 87 155
90 88 133
90 89 159
90 91 215
90 92 34
90 93 91
90 94 277
90 95 235
90 96 214
90 97 79
90 98 221
90 99 138
91 1 124
91 2 252
91 3 300
91 4 119
91 5 156
91 6 278
91 7 183
91 8 250
91 9 275
91 10 53
91 11 128
91 12 175
91 13 99
91 14 84
91 15 230
91 16 242
91 17 243
91 18 109
91 19 185
91 20 169
91 21 279
91 22 62
91 23 267
91 24 238
91 25 143
91 26 272
91 27 114
91 28 195
91 29 130
91 30 151
91 31 283
91 32 112
91 33 145
91 34 98
91 35 247
91 36 60
91 37 235
91 38 117
91 39 93
91 40 172
91 41 258
91 42 75
91 43 194
91 44 39
91 45 263
91 46 193
91 47 168
91 48 89
91 49 60
91 50 89
91 51 167
91 52 104
91 53 251
91 54 237
91 55 160
91 56 112
91 57 165
91 58 218
91 59 46
91 60 102
91 61 240
91 62 281
91 63 247
91 64 39
91 65 93
91 66 272
91 67 260
91 68 134
91 69 279
91 70 58
91 71 85
91 72 74
91 73 99
91 74 295
91 75 118
91 76 110
91 77 268
91 78 219
91 79 99
91 80 35
91 81 100
91 82 203
91 83 98
91 84 202
91 85 240
91 86 173
91 87 270
91 88 297
91 89 147
91 90 215
91 92 77
91 93 101
91 94 289
91 95 271
91 96 143
91 97 123
91 98 68
91 99 136
92 1 87
92 2 146
92 3 257
92 4 33
92 5 124
92 6 159
92 7 299
92 8 179
92 9 154
92 10 275
92 11 95
92 12 181
92 13 105
92 14 272
92 15 230
92 16 145
92 17 122
92 18 261
92 19 134
92 20 222
92 21 180
92 22 172
92 23 170
92 24 209
92 25 204
92 26 204
92 27 90
92 28 283
92 29 84
92 30 145
92 31 69
92 32 99
92 33 129
92 34 208
92 35 160
92 36 185
92 37 251
92 38 128
92 39 113
92 40 78
92 41 125
92 42 73
92 43 263
92 44 204
92 45 65
92 46 248
92 47 179
92 48 47
92 49 238
92 50 151
92 51 45
92 52 179
92 53 231
92 54 66
92 55 98
92 56 265
92 57 155
92 58 247
92 59 187
92 60 159
92 61 235
92 62 61
92 63 130
92 64 92
92 65 110
92 66 280
92 67 193
92 68 257
92 69 57
92 70 266
92 71 31
92 72 80
92 73 153
92 74 88
92 75 264
92 76 237
92 77 271
92 78 144
92 79 70
92 80 49
92 81 44
92 82 40
92 83 278
92 84 274
92 85 186
92 86 198
92 87 233
92 88 268
92 89 139
92 90 34
92 91 77
92 93 88
92 94 210
92 95 88
92 96 263
92 97 142
92 98 124
92 99 227
93 1 32
93 2 172
93 3 188
93 4 54
93 5 114
93 6 52
93 7 217
93 8 125
93 9 157
93 10 166
93 11 89
93 12 65
93 13 207
93 14 203
93 15 114
93 16 276
93 17 74
93 18 55
93 19 101
93 20 238
93 21 108
93 22 210
93 23 171
93 24 299
93 25 96
93 26 192
93 27 221
93 28 186
93 29 180
93 30 55
93 31 158
93 32 164
93 33 41
93 34 155
93 35 82
93 36 157
93 37 293
93 38 102
93 39 178
93 40 198
93 41 230
93 42 182
93 43 184
93 44 37
93 45 69
93 46 214
93 47 108
93 48 295
93 49 37
93 50 252
93 51 121
93 52 125
93 53 151
93 54 156
93 55 147
93 56 252
93 57 187
93 58 174
93 59 52
93 60 31
93 61 168
93 62 106
93 63 90
93 64 250
93 65 217
93 66 150
93 67 100
93 68 52
93 69 241
93 70 284
93 71 221
93 72 90
93 73 75
93 74 249
93 75 47
93 76 244
93 77 280
93 78 207
93 79 214
93 80 156
93 81 251
93 82 192
93 83 197
93 84 194
93 85 121
93 86 202
93 87 214
93 88 179
93 89 225
93 90 91
93 91 101
93 92 88
93 94 127
93 95 267
93 96 89
93 97 44
93 98 260
93 99 200
94 1 73
94 2 283
94 3 246
94 4 286
94 5 296
94 6 251
94 7 42
94 8 202
94 9 235
94 10 32
94 11 138
94 12 253
94 13 262
94 14 78
94 15 156
94 16 209
94 17 50
94 18 100
94 19 109
94 20 243
94 21 61
94 22 175
94 23 183
94 24 235
94 25 133
94 26 210
94 27 195
94 28 143
94 29 155
94 30 72
94 31 189
94 32 86
94 33 291
94 34 126
94 35 133
94 36 225
94 37 186
94 38 224
94 39 222
94 40 212
94 41 168
94 42 259
94 43 47
94 44 288
94 45 77
94 46 162
94 47 256
94 48 199
94 49 64
94 50 195
94 51 114
94 52 70
94 53 214
94 54 162
94 55 159
94 56 99
94 57 283
94 58 278
94 59 238
94 60 288
94 61 55
94 62 69
94 63 255
94 64 300
94 65 268
94 66 201
94 67 161
94 68 269
94 69 37
94 70 99
94 71 275
94 72 36
94 73 139
94 74 87
94 75 201
94 76 196
94 77 243
94 78 231
94 79 189
94 80 240
94 81 167
94 82 72
94 83 129
94 84 78
94 85 296
94 86 209
94 87 257
94 88 167
94 89 139
94 90 277
94 91 289
94 92 210
94 93 127
94 95 173
94 96 133
94 97 82
94 98 130
94 99 230
95 1 161
95 2 44
95 3 278
95 4 48
95 5 43
95 6 258
95 7 48
95 8 181
95 9 156
95 10 215
95 11 44
95 12 125
95 13 260
95 14 298
95 15 191
95 16 281
95 17 280
95 18 158
95 19 261
95 20 124
95 21 169
95 22 239
95 23 186
95 24 277
95 25 297
95 26 196
95 27 69
95 28 291
95 29 169
95 30 141
95 31 55
95 32 79
95 33 210
95 34 77
95 35 270
95 36 263
95 37 103
95 38 188
95 39 194
95 40 196
95 41 42
95 42 68
95 43 53
95 44 241
95 45 160
95 46 48
95 47 162
95 48 96
95 49 64
95 50 178
95 51 287
95 52 176
95 53 179
95 54 82
95 55 93
95 56 276
95 57 161
95 58 44
95 59 155
95 60 63
95 61 118
95 62 281
95 63 122
95 64 300
95 65 212
95 66 291
95 67 281
95 68 195
95 69 268
95 70 54
95 71 281
95 72 253
95 73 205
95 74 91
95 75 106
95 76 113
95 77 146
95 78 185
95 79 112
95 80 179
95 81 237
95 82 161
95 83 214
95 84 36
95 85 167
95 86 141
95 87 63
95 88 75
95 89 168
95 90 235
95 91 271
95 92 88
95 93 267
95 94 173
95 96 211
95 97 275
95 98 171
95 99 95
96 1 74
96 2 48
96 3 83
96 4 282
96 5 41
96 6 248
96 7 212
96 8 191
96 9 50
96 10 89
96 11 170
96 12 47
96 13 58
96 14 272
96 15 236
96 16 36
96 17 38
96 18 285
96 19 231
96 20 133
96 21 249
96 22 229
96 23 249
96 24 117
96 25 237
96 26 163
96 27 99
96 28 295
96 29 280
96 30 163
96 31 138
96 32 74
96 33 279
96 34 154
96 35 56
96 36 44
96 37 257
96 38 215
96 39 251
96 40 120
96 41 125
96 42 38
96 43 177
96 44 273
96 45 129
96 46 140
96 47 94
96 48 202
96 49 54
96 50 183
96 51 247
96 52 35
96 53 237
96 54 293
96 55 110
96 56 106
96 57 56
96 58 191
96 59 224
96 60 271
96 61 51
96 62 227
96 63 115
96 64 283
96 65 52
96 66 122
96 67 296
96 68 126
96 69 269
96 70 138
96 71 74
96 72 89
96 73 223
96 74 42
96 75 50
96 76 94
96 77 43
96 78 175
96 79 98
96 80 97
96 81 201
96 82 235
96 83 205
96 84 203
96 85 126
96 86 236
96 87 65
96 88 201
96 89 162
96 90 214
96 91 143
96 92 263
96 93 89
96 94 133
96 95 211
96 97 250
96 98 234
96 99 222
97 1 296
97 2 98
97 3 170
97 4 291
97 5 245
97 6 244
97 7 187
97 8 68
97 9 155
97 10 147
97 11 160
97 12 237
97 13 94
97 14 121
97 15 123
97 16 231
97 17 195
97 18 115
97 19 54
97 20 213
97 21 64
97 22 192
97 23 286
97 24 168
97 25 283
97 26 200
97 27 274
97 28 149
97 29 68
97 30 220
97 31 205
97 32 129
97 33 129
97 34 105
97 35 135
97 36 189
97 37 116
97 38 151
97 39 62
97 40 110
97 41 88
97 42 83
97 43 105
97 44 120
97 45 33
97 46 200
97 47 137
97 48 249
97 49 197
97 50 216
97 51 227
97 52 200
97 53 54
97 54 218
97 55 133
97 56 87
97 57 142
97 58 268
97 59 225
97 60 198
97 61 63
97 62 76
97 63 300
97 64 103
97 65 244
97 66 299
97 67 166
97 68 123
97 69 260
97 70 88
97 71 141
97 72 186
97 73 261
97 74 86
97 75 200
97 76 104
97 77 56
97 78 50
97 79 250
97 80 157
97 81 296
97 82 199
97 83 74
97 84 49
97 85 118
97 86 202
97 87 285
97 88 274
97 89 220
97 90 79
97 91 123
97 92 142
97 93 44
97 94 82
97 95 275
97 96 250
97 98 122
97 99 147
98 1 165
98 2 244
98 3 242
98 4 66
98 5 35
98 6 255
98 7 194
98 8 43
98 9 115
98 10 104
98 11 164
98 12 95
98 13 200
98 14 289
98 15 209
98 16 291
98 17 126
98 18 189
98 19 231
98 20 213
98 21 33
98 22 172
98 23 131
98 24 134
98 25 54
98 26 72
98 27 180
98 28 270
98 29 40
98 30 174
98 31 60
98 32 140
98 33 263
98 34 164
98 35 186
98 36 222
98 37 259
98 38 161
98 39 56
98 40 131
98 41 221
98 42 266
98 43 192
98 44 244
98 45 207
98 46 262
98 47 43
98 48 76
98 49 31
98 50 227
98 51 92
98 52 299
98 53 205
98 54 141
98 55 293
98 56 280
98 57 285
98 58 60
98 59 164
98 60 211
98 61 31
98 62 164
98 63 86
98 64 56
98 65 130
98 66 294
98 67 276
98 68 271
98 69 31
98 70 40
98 71 174
98 72 39
98 73 84
98 74 84
98 75 284
98 76 86
98 77 288
98 78 263
98 79 159
98 80 52
98 81 204
98 82 274
98 83 143
98 84 120
98 85 282
98 86 178
98 87 140
98 88 60
98 89 149
98 90 221
98 91 68
98 92 124
98 93 260
98 94 130
98 95 171
98 96 234
98 97 122
98 99 232
1 t 45
2 t 31
3 t 150
4 t 120
5 t 105
6 t 178
7 t 185
8 t 229
9 t 74
10 t 101
11 t 168
12 t 263
13 t 63
14 t 182
15 t 187
16 t 294
17 t 61
18 t 47
19 t 231
20 t 252
21 t 209
22 t 96
23 t 170
24 t 100
25 t 180
26 t 266
27 t 203
28 t 281
29 t 195
30 t 82
31 t 192
32 t 121
33 t 300
34 t 248
35 t 130
36 t 260
37 t 118
38 t 207
39 t 42
40 t 218
41 t 93
42 t 123
43 t 210
44 t 213
45 t 277
46 t 270
47 t 183
48 t 155
49 t 45
50 t 252
51 t 295
52 t 298
53 t 30
54 t 212
55 t 222
56 t 158
57 t 291
58 t 201
59 t 253
60 t 62
61 t 137
62 t 56
63 t 206
64 t 165
65 t 256
66 t 243
67 t 80
68 t 192
69 t 139
70 t 114
71 t 270
72 t 53
73 t 298
74 t 47
75 t 162
76 t 226
77 t 229
78 t 89
79 t 185
80 t 147
81 t 202
82 t 228
83 t 40
84 t 115
85 t 280
86 t 49
87 t 103
88 t 210
89 t 241
90 t 138
91 t 136
92 t 227
93 t 200
94 t 230
95 t 95
96 t 222
97 t 147
98 t 232
