s 1 46
s 2 94
s 3 268
s 4 170
s 5 160
s 6 160
s 7 189
s 8 181
s 9 156
s 10 167
s 11 127
s 12 56
s 13 115
s 14 36
s 15 96
s 16 281
s 17 128
s 18 200
s 19 196
s 20 122
s 21 71
s 22 69
s 23 275
s 24 216
s 25 241
s 26 39
s 27 85
s 28 218
s 29 131
s 30 151
s 31 221
s 32 253
s 33 88
s 34 230
s 35 130
s 36 199
s 37 54
s 38 81
s 39 154
s 40 70
s 41 195
s 42 240
s 43 288
s 44 132
s 45 87
s 46 83
s 47 123
s 48 119
s 49 272
s 50 189
s 51 228
s 52 272
s 53 213
s 54 85
s 55 217
s 56 128
s 57 173
s 58 210
s 59 41
s 60 293
s 61 121
s 62 153
s 63 237
s 64 118
s 65 111
s 66 149
s 67 146
s 68 69
s 69 189
s 70 264
s 71 218
s 72 122
s 73 238
s 74 209
s 75 158
s 76 219
s 77 256
s 78 202
s 79 106
s 80 213
s 81 229
s 82 293
s 83 70
s 84 236
s 85 230
s 86 203
s 87 193
s 88 52
s 89 114
s 90 148
s 91 213
s 92 80
s 93 284
s 94 84
s 95 232
s 96 69
s 97 175
s 98 88
s 99 155
1 2 266
1 3 110
1 4 166
1 5 216
1 6 104
1 7 271
1 8 57
1 9 186
1 10 133
1 11 277
1 12 63
1 13 125
1 14 80
1 15 108
1 16 290
1 17 70
1 18 36
1 19 91
1 20 47
1 21 149
1 22 287
1 23 36
1 24 172
1 25 87
1 26 210
1 27 193
1 28 202
1 29 55
1 30 145
1 31 151
1 32 88
1 33 32
1 34 64
1 35 37
1 36 150
1 37 35
1 38 156
1 39 258
1 40 182
1 41 232
1 42 291
1 43 260
1 44 225
1 45 107
1 46 278
1 47 171
1 48 173
1 49 31
1 50 58
1 51 131
1 52 299
1 53 47
1 54 75
1 55 238
1 56 295
1 57 123
1 58 298
1 59 274
1 60 253
1 61 222
1 62 236
1 63 286
1 64 299
1 65 115
1 66 242
1 67 36
1 68 154
1 69 233
1 70 146
1 71 95
1 72 183
1 73 122
1 74 120
1 75 53
1 76 294
1 77 69
1 78 288
1 79 141
1 80 288
1 81 74
1 82 50
1 83 172
1 84 219
1 85 92
1 86 260
1 87 188
1 88 57
1 89 42
1 90 62
1 91 193
1 92 265
1 93 54
1 94 187
1 95 258
1 96 196
1 97 253
1 98 171
1 99 213
2 1 266
2 3 211
2 4 247
2 5 170
2 6 47
2 7 198
2 8 265
2 9 86
2 10 289
2 11 91
2 12 30
2 13 32
2 14 141
2 15 198
2 16 298
2 17 71
2 18 234
2 19 206
2 20 36
2 21 70
2 22 187
2 23 38
2 24 295
2 25 183
2 26 159
2 27 96
2 28 109
2 29 289
2 30 37
2 31 183
2 32 115
2 33 161
2 34 83
2 35 52
2 36 83
2 37 140
2 38 34
2 39 91
2 40 228
2 41 263
2 42 142
2 43 218
2 44 204
2 45 129
2 46 228
2 47 86
2 48 203
2 49 149
2 50 87
2 51 37
2 52 166
2 53 33
2 54 187
2 55 235
2 56 60
2 57 266
2 58 132
2 59 54
2 60 90
2 61 289
2 62 241
2 63 132
2 64 220
2 65 159
2 66 98
2 67 217
2 68 141
2 69 226
2 70 55
2 71 113
2 72 82
2 73 73
2 74 183
2 75 134
2 76 184
2 77 227
2 78 93
2 79 255
2 80 296
2 81 56
2 82 80
2 83 119
2 84 118
2 85 184
2 86 177
2 87 78
2 88 214
2 89 117
2 90 273
2 91 260
2 92 246
2 93 241
2 94 192
2 95 46
2 96 178
2 97 262
2 98 63
2 99 261
3 1 110
3 2 211
3 4 240
3 5 256
3 6 143
3 7 231
3 8 118
3 9 292
3 10 244
3 11 238
3 12 111
3 13 95
3 14 280
3 15 97
3 16 283
3 17 219
3 18 87
3 19 262
3 20 278
3 21 111
3 22 230
3 23 46
3 24 149
3 25 217
3 26 290
3 27 201
3 28 283
3 29 204
3 30 163
3 31 100
3 32 45
3 33 96
3 34 186
3 35 168
3 36 154
3 37 209
3 38 73
3 39 215
3 40 212
3 41 72
3 42 110
3 43 237
3 44 198
3 45 57
3 46 246
3 47 244
3 48 258
3 49 54
3 50 224
3 51 137
3 52 243
3 53 129
3 54 150
3 55 40
3 56 298
3 57 280
3 58 99
3 59 138
3 60 159
3 61 280
3 62 245
3 63 174
3 64 30
3 65 293
3 66 68
3 67 127
3 68 292
3 69 121
3 70 190
3 71 35
3 72 244
3 73 219
3 74 83
3 75 71
3 76 238
3 77 35
3 78 233
3 79 228
3 80 253
3 81 73
3 82 188
3 83 101
3 84 175
3 85 88
3 86 92
3 87 236
3 88 105
3 89 114
3 90 235
3 91 67
3 92 210
3 93 199
3 94 39
3 95 167
3 96 230
3 97 255
3 98 129
3 99 222
4 1 166
4 2 247
4 3 240
4 5 101
4 6 275
4 7 265
4 8 268
4 9 114
4 10 89
4 11 43
4 12 251
4 13 172
4 14 247
4 15 95
4 16 293
4 17 268
4 18 235
4 19 77
4 20 256
4 21 153
4 22 236
4 23 100
4 24 65
4 25 120
4 26 208
4 27 264
4 28 113
4 29 291
4 30 72
4 31 144
4 32 194
4 33 265
4 34 166
4 35 99
4 36 236
4 37 63
4 38 297
4 39 238
4 40 239
4 41 103
4 42 109
4 43 260
4 44 95
4 45 110
4 46 86
4 47 206
4 48 174
4 49 227
4 50 121
4 51 92
4 52 89
4 53 205
4 54 164
4 55 50
4 56 246
4 57 232
4 58 115
4 59 170
4 60 269
4 61 220
4 62 278
4 63 137
4 64 209
4 65 51
4 66 137
4 67 252
4 68 249
4 69 252
4 70 264
4 71 249
4 72 209
4 73 185
4 74 132
4 75 153
4 76 134
4 77 182
4 78 68
4 79 70
4 80 167
4 81 272
4 82 56
4 83 266
4 84 161
4 85 202
4 86 255
4 87 277
4 88 236
4 89 234
4 90 46
4 91 71
4 92 141
4 93 217
4 94 239
4 95 54
4 96 37
4 97 165
4 98 192
4 99 221
5 1 216
5 2 170
5 3 256
5 4 101
5 6 140
5 7 176
5 8 61
5 9 34
5 10 241
5 11 227
5 12 123
5 13 98
5 14 175
5 15 270
5 16 219
5 17 80
5 18 116
5 19 300
5 20 291
5 21 295
5 22 230
5 23 165
5 24 99
5 25 211
5 26 198
5 27 180
5 28 72
5 29 253
5 30 269
5 31 69
5 32 126
5 33 235
5 34 202
5 35 185
5 36 112
5 37 107
5 38 81
5 39 147
5 40 80
5 41 33
5 42 217
5 43 104
5 44 195
5 45 128
5 46 247
5 47 220
5 48 279
5 49 140
5 50 269
5 51 225
5 52 225
5 53 73
5 54 67
5 55 82
5 56 215
5 57 40
5 58 257
5 59 36
5 60 203
5 61 205
5 62 107
5 63 268
5 64 45
5 65 250
5 66 209
5 67 234
5 68 260
5 69 112
5 70 50
5 71 100
5 72 92
5 73 152
5 74 251
5 75 180
5 76 292
5 77 234
5 78 96
5 79 211
5 80 298
5 81 71
5 82 60
5 83 71
5 84 249
5 85 209
5 86 53
5 87 102
5 88 155
5 89 236
5 90 64
5 91 216
5 92 148
5 93 234
5 94 50
5 95 117
5 96 66
5 97 119
5 98 186
5 99 269
6 1 104
6 2 47
6 3 143
6 4 275
6 5 140
6 7 294
6 8 269
6 9 217
6 10 142
6 11 181
6 12 123
6 13 91
6 14 281
6 15 41
6 16 217
6 17 100
6 18 260
6 19 98
6 20 58
6 21 188
6 22 133
6 23 225
6 24 252
6 25 259
6 26 91
6 27 181
6 28 161
6 29 244
6 30 141
6 31 45
6 32 71
6 33 157
6 34 272
6 35 222
6 36 296
6 37 157
6 38 32
6 39 39
6 40 71
6 41 31
6 42 156
6 43 234
6 44 37
6 45 101
6 46 114
6 47 143
6 48 166
6 49 144
6 50 175
6 51 298
6 52 193
6 53 33
6 54 178
6 55 149
6 56 180
6 57 196
6 58 40
6 59 59
6 60 110
6 61 207
6 62 81
6 63 62
6 64 66
6 65 142
6 66 192
6 67 221
6 68 54
6 69 227
6 70 264
6 71 258
6 72 61
6 73 232
6 74 244
6 75 227
6 76 211
6 77 141
6 78 194
6 79 108
6 80 168
6 81 175
6 82 99
6 83 295
6 84 121
6 85 110
6 86 115
6 87 77
6 88 128
6 89 239
6 90 279
6 91 285
6 92 276
6 93 126
6 94 263
6 95 56
6 96 187
6 97 262
6 98 269
6 99 202
7 1 271
7 2 198
7 3 231
7 4 265
7 5 176
7 6 294
7 8 229
7 9 295
7 10 98
7 11 168
7 12 128
7 13 246
7 14 266
7 15 195
7 16 112
7 17 101
7 18 235
7 19 254
7 20 254
7 21 245
7 22 64
7 23 258
7 24 79
7 25 244
7 26 230
7 27 300
7 28 214
7 29 42
7 30 66
7 31 231
7 32 104
7 33 178
7 34 271
7 35 123
7 36 269
7 37 76
7 38 172
7 39 156
7 40 175
7 41 32
7 42 35
7 43 108
7 44 156
7 45 136
7 46 92
7 47 215
7 48 93
7 49 293
7 50 41
7 51 118
7 52 188
7 53 33
7 54 58
7 55 43
7 56 226
7 57 193
7 58 214
7 59 152
7 60 94
7 61 199
7 62 188
7 63 149
7 64 102
7 65 200
7 66 221
7 67 243
7 68 41
7 69 278
7 70 242
7 71 36
7 72 106
7 73 87
7 74 152
7 75 248
7 76 56
7 77 118
7 78 71
7 79 82
7 80 101
7 81 171
7 82 148
7 83 256
7 84 89
7 85 268
7 86 39
7 87 263
7 88 115
7 89 293
7 90 64
7 91 163
7 92 249
7 93 188
7 94 40
7 95 84
7 96 148
7 97 225
7 98 39
7 99 211
8 1 57
8 2 265
8 3 118
8 4 268
8 5 61
8 6 269
8 7 229
8 9 242
8 10 291
8 11 227
8 12 174
8 13 300
8 14 243
8 15 51
8 16 297
8 17 93
8 18 84
8 19 219
8 20 173
8 21 233
8 22 140
8 23 223
8 24 272
8 25 57
8 26 297
8 27 217
8 28 238
8 29 87
8 30 95
8 31 219
8 32 150
8 33 168
8 34 135
8 35 91
8 36 285
8 37 149
8 38 119
8 39 294
8 40 44
8 41 50
8 42 134
8 43 169
8 44 162
8 45 135
8 46 134
8 47 136
8 48 218
8 49 200
8 50 68
8 51 263
8 52 92
8 53 46
8 54 80
8 55 269
8 56 142
8 57 60
8 58 128
8 59 38
8 60 84
8 61 83
8 62 191
8 63 152
8 64 289
8 65 62
8 66 121
8 67 291
8 68 266
8 69 204
8 70 79
8 71 295
8 72 53
8 73 237
8 74 264
8 75 55
8 76 129
8 77 97
8 78 91
8 79 110
8 80 270
8 81 216
8 82 208
8 83 72
8 84 79
8 85 252
8 86 291
8 87 60
8 88 140
8 89 258
8 90 139
8 91 46
8 92 256
8 93 60
8 94 203
8 95 230
8 96 151
8 97 253
8 98 297
8 99 73
9 1 186
9 2 86
9 3 292
9 4 114
9 5 34
9 6 217
9 7 295
9 8 242
9 10 255
9 11 70
9 12 211
9 13 271
9 14 99
9 15 131
9 16 225
9 17 204
9 18 222
9 19 107
9 20 57
9 21 82
9 22 86
9 23 211
9 24 45
9 25 122
9 26 269
9 27 77
9 28 213
9 29 39
9 30 254
9 31 160
9 32 62
9 33 92
9 34 44
9 35 279
9 36 63
9 37 106
9 38 293
9 39 285
9 40 96
9 41 236
9 42 272
9 43 211
9 44 223
9 45 262
9 46 262
9 47 76
9 48 228
9 49 270
9 50 268
9 51 90
9 52 34
9 53 190
9 54 294
9 55 130
9 56 127
9 57 70
9 58 90
9 59 224
9 60 185
9 61 186
9 62 163
9 63 214
9 64 37
9 65 120
9 66 147
9 67 71
9 68 44
9 69 249
9 70 98
9 71 277
9 72 46
9 73 70
9 74 247
9 75 49
9 76 75
9 77 86
9 78 296
9 79 256
9 80 36
9 81 165
9 82 225
9 83 83
9 84 141
9 85 31
9 86 209
9 87 265
9 88 142
9 89 212
9 90 179
9 91 114
9 92 266
9 93 107
9 94 246
9 95 156
9 96 298
9 97 97
9 98 125
9 99 34
10 1 133
10 2 289
10 3 244
10 4 89
10 5 241
10 6 142
10 7 98
10 8 291
10 9 255
10 11 41
10 12 136
10 13 212
10 14 210
10 15 213
10 16 85
10 17 231
10 18 159
10 19 180
10 20 171
10 21 33
10 22 102
10 23 150
10 24 224
10 25 204
10 26 37
10 27 203
10 28 162
10 29 157
10 30 295
10 31 117
10 32 263
10 33 122
10 34 66
10 35 159
10 36 170
10 37 187
10 38 240
10 39 199
10 40 128
10 41 95
10 42 50
10 43 196
10 44 213
10 45 206
10 46 250
10 47 85
10 48 33
10 49 36
10 50 244
10 51 112
10 52 290
10 53 300
10 54 267
10 55 243
10 56 142
10 57 243
10 58 163
10 59 145
10 60 259
10 61 173
10 62 150
10 63 297
10 64 234
10 65 41
10 66 188
10 67 205
10 68 155
10 69 284
10 70 233
10 71 230
10 72 149
10 73 176
10 74 66
10 75 294
10 76 236
10 77 223
10 78 70
10 79 120
10 80 96
10 81 38
10 82 215
10 83 46
10 84 47
10 85 145
10 86 92
10 87 160
10 88 165
10 89 64
10 90 299
10 91 77
10 92 30
10 93 183
10 94 278
10 95 42
10 96 231
10 97 63
10 98 52
10 99 57
11 1 277
11 2 91
11 3 238
11 4 43
11 5 227
11 6 181
11 7 168
11 8 227
11 9 70
11 10 41
11 12 185
11 13 213
11 14 237
11 15 219
11 16 158
11 17 260
11 18 61
11 19 230
11 20 141
11 21 189
11 22 257
11 23 293
11 24 44
11 25 110
11 26 126
11 27 234
11 28 256
11 29 141
11 30 113
11 31 277
11 32 270
11 33 124
11 34 78
11 35 152
11 36 221
11 37 140
11 38 222
11 39 282
11 40 158
11 41 36
11 42 84
11 43 274
11 44 122
11 45 50
11 46 63
11 47 76
11 48 248
11 49 196
11 50 176
11 51 133
11 52 171
11 53 286
11 54 260
11 55 231
11 56 131
11 57 135
11 58 165
11 59 274
11 60 193
11 61 155
11 62 181
11 63 252
11 64 236
11 65 70
11 66 87
11 67 251
11 68 96
11 69 254
11 70 231
11 71 121
11 72 93
11 73 159
11 74 148
11 75 286
11 76 144
11 77 300
11 78 131
11 79 167
11 80 33
11 81 174
11 82 31
11 83 228
11 84 295
11 85 197
11 86 201
11 87 156
11 88 280
11 89 270
11 90 214
11 91 222
11 92 36
11 93 225
11 94 60
11 95 179
11 96 178
11 97 124
11 98 292
11 99 98
12 1 63
12 2 30
12 3 111
12 4 251
12 5 123
12 6 123
12 7 128
12 8 174
12 9 211
12 10 136
12 11 185
12 13 241
12 14 263
12 15 219
12 16 112
12 17 98
12 18 202
12 19 135
12 20 243
12 21 228
12 22 244
12 23 135
12 24 234
12 25 205
12 26 280
12 27 66
12 28 88
12 29 251
12 30 117
12 31 140
12 32 43
12 33 280
12 34 120
12 35 221
12 36 83
12 37 214
12 38 201
12 39 185
12 40 39
12 41 99
12 42 242
12 43 211
12 44 89
12 45 286
12 46 47
12 47 49
12 48 238
12 49 92
12 50 63
12 51 134
12 52 195
12 53 49
12 54 141
12 55 129
12 56 228
12 57 179
12 58 249
12 59 234
12 60 63
12 61 142
12 62 141
12 63 274
12 64 223
12 65 295
12 66 255
12 67 78
12 68 200
12 69 295
12 70 201
12 71 239
12 72 101
12 73 169
12 74 228
12 75 236
12 76 142
12 77 257
12 78 250
12 79 149
12 80 55
12 81 134
12 82 164
12 83 275
12 84 71
12 85 53
12 86 251
12 87 140
12 88 46
12 89 126
12 90 56
12 91 218
12 92 146
12 93 102
12 94 200
12 95 143
12 96 45
12 97 260
12 98 281
12 99 107
13 1 125
13 2 32
13 3 95
13 4 172
13 5 98
13 6 91
13 7 246
13 8 300
13 9 271
13 10 212
13 11 213
13 12 241
13 14 232
13 15 209
13 16 228
13 17 273
13 18 136
13 19 199
13 20 286
13 21 37
13 22 126
13 23 142
13 24 154
13 25 71
13 26 203
13 27 127
13 28 85
13 29 293
13 30 250
13 31 32
13 32 189
13 33 114
13 34 192
13 35 141
13 36 72
13 37 54
13 38 286
13 39 124
13 40 176
13 41 250
13 42 212
13 43 31
13 44 244
13 45 240
13 46 288
13 47 150
13 48 144
13 49 161
13 50 80
13 51 184
13 52 255
13 53 206
13 54 213
13 55 280
13 56 285
13 57 296
13 58 106
13 59 249
13 60 262
13 61 118
13 62 70
13 63 170
13 64 73
13 65 91
13 66 50
13 67 250
13 68 267
13 69 266
13 70 280
13 71 168
13 72 174
13 73 72
13 74 45
13 75 194
13 76 210
13 77 199
13 78 251
13 79 217
13 80 53
13 81 274
13 82 210
13 83 288
13 84 151
13 85 135
13 86 204
13 87 194
13 88 120
13 89 96
13 90 286
13 91 135
13 92 229
13 93 234
13 94 83
13 95 46
13 96 283
13 97 208
13 98 149
13 99 81
14 1 80
14 2 141
14 3 280
14 4 247
14 5 175
14 6 281
14 7 266
14 8 243
14 9 99
14 10 210
14 11 237
14 12 263
14 13 232
14 15 73
14 16 228
14 17 190
14 18 290
14 19 264
14 20 184
14 21 214
14 22 276
14 23 118
14 24 276
14 25 273
14 26 271
14 27 176
14 28 124
14 29 48
14 30 213
14 31 53
14 32 201
14 33 71
14 34 289
14 35 69
14 36 132
14 37 58
14 38 134
14 39 102
14 40 172
14 41 190
14 42 228
14 43 54
14 44 82
14 45 263
14 46 93
14 47 295
14 48 208
14 49 254
14 50 143
14 51 125
14 52 117
14 53 276
14 54 190
14 55 106
14 56 246
14 57 228
14 58 266
14 59 42
14 60 88
14 61 50
14 62 298
14 63 98
14 64 69
14 65 34
14 66 258
14 67 296
14 68 176
14 69 205
14 70 290
14 71 227
14 72 158
14 73 186
14 74 238
14 75 75
14 76 218
14 77 243
14 78 284
14 79 63
14 80 212
14 81 186
14 82 127
14 83 98
14 84 73
14 85 278
14 86 62
14 87 226
14 88 142
14 89 188
14 90 176
14 91 84
14 92 169
14 93 79
14 94 64
14 95 165
14 96 136
14 97 188
14 98 162
14 99 99
15 1 108
15 2 198
15 3 97
15 4 95
15 5 270
15 6 41
15 7 195
15 8 51
15 9 131
15 10 213
15 11 219
15 12 219
15 13 209
15 14 73
15 16 204
15 17 189
15 18 206
15 19 215
15 20 135
15 21 255
15 22 177
15 23 257
15 24 256
15 25 280
15 26 296
15 27 278
15 28 65
15 29 222
15 30 96
15 31 191
15 32 52
15 33 153
15 34 206
15 35 246
15 36 65
15 37 165
15 38 255
15 39 289
15 40 263
15 41 216
15 42 72
15 43 213
15 44 188
15 45 254
15 46 224
15 47 172
15 48 209
15 49 237
15 50 127
15 51 247
15 52 96
15 53 272
15 54 39
15 55 272
15 56 233
15 57 110
15 58 236
15 59 114
15 60 241
15 61 173
15 62 261
15 63 61
15 64 85
15 65 159
15 66 223
15 67 79
15 68 119
15 69 278
15 70 54
15 71 259
15 72 151
15 73 246
15 74 295
15 75 278
15 76 289
15 77 227
15 78 70
15 79 270
15 80 96
15 81 44
15 82 281
15 83 75
15 84 260
15 85 106
15 86 284
15 87 181
15 88 58
15 89 146
15 90 277
15 91 269
15 92 299
15 93 189
15 94 151
15 95 122
15 96 110
15 97 284
15 98 207
15 99 219
16 1 290
16 2 298
16 3 283
16 4 293
16 5 219
16 6 217
16 7 112
16 8 297
16 9 225
16 10 85
16 11 158
16 12 112
16 13 228
16 14 228
16 15 204
16 17 142
16 18 102
16 19 158
16 20 198
16 21 80
16 22 293
16 23 246
16 24 292
16 25 83
16 26 76
16 27 77
16 28 48
16 29 183
16 30 79
16 31 131
16 32 212
16 33 142
16 34 254
16 35 225
16 36 101
16 37 164
16 38 131
16 39 114
16 40 80
16 41 95
16 42 109
16 43 139
16 44 268
16 45 94
16 46 220
16 47 48
16 48 250
16 49 48
16 50 42
16 51 241
16 52 161
16 53 278
16 54 262
16 55 294
16 56 248
16 57 33
16 58 213
16 59 182
16 60 214
16 61 184
16 62 189
16 63 65
16 64 100
16 65 264
16 66 170
16 67 226
16 68 123
16 69 144
16 70 88
16 71 114
16 72 32
16 73 178
16 74 56
16 75 262
16 76 202
16 77 220
16 78 226
16 79 133
16 80 163
16 81 69
16 82 76
16 83 165
16 84 193
16 85 208
16 86 212
16 87 45
16 88 51
16 89 91
16 90 168
16 91 74
16 92 58
16 93 138
16 94 88
16 95 255
16 96 200
16 97 128
16 98 84
16 99 120
17 1 70
17 2 71
17 3 219
17 4 268
17 5 80
17 6 100
17 7 101
17 8 93
17 9 204
17 10 231
17 11 260
17 12 98
17 13 273
17 14 190
17 15 189
17 16 142
17 18 265
17 19 84
17 20 290
17 21 290
17 22 164
17 23 278
17 24 188
17 25 125
17 26 48
17 27 189
17 28 246
17 29 226
17 30 290
17 31 101
17 32 167
17 33 102
17 34 168
17 35 217
17 36 56
17 37 246
17 38 168
17 39 226
17 40 70
17 41 203
17 42 105
17 43 76
17 44 277
17 45 280
17 46 170
17 47 186
17 48 180
17 49 209
17 50 92
17 51 215
17 52 209
17 53 186
17 54 149
17 55 298
17 56 42
17 57 200
17 58 203
17 59 156
17 60 280
17 61 49
17 62 289
17 63 50
17 64 186
17 65 134
17 66 126
17 67 94
17 68 191
17 69 216
17 70 135
17 71 198
17 72 127
17 73 186
17 74 233
17 75 90
17 76 151
17 77 193
17 78 32
17 79 283
17 80 252
17 81 114
17 82 43
17 83 109
17 84 55
17 85 203
17 86 298
17 87 200
17 88 39
17 89 166
17 90 66
17 91 98
17 92 198
17 93 226
17 94 263
17 95 186
17 96 66
17 97 252
17 98 102
17 99 299
18 1 36
18 2 234
18 3 87
18 4 235
18 5 116
18 6 260
18 7 235
18 8 84
18 9 222
18 10 159
18 11 61
18 12 202
18 13 136
18 14 290
18 15 206
18 16 102
18 17 265
18 19 153
18 20 270
18 21 47
18 22 247
18 23 144
18 24 230
18 25 293
18 26 58
18 27 88
18 28 214
18 29 152
18 30 264
18 31 34
18 32 44
18 33 195
18 34 118
18 35 151
18 36 204
18 37 59
18 38 97
18 39 41
18 40 86
18 41 71
18 42 70
18 43 209
18 44 300
18 45 127
18 46 160
18 47 97
18 48 293
18 49 215
18 50 200
18 51 256
18 52 233
18 53 97
18 54 260
18 55 161
18 56 117
18 57 291
18 58 200
18 59 183
18 60 54
18 61 51
18 62 218
18 63 175
18 64 90
18 65 238
18 66 76
18 67 43
18 68 259
18 69 145
18 70 240
18 71 32
18 72 219
18 73 241
18 74 107
18 75 69
18 76 163
18 77 36
18 78 222
18 79 229
18 80 269
18 81 124
18 82 154
18 83 237
18 84 92
18 85 85
18 86 266
18 87 118
18 88 221
18 89 274
18 90 215
18 91 96
18 92 191
18 93 249
18 94 233
18 95 98
18 96 176
18 97 181
18 98 138
18 99 272
19 1 91
19 2 206
19 3 262
19 4 77
19 5 300
19 6 98
19 7 254
19 8 219
19 9 107
19 10 180
19 11 230
19 12 135
19 13 199
19 14 264
19 15 215
19 16 158
19 17 84
19 18 153
19 20 49
19 21 237
19 22 167
19 23 299
19 24 143
19 25 254
19 26 57
19 27 195
19 28 216
19 29 254
19 30 192
19 31 99
19 32 82
19 33 296
19 34 33
19 35 254
19 36 296
19 37 115
19 38 82
19 39 250
19 40 68
19 41 100
19 42 113
19 43 38
19 44 51
19 45 48
19 46 54
19 47 268
19 48 117
19 49 124
19 50 80
19 51 51
19 52 102
19 53 209
19 54 182
19 55 294
19 56 161
19 57 287
19 58 123
19 59 132
19 60 64
19 61 281
19 62 157
19 63 98
19 64 190
19 65 56
19 66 197
19 67 61
19 68 188
19 69 120
19 70 161
19 71 280
19 72 31
19 73 283
19 74 114
19 75 193
19 76 106
19 77 70
19 78 50
19 79 93
19 80 91
19 81 264
19 82 242
19 83 121
19 84 99
19 85 174
19 86 136
19 87 107
19 88 151
19 89 230
19 90 182
19 91 118
19 92 297
19 93 204
19 94 203
19 95 135
19 96 219
19 97 81
19 98 116
19 99 253
20 1 47
20 2 36
20 3 278
20 4 256
20 5 291
20 6 58
20 7 254
20 8 173
20 9 57
20 10 171
20 11 141
20 12 243
20 13 286
20 14 184
20 15 135
20 16 198
20 17 290
20 18 270
20 19 49
20 21 129
20 22 184
20 23 221
20 24 216
20 25 119
20 26 262
20 27 204
20 28 292
20 29 183
20 30 259
20 31 182
20 32 191
20 33 114
20 34 217
20 35 145
20 36 126
20 37 59
20 38 189
20 39 208
20 40 191
20 41 32
20 42 298
20 43 65
20 44 247
20 45 122
20 46 180
20 47 138
20 48 36
20 49 53
20 50 128
20 51 220
20 52 213
20 53 209
20 54 266
20 55 92
20 56 82
20 57 53
20 58 283
20 59 128
20 60 162
20 61 121
20 62 271
20 63 191
20 64 236
20 65 89
20 66 129
20 67 58
20 68 61
20 69 180
20 70 123
20 71 240
20 72 229
20 73 56
20 74 96
20 75 116
20 76 234
20 77 297
20 78 231
20 79 230
20 80 249
20 81 211
20 82 236
20 83 152
20 84 157
20 85 254
20 86 168
20 87 73
20 88 175
20 89 298
20 90 43
20 91 140
20 92 219
20 93 84
20 94 180
20 95 48
20 96 53
20 97 31
20 98 157
20 99 99
21 1 149
21 2 70
21 3 111
21 4 153
21 5 295
21 6 188
21 7 245
21 8 233
21 9 82
21 10 33
21 11 189
21 12 228
21 13 37
21 14 214
21 15 255
21 16 80
21 17 290
21 18 47
21 19 237
21 20 129
21 22 189
21 23 213
21 24 268
21 25 82
21 26 151
21 27 282
21 28 193
21 29 265
21 30 285
21 31 273
21 32 36
21 33 60
21 34 150
21 35 31
21 36 284
21 37 140
21 38 33
21 39 142
21 40 188
21 41 199
21 42 282
21 43 102
21 44 83
21 45 102
21 46 178
21 47 245
21 48 143
21 49 51
21 50 162
21 51 200
21 52 165
21 53 223
21 54 70
21 55 174
21 56 99
21 57 80
21 58 276
21 59 126
21 60 277
21 61 126
21 62 32
21 63 64
21 64 187
21 65 209
21 66 253
21 67 149
21 68 75
21 69 133
21 70 256
21 71 205
21 72 53
21 73 50
21 74 204
21 75 118
21 76 57
21 77 136
21 78 262
21 79 169
21 80 89
21 81 39
21 82 216
21 83 133
21 84 169
21 85 171
21 86 171
21 87 283
21 88 55
21 89 209
21 90 149
21 91 272
21 92 96
21 93 279
21 94 69
21 95 90
21 96 81
21 97 271
21 98 278
21 99 35
22 1 287
22 2 187
22 3 230
22 4 236
22 5 230
22 6 133
22 7 64
22 8 140
22 9 86
22 10 102
22 11 257
22 12 244
22 13 126
22 14 276
22 15 177
22 16 293
22 17 164
22 18 247
22 19 167
22 20 184
22 21 189
22 23 47
22 24 118
22 25 264
22 26 121
22 27 156
22 28 43
22 29 163
22 30 49
22 31 260
22 32 259
22 33 126
22 34 154
22 35 248
22 36 44
22 37 240
22 38 95
22 39 214
22 40 41
22 41 40
22 42 292
22 43 210
22 44 239
22 45 173
22 46 262
22 47 143
22 48 209
22 49 270
22 50 119
22 51 267
22 52 190
22 53 55
22 54 109
22 55 227
22 56 276
22 57 215
22 58 285
22 59 187
22 60 78
22 61 88
22 62 166
22 63 189
22 64 78
22 65 243
22 66 38
22 67 276
22 68 200
22 69 278
22 70 74
22 71 118
22 72 128
22 73 53
22 74 108
22 75 233
22 76 286
22 77 59
22 78 182
22 79 228
22 80 106
22 81 83
22 82 69
22 83 256
22 84 228
22 85 233
22 86 108
22 87 288
22 88 40
22 89 171
22 90 55
22 91 204
22 92 163
22 93 226
22 94 95
22 95 153
22 96 260
22 97 38
22 98 183
22 99 210
23 1 36
23 2 38
23 3 46
23 4 100
23 5 165
23 6 225
23 7 258
23 8 223
23 9 211
23 10 150
23 11 293
23 12 135
23 13 142
23 14 118
23 15 257
23 16 246
23 17 278
23 18 144
23 19 299
23 20 221
23 21 213
23 22 47
23 24 241
23 25 52
23 26 185
23 27 146
23 28 117
23 29 78
23 30 144
23 31 235
23 32 68
23 33 263
23 34 194
23 35 94
23 36 90
23 37 94
23 38 223
23 39 271
23 40 129
23 41 227
23 42 68
23 43 203
23 44 149
23 45 82
23 46 138
23 47 207
23 48 195
23 49 107
23 50 122
23 51 251
23 52 116
23 53 144
23 54 209
23 55 151
23 56 294
23 57 210
23 58 71
23 59 66
23 60 159
23 61 126
23 62 235
23 63 76
23 64 57
23 65 295
23 66 74
23 67 248
23 68 296
23 69 260
23 70 108
23 71 195
23 72 93
23 73 285
23 74 282
23 75 109
23 76 123
23 77 254
23 78 84
23 79 167
23 80 41
23 81 163
23 82 257
23 83 154
23 84 172
23 85 177
23 86 132
23 87 192
23 88 170
23 89 42
23 90 160
23 91 180
23 92 34
23 93 225
23 94 272
23 95 69
23 96 115
23 97 41
23 98 62
23 99 186
24 1 172
24 2 295
24 3 149
24 4 65
24 5 99
24 6 252
24 7 79
24 8 272
24 9 45
24 10 224
24 11 44
24 12 234
24 13 154
24 14 276
24 15 256
24 16 292
24 17 188
24 18 230
24 19 143
24 20 216
24 21 268
24 22 118
24 23 241
24 25 80
24 26 205
24 27 263
24 28 82
24 29 180
24 30 210
24 31 123
24 32 134
24 33 110
24 34 224
24 35 250
24 36 226
24 37 256
24 38 84
24 39 113
24 40 224
24 41 177
24 42 88
24 43 282
24 44 104
24 45 233
24 46 291
24 47 264
24 48 71
24 49 204
24 50 70
24 51 52
24 52 71
24 53 90
24 54 108
24 55 127
24 56 291
24 57 249
24 58 246
24 59 50
24 60 207
24 61 263
24 62 288
24 63 100
24 64 236
24 65 135
24 66 90
24 67 54
24 68 226
24 69 131
24 70 282
24 71 191
24 72 223
24 73 195
24 74 111
24 75 147
24 76 145
24 77 100
24 78 66
24 79 81
24 80 134
24 81 184
24 82 99
24 83 185
24 84 274
24 85 300
24 86 39
24 87 153
24 88 67
24 89 113
24 90 81
24 91 63
24 92 256
24 93 136
24 94 257
24 95 292
24 96 250
24 97 193
24 98 233
24 99 129
25 1 87
25 2 183
25 3 217
25 4 120
25 5 211
25 6 259
25 7 244
25 8 57
25 9 122
25 10 204
25 11 110
25 12 205
25 13 71
25 14 273
25 15 280
25 16 83
25 17 125
25 18 293
25 19 254
25 20 119
25 21 82
25 22 264
25 23 52
25 24 80
25 26 281
25 27 295
25 28 35
25 29 227
25 30 68
25 31 270
25 32 233
25 33 291
25 34 90
25 35 210
25 36 170
25 37 154
25 38 134
25 39 48
25 40 282
25 41 32
25 42 226
25 43 129
25 44 65
25 45 120
25 46 163
25 47 156
25 48 262
25 49 205
25 50 222
25 51 82
25 52 254
25 53 187
25 54 286
25 55 58
25 56 221
25 57 207
25 58 72
25 59 220
25 60 203
25 61 73
25 62 248
25 63 216
25 64 222
25 65 287
25 66 210
25 67 209
25 68 300
25 69 39
25 70 131
25 71 242
25 72 255
25 73 142
25 74 42
25 75 122
25 76 272
25 77 95
25 78 78
25 79 150
25 80 116
25 81 253
25 82 290
25 83 205
25 84 287
25 85 90
25 86 236
25 87 218
25 88 196
25 89 252
25 90 231
25 91 167
25 92 91
25 93 297
25 94 207
25 95 211
25 96 156
25 97 117
25 98 155
25 99 147
26 1 210
26 2 159
26 3 290
26 4 208
26 5 198
26 6 91
26 7 230
26 8 297
26 9 269
26 10 37
26 11 126
26 12 280
26 13 203
26 14 271
26 15 296
26 16 76
26 17 48
26 18 58
26 19 57
26 20 262
26 21 151
26 22 121
26 23 185
26 24 205
26 25 281
26 27 35
26 28 265
26 29 173
26 30 182
26 31 99
26 32 276
26 33 262
26 34 291
26 35 252
26 36 234
26 37 283
26 38 99
26 39 242
26 40 166
26 41 83
26 42 128
26 43 225
26 44 103
26 45 65
26 46 259
26 47 31
26 48 41
26 49 282
26 50 59
26 51 271
26 52 171
26 53 152
26 54 76
26 55 269
26 56 282
26 57 64
26 58 58
26 59 257
26 60 121
26 61 156
26 62 151
26 63 91
26 64 229
26 65 277
26 66 231
26 67 297
26 68 203
26 69 255
26 70 243
26 71 180
26 72 56
26 73 158
26 74 274
26 75 227
26 76 137
26 77 277
26 78 254
26 79 109
26 80 73
26 81 281
26 82 216
26 83 104
26 84 96
26 85 150
26 86 67
26 87 215
26 88 156
26 89 182
26 90 129
26 91 236
26 92 241
26 93 42
26 94 276
26 95 233
26 96 139
26 97 275
26 98 199
26 99 209
27 1 193
27 2 96
27 3 201
27 4 264
27 5 180
27 6 181
27 7 300
27 8 217
27 9 77
27 10 203
27 11 234
27 12 66
27 13 127
27 14 176
27 15 278
27 16 77
27 17 189
27 18 88
27 19 195
27 20 204
27 21 282
27 22 156
27 23 146
27 24 263
27 25 295
27 26 35
27 28 180
27 29 241
27 30 234
27 31 31
27 32 278
27 33 128
27 34 137
27 35 100
27 36 260
27 37 158
27 38 150
27 39 247
27 40 258
27 41 81
27 42 45
27 43 147
27 44 108
27 45 91
27 46 259
27 47 162
27 48 230
27 49 92
27 50 295
27 51 225
27 52 36
27 53 161
27 54 38
27 55 133
27 56 101
27 57 191
27 58 221
27 59 300
27 60 119
27 61 281
27 62 238
27 63 225
27 64 234
27 65 78
27 66 151
27 67 152
27 68 97
27 69 110
27 70 227
27 71 185
27 72 277
27 73 51
27 74 264
27 75 292
27 76 193
27 77 89
27 78 203
27 79 245
27 80 178
27 81 202
27 82 133
27 83 243
27 84 221
27 85 114
27 86 89
27 87 133
27 88 102
27 89 125
27 90 105
27 91 274
27 92 265
27 93 218
27 94 77
27 95 132
27 96 240
27 97 59
27 98 210
27 99 152
28 1 202
28 2 109
28 3 283
28 4 113
28 5 72
28 6 161
28 7 214
28 8 238
28 9 213
28 10 162
28 11 256
28 12 88
28 13 85
28 14 124
28 15 65
28 16 48
28 17 246
28 18 214
28 19 216
28 20 292
28 21 193
28 22 43
28 23 117
28 24 82
28 25 35
28 26 265
28 27 180
28 29 166
28 30 62
28 31 110
28 32 179
28 33 131
28 34 217
28 35 179
28 36 53
28 37 211
28 38 279
28 39 31
28 40 102
28 41 146
28 42 127
28 43 279
28 44 137
28 45 252
28 46 173
28 47 296
28 48 273
28 49 133
28 50 98
28 51 160
28 52 137
28 53 250
28 54 176
28 55 182
28 56 183
28 57 50
28 58 78
28 59 42
28 60 67
28 61 98
28 62 225
28 63 190
28 64 65
28 65 98
28 66 142
28 67 225
28 68 41
28 69 161
28 70 238
28 71 270
28 72 282
28 73 134
28 74 97
28 75 58
28 76 40
28 77 60
28 78 110
28 79 67
28 80 190
28 81 78
28 82 82
28 83 84
28 84 224
28 85 107
28 86 204
28 87 244
28 88 162
28 89 78
28 90 111
28 91 231
28 92 233
28 93 237
28 94 68
28 95 216
28 96 184
28 97 296
28 98 43
28 99 164
29 1 55
29 2 289
29 3 204
29 4 291
29 5 253
29 6 244
29 7 42
29 8 87
29 9 39
29 10 157
29 11 141
29 12 251
29 13 293
29 14 48
29 15 222
29 16 183
29 17 226
29 18 152
29 19 254
29 20 183
29 21 265
29 22 163
29 23 78
29 24 180
29 25 227
29 26 173
29 27 241
29 28 166
29 30 169
29 31 164
29 32 257
29 33 139
29 34 155
29 35 214
29 36 146
29 37 142
29 38 293
29 39 255
29 40 90
29 41 211
29 42 167
29 43 57
29 44 145
29 45 117
29 46 60
29 47 42
29 48 273
29 49 233
29 50 242
29 51 197
29 52 53
29 53 204
29 54 146
29 55 159
29 56 269
29 57 233
29 58 136
29 59 291
29 60 192
29 61 281
29 62 273
29 63 140
29 64 178
29 65 293
29 66 222
29 67 66
29 68 107
29 69 136
29 70 46
29 71 227
29 72 228
29 73 121
29 74 223
29 75 104
29 76 40
29 77 181
29 78 65
29 79 138
29 80 291
29 81 152
29 82 103
29 83 174
29 84 227
29 85 275
29 86 39
29 87 179
29 88 190
29 89 85
29 90 181
29 91 82
29 92 79
29 93 205
29 94 142
29 95 42
29 96 217
29 97 167
29 98 110
29 99 189
30 1 145
30 2 37
30 3 163
30 4 72
30 5 269
30 6 141
30 7 66
30 8 95
30 9 254
30 10 295
30 11 113
30 12 117
30 13 250
30 14 213
30 15 96
30 16 79
30 17 290
30 18 264
30 19 192
30 20 259
30 21 285
30 22 49
30 23 144
30 24 210
30 25 68
30 26 182
30 27 234
30 28 62
30 29 169
30 31 130
30 32 218
30 33 240
30 34 189
30 35 230
30 36 169
30 37 124
30 38 188
30 39 213
30 40 283
30 41 117
30 42 224
30 43 254
30 44 179
30 45 212
30 46 128
30 47 210
30 48 189
30 49 227
30 50 106
30 51 126
30 52 63
30 53 110
30 54 141
30 55 154
30 56 103
30 57 38
30 58 211
30 59 258
30 60 220
30 61 237
30 62 199
30 63 120
30 64 128
30 65 63
30 66 97
30 67 137
30 68 218
30 69 47
30 70 153
30 71 99
30 72 209
30 73 183
30 74 229
30 75 155
30 76 117
30 77 85
30 78 100
30 79 79
30 80 180
30 81 259
30 82 268
30 83 143
30 84 117
30 85 300
30 86 124
30 87 99
30 88 137
30 89 186
30 90 288
30 91 156
30 92 149
30 93 220
30 94 64
30 95 155
30 96 140
30 97 291
30 98 135
30 99 37
31 1 151
31 2 183
31 3 100
31 4 144
31 5 69
31 6 45
31 7 231
31 8 219
31 9 160
31 10 117
31 11 277
31 12 140
31 13 32
31 14 53
31 15 191
31 16 131
31 17 101
31 18 34
31 19 99
31 20 182
31 21 273
31 22 260
31 23 235
31 24 123
31 25 270
31 26 99
31 27 31
31 28 110
31 29 164
31 30 130
31 32 276
31 33 262
31 34 289
31 35 154
31 36 59
31 37 299
31 38 34
31 39 127
31 40 285
31 41 185
31 42 104
31 43 166
31 44 63
31 45 174
31 46 88
31 47 165
31 48 38
31 49 33
31 50 255
31 51 211
31 52 31
31 53 143
31 54 202
31 55 283
31 56 155
31 57 83
31 58 261
31 59 188
31 60 196
31 61 98
31 62 187
31 63 68
31 64 226
31 65 33
31 66 137
31 67 248
31 68 202
31 69 131
31 70 148
31 71 146
31 72 299
31 73 93
31 74 53
31 75 180
31 76 73
31 77 51
31 78 216
31 79 256
31 80 78
31 81 220
31 82 197
31 83 227
31 84 230
31 85 224
31 86 255
31 87 147
31 88 274
31 89 187
31 90 117
31 91 214
31 92 280
31 93 153
31 94 265
31 95 212
31 96 240
31 97 198
31 98 213
31 99 60
32 1 88
32 2 115
32 3 45
32 4 194
32 5 126
32 6 71
32 7 104
32 8 150
32 9 62
32 10 263
32 11 270
32 12 43
32 13 189
32 14 201
32 15 52
32 16 212
32 17 167
32 18 44
32 19 82
32 20 191
32 21 36
32 22 259
32 23 68
32 24 134
32 25 233
32 26 276
32 27 278
32 28 179
32 29 257
32 30 218
32 31 276
32 33 166
32 34 225
32 35 41
32 36 57
32 37 44
32 38 285
32 39 56
32 40 53
32 41 119
32 42 91
32 43 81
32 44 67
32 45 226
32 46 41
32 47 49
32 48 197
32 49 158
32 50 138
32 51 104
32 52 163
32 53 136
32 54 114
32 55 267
32 56 107
32 57 186
32 58 55
32 59 300
32 60 41
32 61 197
32 62 90
32 63 247
32 64 256
32 65 158
32 66 128
32 67 289
32 68 290
32 69 151
32 70 31
32 71 266
32 72 210
32 73 171
32 74 274
32 75 110
32 76 251
32 77 190
32 78 254
32 79 166
32 80 40
32 81 210
32 82 76
32 83 46
32 84 105
32 85 189
32 86 141
32 87 65
32 88 103
32 89 30
32 90 132
32 91 83
32 92 292
32 93 206
32 94 84
32 95 220
32 96 212
32 97 116
32 98 91
32 99 177
33 1 32
33 2 161
33 3 96
33 4 265
33 5 235
33 6 157
33 7 178
33 8 168
33 9 92
33 10 122
33 11 124
33 12 280
33 13 114
33 14 71
33 15 153
33 16 142
33 17 102
33 18 195
33 19 296
33 20 114
33 21 60
33 22 126
33 23 263
33 24 110
33 25 291
33 26 262
33 27 128
33 28 131
33 29 139
33 30 240
33 31 262
33 32 166
33 34 216
33 35 144
33 36 50
33 37 286
33 38 145
33 39 292
33 40 178
33 41 251
33 42 166
33 43 254
33 44 264
33 45 253
33 46 38
33 47 139
33 48 250
33 49 63
33 50 90
33 51 246
33 52 162
33 53 103
33 54 240
33 55 213
33 56 284
33 57 119
33 58 256
33 59 54
33 60 97
33 61 44
33 62 161
33 63 252
33 64 242
33 65 268
33 66 210
33 67 88
33 68 59
33 69 101
33 70 225
33 71 185
33 72 186
33 73 63
33 74 217
33 75 298
33 76 232
33 77 290
33 78 75
33 79 151
33 80 169
33 81 50
33 82 192
33 83 225
33 84 245
33 85 266
33 86 65
33 87 39
33 88 291
33 89 120
33 90 124
33 91 78
33 92 149
33 93 221
33 94 175
33 95 211
33 96 62
33 97 296
33 98 176
33 99 41
34 1 64
34 2 83
34 3 186
34 4 166
34 5 202
34 6 272
34 7 271
34 8 135
34 9 44
34 10 66
34 11 78
34 12 120
34 13 192
34 14 289
34 15 206
34 16 254
34 17 168
34 18 118
34 19 33
34 20 217
34 21 150
34 22 154
34 23 194
34 24 224
34 25 90
34 26 291
34 27 137
34 28 217
34 29 155
34 30 189
34 31 289
34 32 225
34 33 216
34 35 103
34 36 271
34 37 273
34 38 183
34 39 98
34 40 201
34 41 212
34 42 277
34 43 199
34 44 245
34 45 246
34 46 234
34 47 61
34 48 174
34 49 295
34 50 271
34 51 290
34 52 127
34 53 242
34 54 156
34 55 266
34 56 160
34 57 209
34 58 60
34 59 46
34 60 112
34 61 32
34 62 47
34 63 106
34 64 291
34 65 112
34 66 278
34 67 30
34 68 50
34 69 296
34 70 31
34 71 200
34 72 272
34 73 195
34 74 51
34 75 95
34 76 241
34 77 279
34 78 267
34 79 264
34 80 155
34 81 249
34 82 147
34 83 46
34 84 159
34 85 148
34 86 36
34 87 147
34 88 174
34 89 48
34 90 181
34 91 119
34 92 57
34 93 298
34 94 186
34 95 134
34 96 169
34 97 86
34 98 268
34 99 136
35 1 37
35 2 52
35 3 168
35 4 99
35 5 185
35 6 222
35 7 123
35 8 91
35 9 279
35 10 159
35 11 152
35 12 221
35 13 141
35 14 69
35 15 246
35 16 225
35 17 217
35 18 151
35 19 254
35 20 145
35 21 31
35 22 248
35 23 94
35 24 250
35 25 210
35 26 252
35 27 100
35 28 179
35 29 214
35 30 230
35 31 154
35 32 41
35 33 144
35 34 103
35 36 129
35 37 82
35 38 255
35 39 176
35 40 84
35 41 184
35 42 273
35 43 117
35 44 148
35 45 258
35 46 52
35 47 81
35 48 34
35 49 72
35 50 91
35 51 103
35 52 143
35 53 147
35 54 252
35 55 114
35 56 102
35 57 125
35 58 191
35 59 213
35 60 88
35 61 284
35 62 85
35 63 236
35 64 120
35 65 74
35 66 63
35 67 55
35 68 77
35 69 76
35 70 219
35 71 66
35 72 120
35 73 104
35 74 225
35 75 209
35 76 46
35 77 222
35 78 171
35 79 295
35 80 64
35 81 236
35 82 264
35 83 153
35 84 122
35 85 217
35 86 90
35 87 121
35 88 207
35 89 40
35 90 300
35 91 213
35 92 164
35 93 42
35 94 212
35 95 181
35 96 109
35 97 173
35 98 288
35 99 49
36 1 150
36 2 83
36 3 154
36 4 236
36 5 112
36 6 296
36 7 269
36 8 285
36 9 63
36 10 170
36 11 221
36 12 83
36 13 72
36 14 132
36 15 65
36 16 101
36 17 56
36 18 204
36 19 296
36 20 126
36 21 284
36 22 44
36 23 90
36 24 226
36 25 170
36 26 234
36 27 260
36 28 53
36 29 146
36 30 169
36 31 59
36 32 57
36 33 50
36 34 271
36 35 129
36 37 141
36 38 228
36 39 272
36 40 62
36 41 178
36 42 224
36 43 156
36 44 92
36 45 144
36 46 91
36 47 68
36 48 138
36 49 202
36 50 165
36 51 200
36 52 234
36 53 266
36 54 238
36 55 193
36 56 184
36 57 291
36 58 266
36 59 207
36 60 116
36 61 299
36 62 181
36 63 217
36 64 156
36 65 284
36 66 259
36 67 111
36 68 162
36 69 257
36 70 84
36 71 139
36 72 36
36 73 140
36 74 96
36 75 293
36 76 45
36 77 39
36 78 219
36 79 58
36 80 245
36 81 200
36 82 48
36 83 53
36 84 50
36 85 72
36 86 166
36 87 181
36 88 170
36 89 69
36 90 35
36 91 293
36 92 118
36 93 105
36 94 171
36 95 137
36 96 187
36 97 58
36 98 109
36 99 197
37 1 35
37 2 140
37 3 209
37 4 63
37 5 107
37 6 157
37 7 76
37 8 149
37 9 106
37 10 187
37 11 140
37 12 214
37 13 54
37 14 58
37 15 165
37 16 164
37 17 246
37 18 59
37 19 115
37 20 59
37 21 140
37 22 240
37 23 94
37 24 256
37 25 154
37 26 283
37 27 158
37 28 211
37 29 142
37 30 124
37 31 299
37 32 44
37 33 286
37 34 273
37 35 82
37 36 141
37 38 121
37 39 68
37 40 95
37 41 281
37 42 89
37 43 287
37 44 88
37 45 70
37 46 42
37 47 42
37 48 86
37 49 105
37 50 68
37 51 161
37 52 218
37 53 153
37 54 106
37 55 202
37 56 147
37 57 94
37 58 147
37 59 251
37 60 85
37 61 264
37 62 227
37 63 147
37 64 90
37 65 63
37 66 194
37 67 251
37 68 265
37 69 216
37 70 73
37 71 211
37 72 171
37 73 173
37 74 201
37 75 241
37 76 131
37 77 241
37 78 270
37 79 296
37 80 202
37 81 297
37 82 186
37 83 224
37 84 69
37 85 279
37 86 38
37 87 159
37 88 263
37 89 84
37 90 48
37 91 294
37 92 85
37 93 234
37 94 265
37 95 275
37 96 225
37 97 86
37 98 119
37 99 153
38 1 156
38 2 34
38 3 73
38 4 297
38 5 81
38 6 32
38 7 172
38 8 119
38 9 293
38 10 240
38 11 222
38 12 201
38 13 286
38 14 134
38 15 255
38 16 131
38 17 168
38 18 97
38 19 82
38 20 189
38 21 33
38 22 95
38 23 223
38 24 84
38 25 134
38 26 99
38 27 150
38 28 279
38 29 293
38 30 188
38 31 34
38 32 285
38 33 145
38 34 183
38 35 255
38 36 228
38 37 121
38 39 74
38 40 295
38 41 209
38 42 89
38 43 180
38 44 75
38 45 252
38 46 173
38 47 289
38 48 256
38 49 205
38 50 122
38 51 123
38 52 87
38 53 49
38 54 287
38 55 149
38 56 206
38 57 52
38 58 75
38 59 94
38 60 115
38 61 63
38 62 150
38 63 97
38 64 181
38 65 263
38 66 176
38 67 128
38 68 205
38 69 215
38 70 279
38 71 66
38 72 219
38 73 34
38 74 275
38 75 32
38 76 101
38 77 65
38 78 263
38 79 216
38 80 242
38 81 169
38 82 33
38 83 90
38 84 256
38 85 113
38 86 136
38 87 179
38 88 183
38 89 63
38 90 37
38 91 162
38 92 231
38 93 205
38 94 161
38 95 112
38 96 232
38 97 31
38 98 209
38 99 127
39 1 258
39 2 91
39 3 215
39 4 238
39 5 147
39 6 39
39 7 156
39 8 294
39 9 285
39 10 199
39 11 282
39 12 185
39 13 124
39 14 102
39 15 289
39 16 114
39 17 226
39 18 41
39 19 250
39 20 208
39 21 142
39 22 214
39 23 271
39 24 113
39 25 48
39 26 242
39 27 247
39 28 31
39 29 255
39 30 213
39 31 127
39 32 56
39 33 292
39 34 98
39 35 176
39 36 272
39 37 68
39 38 74
39 40 39
39 41 246
39 42 30
39 43 111
39 44 36
39 45 257
39 46 195
39 47 111
39 48 167
39 49 237
39 50 124
39 51 88
39 52 205
39 53 199
39 54 229
39 55 218
39 56 125
39 57 269
39 58 92
39 59 250
39 60 31
39 61 196
39 62 262
39 63 152
39 64 275
39 65 186
39 66 264
39 67 197
39 68 98
39 69 255
39 70 282
39 71 47
39 72 217
39 73 290
39 74 56
39 75 211
39 76 204
39 77 121
39 78 136
39 79 287
39 80 227
39 81 128
39 82 297
39 83 223
39 84 183
39 85 42
39 86 281
39 87 150
39 88 154
39 89 217
39 90 84
39 91 254
39 92 38
39 93 151
39 94 88
39 95 205
39 96 118
39 97 118
39 98 287
39 99 170
40 1 182
40 2 228
40 3 212
40 4 239
40 5 80
40 6 71
40 7 175
40 8 44
40 9 96
40 10 128
40 11 158
40 12 39
40 13 176
40 14 172
40 15 263
40 16 80
40 17 70
40 18 86
40 19 68
40 20 191
40 21 188
40 22 41
40 23 129
40 24 224
40 25 282
40 26 166
40 27 258
40 28 102
40 29 90
40 30 283
40 31 285
40 32 53
40 33 178
40 34 201
40 35 84
40 36 62
40 37 95
40 38 295
40 39 39
40 41 224
40 42 87
40 43 78
40 44 140
40 45 185
40 46 199
40 47 281
40 48 244
40 49 224
40 50 213
40 51 72
40 52 75
40 53 252
40 54 165
40 55 187
40 56 178
40 57 300
40 58 237
40 59 146
40 60 206
40 61 149
40 62 299
40 63 255
40 64 49
40 65 288
40 66 268
40 67 170
40 68 161
40 69 173
40 70 130
40 71 211
40 72 86
40 73 238
40 74 134
40 75 81
40 76 122
40 77 176
40 78 235
40 79 263
40 80 284
40 81 245
40 82 137
40 83 177
40 84 187
40 85 65
40 86 270
40 87 129
40 88 278
40 89 275
40 90 111
40 91 214
40 92 178
40 93 99
40 94 274
40 95 286
40 96 219
40 97 192
40 98 199
40 99 212
41 1 232
41 2 263
41 3 72
41 4 103
41 5 33
41 6 31
41 7 32
41 8 50
41 9 236
41 10 95
41 11 36
41 12 99
41 13 250
41 14 190
41 15 216
41 16 95
41 17 203
41 18 71
41 19 100
41 20 32
41 21 199
41 22 40
41 23 227
41 24 177
41 25 32
41 26 83
41 27 81
41 28 146
41 29 211
41 30 117
41 31 185
41 32 119
41 33 251
41 34 212
41 35 184
41 36 178
41 37 281
41 38 209
41 39 246
41 40 224
41 42 42
41 43 100
41 44 168
41 45 273
41 46 35
41 47 242
41 48 130
41 49 100
41 50 96
41 51 253
41 52 127
41 53 193
41 54 160
41 55 180
41 56 119
41 57 167
41 58 44
41 59 285
41 60 218
41 61 233
41 62 90
41 63 191
41 64 281
41 65 213
41 66 36
41 67 60
41 68 188
41 69 160
41 70 180
41 71 68
41 72 31
41 73 286
41 74 191
41 75 115
41 76 101
41 77 227
41 78 257
41 79 255
41 80 216
41 81 88
41 82 118
41 83 222
41 84 71
41 85 290
41 86 258
41 87 74
41 88 168
41 89 43
41 90 123
41 91 266
41 92 243
41 93 137
41 94 125
41 95 47
41 96 153
41 97 204
41 98 282
41 99 188
42 1 291
42 2 142
42 3 110
42 4 109
42 5 217
42 6 156
42 7 35
42 8 134
42 9 272
42 10 50
42 11 84
42 12 242
42 13 212
42 14 228
42 15 72
42 16 109
42 17 105
42 18 70
42 19 113
42 20 298
42 21 282
42 22 292
42 23 68
42 24 88
42 25 226
42 26 128
42 27 45
42 28 127
42 29 167
42 30 224
42 31 104
42 32 91
42 33 166
42 34 277
42 35 273
42 36 224
42 37 89
42 38 89
42 39 30
42 40 87
42 41 42
42 43 194
42 44 175
42 45 213
42 46 209
42 47 210
42 48 231
42 49 223
42 50 63
42 51 204
42 52 66
42 53 183
42 54 69
42 55 207
42 56 200
42 57 50
42 58 193
42 59 188
42 60 89
42 61 61
42 62 219
42 63 204
42 64 184
42 65 181
42 66 223
42 67 90
42 68 267
42 69 234
42 70 102
42 71 269
42 72 257
42 73 244
42 74 163
42 75 199
42 76 119
42 77 268
42 78 88
42 79 90
42 80 259
42 81 221
42 82 223
42 83 264
42 84 45
42 85 293
42 86 68
42 87 63
42 88 285
42 89 67
42 90 181
42 91 37
42 92 79
42 93 293
42 94 77
42 95 187
42 96 59
42 97 232
42 98 104
42 99 181
43 1 260
43 2 218
43 3 237
43 4 260
43 5 104
43 6 234
43 7 108
43 8 169
43 9 211
43 10 196
43 11 274
43 12 211
43 13 31
43 14 54
43 15 213
43 16 139
43 17 76
43 18 209
43 19 38
43 20 65
43 21 102
43 22 210
43 23 203
43 24 282
43 25 129
43 26 225
43 27 147
43 28 279
43 29 57
43 30 254
43 31 166
43 32 81
43 33 254
43 34 199
43 35 117
43 36 156
43 37 287
43 38 180
43 39 111
43 40 78
43 41 100
43 42 194
43 44 279
43 45 128
43 46 247
43 47 115
43 48 65
43 49 30
43 50 64
43 51 107
43 52 123
43 53 135
43 54 272
43 55 93
43 56 289
43 57 66
43 58 81
43 59 194
43 60 236
43 61 223
43 62 187
43 63 120
43 64 197
43 65 39
43 66 111
43 67 230
43 68 198
43 69 252
43 70 35
43 71 97
43 72 92
43 73 85
43 74 200
43 75 295
43 76 227
43 77 247
43 78 278
43 79 100
43 80 297
43 81 260
43 82 94
43 83 99
43 84 144
43 85 204
43 86 117
43 87 280
43 88 182
43 89 246
43 90 60
43 91 35
43 92 274
43 93 39
43 94 246
43 95 238
43 96 169
43 97 162
43 98 120
43 99 230
44 1 225
44 2 204
44 3 198
44 4 95
44 5 195
44 6 37
44 7 156
44 8 162
44 9 223
44 10 213
44 11 122
44 12 89
44 13 244
44 14 82
44 15 188
44 16 268
44 17 277
44 18 300
44 19 51
44 20 247
44 21 83
44 22 239
44 23 149
44 24 104
44 25 65
44 26 103
44 27 108
44 28 137
44 29 145
44 30 179
44 31 63
44 32 67
44 33 264
44 34 245
44 35 148
44 36 92
44 37 88
44 38 75
44 39 36
44 40 140
44 41 168
44 42 175
44 43 279
44 45 100
44 46 129
44 47 205
44 48 144
44 49 155
44 50 271
44 51 162
44 52 236
44 53 286
44 54 217
44 55 198
44 56 298
44 57 120
44 58 211
44 59 162
44 60 143
44 61 32
44 62 73
44 63 37
44 64 79
44 65 156
44 66 76
44 67 171
44 68 283
44 69 246
44 70 56
44 71 118
44 72 192
44 73 156
44 74 88
44 75 250
44 76 261
44 77 66
44 78 63
44 79 285
44 80 278
44 81 137
44 82 238
44 83 232
44 84 105
44 85 90
44 86 256
44 87 185
44 88 85
44 89 119
44 90 172
44 91 279
44 92 129
44 93 296
44 94 297
44 95 232
44 96 177
44 97 279
44 98 288
44 99 167
45 1 107
45 2 129
45 3 57
45 4 110
45 5 128
45 6 101
45 7 136
45 8 135
45 9 262
45 10 206
45 11 50
45 12 286
45 13 240
45 14 263
45 15 254
45 16 94
45 17 280
45 18 127
45 19 48
45 20 122
45 21 102
45 22 173
45 23 82
45 24 233
45 25 120
45 26 65
45 27 91
45 28 252
45 29 117
45 30 212
45 31 174
45 32 226
45 33 253
45 34 246
45 35 258
45 36 144
45 37 70
45 38 252
45 39 257
45 40 185
45 41 273
45 42 213
45 43 128
45 44 100
45 46 69
45 47 186
45 48 203
45 49 229
45 50 143
45 51 243
45 52 59
45 53 31
45 54 163
45 55 201
45 56 34
45 57 296
45 58 189
45 59 219
45 60 265
45 61 171
45 62 299
45 63 286
45 64 118
45 65 32
45 66 246
45 67 299
45 68 215
45 69 259
45 70 90
45 71 66
45 72 131
45 73 170
45 74 71
45 75 241
45 76 213
45 77 229
45 78 56
45 79 287
45 80 161
45 81 120
45 82 86
45 83 156
45 84 77
45 85 173
45 86 70
45 87 166
45 88 287
45 89 264
45 90 176
45 91 155
45 92 155
45 93 204
45 94 254
45 95 97
45 96 199
45 97 92
45 98 134
45 99 184
46 1 278
46 2 228
46 3 246
46 4 86
46 5 247
46 6 114
46 7 92
46 8 134
46 9 262
46 10 250
46 11 63
46 12 47
46 13 288
46 14 93
46 15 224
46 16 220
46 17 170
46 18 160
46 19 54
46 20 180
46 21 178
46 22 262
46 23 138
46 24 291
46 25 163
46 26 259
46 27 259
46 28 173
46 29 60
46 30 128
46 31 88
46 32 41
46 33 38
46 34 234
46 35 52
46 36 91
46 37 42
46 38 173
46 39 195
46 40 199
46 41 35
46 42 209
46 43 247
46 44 129
46 45 69
46 47 231
46 48 286
46 49 287
46 50 300
46 51 296
46 52 134
46 53 81
46 54 226
46 55 272
46 56 201
46 57 65
46 58 100
46 59 264
46 60 223
46 61 252
46 62 228
46 63 249
46 64 160
46 65 265
46 66 83
46 67 206
46 68 59
46 69 182
46 70 282
46 71 125
46 72 131
46 73 63
46 74 103
46 75 283
46 76 203
46 77 86
46 78 101
46 79 131
46 80 244
46 81 86
46 82 205
46 83 81
46 84 256
46 85 43
46 86 207
46 87 204
46 88 143
46 89 180
46 90 204
46 91 34
46 92 251
46 93 133
46 94 161
46 95 106
46 96 281
46 97 34
46 98 286
46 99 59
47 1 171
47 2 86
47 3 244
47 4 206
47 5 220
47 6 143
47 7 215
47 8 136
47 9 76
47 10 85
47 11 76
47 12 49
47 13 150
47 14 295
47 15 172
47 16 48
47 17 186
47 18 97
47 19 268
47 20 138
47 21 245
47 22 143
47 23 207
47 24 264
47 25 156
47 26 31
47 27 162
47 28 296
47 29 42
47 30 210
47 31 165
47 32 49
47 33 139
47 34 61
47 35 81
47 36 68
47 37 42
47 38 289
47 39 111
47 40 281
47 41 242
47 42 210
47 43 115
47 44 205
47 45 186
47 46 231
47 48 71
47 49 255
47 50 140
47 51 189
47 52 276
47 53 291
47 54 60
47 55 248
47 56 229
47 57 169
47 58 44
47 59 164
47 60 90
47 61 56
47 62 128
47 63 161
47 64 246
47 65 108
47 66 212
47 67 165
47 68 283
47 69 75
47 70 81
47 71 265
47 72 296
47 73 260
47 74 52
47 75 155
47 76 273
47 77 260
47 78 260
47 79 281
47 80 62
47 81 55
47 82 254
47 83 143
47 84 140
47 85 103
47 86 266
47 87 164
47 88 160
47 89 56
47 90 201
47 91 278
47 92 110
47 93 129
47 94 43
47 95 241
47 96 298
47 97 196
47 98 207
47 99 128
48 1 173
48 2 203
48 3 258
48 4 174
48 5 279
48 6 166
48 7 93
48 8 218
48 9 228
48 10 33
48 11 248
48 12 238
48 13 144
48 14 208
48 15 209
48 16 250
48 17 180
48 18 293
48 19 117
48 20 36
48 21 143
48 22 209
48 23 195
48 24 71
48 25 262
48 26 41
48 27 230
48 28 273
48 29 273
48 30 189
48 31 38
48 32 197
48 33 250
48 34 174
48 35 34
48 36 138
48 37 86
48 38 256
48 39 167
48 40 244
48 41 130
48 42 231
48 43 65
48 44 144
48 45 203
48 46 286
48 47 71
48 49 238
48 50 103
48 51 239
48 52 249
48 53 37
48 54 217
48 55 162
48 56 268
48 57 98
48 58 291
48 59 121
48 60 126
48 61 294
48 62 256
48 63 243
48 64 138
48 65 179
48 66 193
48 67 222
48 68 255
48 69 289
48 70 164
48 71 165
48 72 194
48 73 191
48 74 256
48 75 170
48 76 86
48 77 178
48 78 260
48 79 265
48 80 215
48 81 63
48 82 294
48 83 149
48 84 211
48 85 119
48 86 294
48 87 88
48 88 86
48 89 296
48 90 248
48 91 178
48 92 152
48 93 72
48 94 76
48 95 108
48 96 249
48 97 258
48 98 216
48 99 177
49 1 31
49 2 149
49 3 54
49 4 227
49 5 140
49 6 144
49 7 293
49 8 200
49 9 270
49 10 36
49 11 196
49 12 92
49 13 161
49 14 254
49 15 237
49 16 48
49 17 209
49 18 215
49 19 124
49 20 53
49 21 51
49 22 270
49 23 107
49 24 204
49 25 205
49 26 282
49 27 92
49 28 133
49 29 233
49 30 227
49 31 33
49 32 158
49 33 63
49 34 295
49 35 72
49 36 202
49 37 105
49 38 205
49 39 237
49 40 224
49 41 100
49 42 223
49 43 30
49 44 155
49 45 229
49 46 287
49 47 255
49 48 238
49 50 185
49 51 43
49 52 229
49 53 158
49 54 237
49 55 97
49 56 184
49 57 88
49 58 193
49 59 162
49 60 231
49 61 87
49 62 285
49 63 211
49 64 257
49 65 138
49 66 228
49 67 260
49 68 111
49 69 140
49 70 53
49 71 271
49 72 69
49 73 255
49 74 136
49 75 271
49 76 224
49 77 135
49 78 221
49 79 91
49 80 166
49 81 298
49 82 142
49 83 153
49 84 276
49 85 164
49 86 113
49 87 287
49 88 123
49 89 231
49 90 38
49 91 199
49 92 127
49 93 30
49 94 68
49 95 77
49 96 210
49 97 175
49 98 62
49 99 217
50 1 58
50 2 87
50 3 224
50 4 121
50 5 269
50 6 175
50 7 41
50 8 68
50 9 268
50 10 244
50 11 176
50 12 63
50 13 80
50 14 143
50 15 127
50 16 42
50 17 92
50 18 200
50 19 80
50 20 128
50 21 162
50 22 119
50 23 122
50 24 70
50 25 222
50 26 59
50 27 295
50 28 98
50 29 242
50 30 106
50 31 255
50 32 138
50 33 90
50 34 271
50 35 91
50 36 165
50 37 68
50 38 122
50 39 124
50 40 213
50 41 96
50 42 63
50 43 64
50 44 271
50 45 143
50 46 300
50 47 140
50 48 103
50 49 185
50 51 30
50 52 88
50 53 291
50 54 100
50 55 100
50 56 59
50 57 55
50 58 115
50 59 111
50 60 104
50 61 172
50 62 214
50 63 235
50 64 97
50 65 52
50 66 199
50 67 269
50 68 298
50 69 174
50 70 152
50 71 198
50 72 277
50 73 155
50 74 131
50 75 109
50 76 151
50 77 217
50 78 180
50 79 178
50 80 274
50 81 240
50 82 295
50 83 190
50 84 243
50 85 272
50 86 229
50 87 156
50 88 156
50 89 88
50 90 146
50 91 296
50 92 57
50 93 96
50 94 240
50 95 52
50 96 145
50 97 195
50 98 214
50 99 181
51 1 131
51 2 37
51 3 137
51 4 92
51 5 225
51 6 298
51 7 118
51 8 263
51 9 90
51 10 112
51 11 133
51 12 134
51 13 184
51 14 125
51 15 247
51 16 241
51 17 215
51 18 256
51 19 51
51 20 220
51 21 200
51 22 267
51 23 251
51 24 52
51 25 82
51 26 271
51 27 225
51 28 160
51 29 197
51 30 126
51 31 211
51 32 104
51 33 246
51 34 290
51 35 103
51 36 200
51 37 161
51 38 123
51 39 88
51 40 72
51 41 253
51 42 204
51 43 107
51 44 162
51 45 243
51 46 296
51 47 189
51 48 239
51 49 43
51 50 30
51 52 293
51 53 227
51 54 255
51 55 123
51 56 181
51 57 164
51 58 190
51 59 189
51 60 194
51 61 221
51 62 189
51 63 211
51 64 297
51 65 214
51 66 72
51 67 194
51 68 34
51 69 171
51 70 276
51 71 58
51 72 207
51 73 270
51 74 211
51 75 65
51 76 101
51 77 187
51 78 259
51 79 202
51 80 292
51 81 253
51 82 165
51 83 289
51 84 109
51 85 75
51 86 81
51 87 294
51 88 227
51 89 120
51 90 291
51 91 130
51 92 284
51 93 144
51 94 206
51 95 233
51 96 179
51 97 237
51 98 278
51 99 160
52 1 299
52 2 166
52 3 243
52 4 89
52 5 225
52 6 193
52 7 188
52 8 92
52 9 34
52 10 290
52 11 171
52 12 195
52 13 255
52 14 117
52 15 96
52 16 161
52 17 209
52 18 233
52 19 102
52 20 213
52 21 165
52 22 190
52 23 116
52 24 71
52 25 254
52 26 171
52 27 36
52 28 137
52 29 53
52 30 63
52 31 31
52 32 163
52 33 162
52 34 127
52 35 143
52 36 234
52 37 218
52 38 87
52 39 205
52 40 75
52 41 127
52 42 66
52 43 123
52 44 236
52 45 59
52 46 134
52 47 276
52 48 249
52 49 229
52 50 88
52 51 293
52 53 97
52 54 151
52 55 42
52 56 125
52 57 183
52 58 151
52 59 135
52 60 90
52 61 77
52 62 215
52 63 99
52 64 280
52 65 87
52 66 87
52 67 193
52 68 99
52 69 39
52 70 135
52 71 271
52 72 84
52 73 41
52 74 136
52 75 270
52 76 103
52 77 110
52 78 199
52 79 269
52 80 244
52 81 236
52 82 53
52 83 196
52 84 162
52 85 229
52 86 270
52 87 58
52 88 75
52 89 225
52 90 85
52 91 93
52 92 183
52 93 229
52 94 106
52 95 100
52 96 64
52 97 241
52 98 278
52 99 231
53 1 47
53 2 33
53 3 129
53 4 205
53 5 73
53 6 33
53 7 33
53 8 46
53 9 190
53 10 300
53 11 286
53 12 49
53 13 206
53 14 276
53 15 272
53 16 278
53 17 186
53 18 97
53 19 209
53 20 209
53 21 223
53 22 55
53 23 144
53 24 90
53 25 187
53 26 152
53 27 161
53 28 250
53 29 204
53 30 110
53 31 143
53 32 136
53 33 103
53 34 242
53 35 147
53 36 266
53 37 153
53 38 49
53 39 199
53 40 252
53 41 193
53 42 183
53 43 135
53 44 286
53 45 31
53 46 81
53 47 291
53 48 37
53 49 158
53 50 291
53 51 227
53 52 97
53 54 258
53 55 175
53 56 171
53 57 117
53 58 159
53 59 47
53 60 111
53 61 177
53 62 269
53 63 148
53 64 73
53 65 189
53 66 77
53 67 119
53 68 189
53 69 136
53 70 270
53 71 228
53 72 212
53 73 183
53 74 166
53 75 107
53 76 38
53 77 84
53 78 248
53 79 107
53 80 90
53 81 218
53 82 224
53 83 209
53 84 155
53 85 97
53 86 148
53 87 284
53 88 163
53 89 200
53 90 86
53 91 135
53 92 244
53 93 145
53 94 36
53 95 268
53 96 138
53 97 94
53 98 117
53 99 70
54 1 75
54 2 187
54 3 150
54 4 164
54 5 67
54 6 178
54 7 58
54 8 80
54 9 294
54 10 267
54 11 260
54 12 141
54 13 213
54 14 190
54 15 39
54 16 262
54 17 149
54 18 260
54 19 182
54 20 266
54 21 70
54 22 109
54 23 209
54 24 108
54 25 286
54 26 76
54 27 38
54 28 176
54 29 146
54 30 141
54 31 202
54 32 114
54 33 240
54 34 156
54 35 252
54 36 238
54 37 106
54 38 287
54 39 229
54 40 165
54 41 160
54 42 69
54 43 272
54 44 217
54 45 163
54 46 226
54 47 60
54 48 217
54 49 237
54 50 100
54 51 255
54 52 151
54 53 258
54 55 132
54 56 175
54 57 158
54 58 42
54 59 193
54 60 167
54 61 174
54 62 263
54 63 186
54 64 113
54 65 291
54 66 96
54 67 96
54 68 38
54 69 231
54 70 214
54 71 72
54 72 99
54 73 91
54 74 95
54 75 286
54 76 207
54 77 113
54 78 50
54 79 272
54 80 279
54 81 76
54 82 294
54 83 134
54 84 243
54 85 285
54 86 37
54 87 155
54 88 284
54 89 56
54 90 100
54 91 163
54 92 65
54 93 200
54 94 70
54 95 253
54 96 162
54 97 73
54 98 91
54 99 256
55 1 238
55 2 235
55 3 40
55 4 50
55 5 82
55 6 149
55 7 43
55 8 269
55 9 130
55 10 243
55 11 231
55 12 129
55 13 280
55 14 106
55 15 272
55 16 294
55 17 298
55 18 161
55 19 294
55 20 92
55 21 174
55 22 227
55 23 151
55 24 127
55 25 58
55 26 269
55 27 133
55 28 182
55 29 159
55 30 154
55 31 283
55 32 267
55 33 213
55 34 266
55 35 114
55 36 193
55 37 202
55 38 149
55 39 218
55 40 187
55 41 180
55 42 207
55 43 93
55 44 198
55 45 201
55 46 272
55 47 248
55 48 162
55 49 97
55 50 100
55 51 123
55 52 42
55 53 175
55 54 132
55 56 48
55 57 49
55 58 270
55 59 120
55 60 217
55 61 201
55 62 143
55 63 49
55 64 173
55 65 108
55 66 58
55 67 182
55 68 145
55 69 50
55 70 199
55 71 129
55 72 196
55 73 153
55 74 60
55 75 187
55 76 69
55 77 254
55 78 70
55 79 132
55 80 108
55 81 267
55 82 171
55 83 92
55 84 283
55 85 243
55 86 135
55 87 134
55 88 130
55 89 120
55 90 218
55 91 300
55 92 283
55 93 184
55 94 98
55 95 198
55 96 57
55 97 157
55 98 126
55 99 90
56 1 295
56 2 60
56 3 298
56 4 246
56 5 215
56 6 180
56 7 226
56 8 142
56 9 127
56 10 142
56 11 131
56 12 228
56 13 285
56 14 246
56 15 233
56 16 248
56 17 42
56 18 117
56 19 161
56 20 82
56 21 99
56 22 276
56 23 294
56 24 291
56 25 221
56 26 282
56 27 101
56 28 183
56 29 269
56 30 103
56 31 155
56 32 107
56 33 284
56 34 160
56 35 102
56 36 184
56 37 147
56 38 206
56 39 125
56 40 178
56 41 119
56 42 200
56 43 289
56 44 298
56 45 34
56 46 201
56 47 229
56 48 268
56 49 184
56 50 59
56 51 181
56 52 125
56 53 171
56 54 175
56 55 48
56 57 160
56 58 142
56 59 84
56 60 172
56 61 283
56 62 67
56 63 225
56 64 194
56 65 75
56 66 208
56 67 223
56 68 68
56 69 117
56 70 38
56 71 209
56 72 254
56 73 151
56 74 88
56 75 84
56 76 98
56 77 32
56 78 126
56 79 199
56 80 268
56 81 41
56 82 183
56 83 170
56 84 47
56 85 143
56 86 140
56 87 214
56 88 275
56 89 243
56 90 161
56 91 282
56 92 219
56 93 267
56 94 110
56 95 241
56 96 245
56 97 233
56 98 134
56 99 173
57 1 123
57 2 266
57 3 280
57 4 232
57 5 40
57 6 196
57 7 193
57 8 60
57 9 70
57 10 243
57 11 135
57 12 179
57 13 296
57 14 228
57 15 110
57 16 33
57 17 200
57 18 291
57 19 287
57 20 53
57 21 80
57 22 215
57 23 210
57 24 249
57 25 207
57 26 64
57 27 191
57 28 50
57 29 233
57 30 38
57 31 83
57 32 186
57 33 119
57 34 209
57 35 125
57 36 291
57 37 94
57 38 52
57 39 269
57 40 300
57 41 167
57 42 50
57 43 66
57 44 120
57 45 296
57 46 65
57 47 169
57 48 98
57 49 88
57 50 55
57 51 164
57 52 183
57 53 117
57 54 158
57 55 49
57 56 160
57 58 127
57 59 147
57 60 38
57 61 163
57 62 43
57 63 102
57 64 150
57 65 38
57 66 229
57 67 289
57 68 280
57 69 183
57 70 192
57 71 235
57 72 128
57 73 281
57 74 59
57 75 141
57 76 59
57 77 249
57 78 37
57 79 174
57 80 33
57 81 240
57 82 170
57 83 190
57 84 161
57 85 36
57 86 205
57 87 49
57 88 286
57 89 118
57 90 222
57 91 284
57 92 57
57 93 217
57 94 261
57 95 294
57 96 203
57 97 79
57 98 276
57 99 230
58 1 298
58 2 132
58 3 99
58 4 115
58 5 257
58 6 40
58 7 214
58 8 128
58 9 90
58 10 163
58 11 165
58 12 249
58 13 106
58 14 266
58 15 236
58 16 213
58 17 203
58 18 200
58 19 123
58 20 283
58 21 276
58 22 285
58 23 71
58 24 246
58 25 72
58 26 58
58 27 221
58 28 78
58 29 136
58 30 211
58 31 261
58 32 55
58 33 256
58 34 60
58 35 191
58 36 266
58 37 147
58 38 75
58 39 92
58 40 237
58 41 44
58 42 193
58 43 81
58 44 211
58 45 189
58 46 100
58 47 44
58 48 291
58 49 193
58 50 115
58 51 190
58 52 151
58 53 159
58 54 42
58 55 270
58 56 142
58 57 127
58 59 241
58 60 293
58 61 206
58 62 159
58 63 135
58 64 221
58 65 74
58 66 238
58 67 141
58 68 205
58 69 133
58 70 69
58 71 46
58 72 210
58 73 159
58 74 262
58 75 240
58 76 178
58 77 108
58 78 297
58 79 229
58 80 208
58 81 184
58 82 259
58 83 157
58 84 114
58 85 108
58 86 186
58 87 273
58 88 186
58 89 94
58 90 264
58 91 44
58 92 298
58 93 222
58 94 135
58 95 212
58 96 100
58 97 56
58 98 214
58 99 225
59 1 274
59 2 54
59 3 138
59 4 170
59 5 36
59 6 59
59 7 152
59 8 38
59 9 224
59 10 145
59 11 274
59 12 234
59 13 249
59 14 42
59 15 114
59 16 182
59 17 156
59 18 183
59 19 132
59 20 128
59 21 126
59 22 187
59 23 66
59 24 50
59 25 220
59 26 257
59 27 300
59 28 42
59 29 291
59 30 258
59 31 188
59 32 300
59 33 54
59 34 46
59 35 213
59 36 207
59 37 251
59 38 94
59 39 250
59 40 146
59 41 285
59 42 188
59 43 194
59 44 162
59 45 219
59 46 264
59 47 164
59 48 121
59 49 162
59 50 111
59 51 189
59 52 135
59 53 47
59 54 193
59 55 120
59 56 84
59 57 147
59 58 241
59 60 130
59 61 233
59 62 73
59 63 202
59 64 41
59 65 267
59 66 152
59 67 146
59 68 113
59 69 207
59 70 258
59 71 237
59 72 199
59 73 189
59 74 298
59 75 100
59 76 39
59 77 107
59 78 297
59 79 198
59 80 105
59 81 196
59 82 231
59 83 191
59 84 295
59 85 194
59 86 295
59 87 191
59 88 59
59 89 78
59 90 195
59 91 279
59 92 138
59 93 215
59 94 227
59 95 40
59 96 181
59 97 82
59 98 136
59 99 88
60 1 253
60 2 90
60 3 159
60 4 269
60 5 203
60 6 110
60 7 94
60 8 84
60 9 185
60 10 259
60 11 193
60 12 63
60 13 262
60 14 88
60 15 241
60 16 214
60 17 280
60 18 54
60 19 64
60 20 162
60 21 277
60 22 78
60 23 159
60 24 207
60 25 203
60 26 121
60 27 119
60 28 67
60 29 192
60 30 220
60 31 196
60 32 41
60 33 97
60 34 112
60 35 88
60 36 116
60 37 85
60 38 115
60 39 31
60 40 206
60 41 218
60 42 89
60 43 236
60 44 143
60 45 265
60 46 223
60 47 90
60 48 126
60 49 231
60 50 104
60 51 194
60 52 90
60 53 111
60 54 167
60 55 217
60 56 172
60 57 38
60 58 293
60 59 130
60 61 286
60 62 147
60 63 106
60 64 166
60 65 188
60 66 234
60 67 55
60 68 151
60 69 133
60 70 75
60 71 77
60 72 74
60 73 191
60 74 280
60 75 198
60 76 243
60 77 132
60 78 50
60 79 225
60 80 40
60 81 273
60 82 152
60 83 142
60 84 122
60 85 47
60 86 299
60 87 37
60 88 267
60 89 101
60 90 189
60 91 51
60 92 114
60 93 140
60 94 31
60 95 209
60 96 210
60 97 242
60 98 140
60 99 37
61 1 222
61 2 289
61 3 280
61 4 220
61 5 205
61 6 207
61 7 199
61 8 83
61 9 186
61 10 173
61 11 155
61 12 142
61 13 118
61 14 50
61 15 173
61 16 184
61 17 49
61 18 51
61 19 281
61 20 121
61 21 126
61 22 88
61 23 126
61 24 263
61 25 73
61 26 156
61 27 281
61 28 98
61 29 281
61 30 237
61 31 98
61 32 197
61 33 44
61 34 32
61 35 284
61 36 299
61 37 264
61 38 63
61 39 196
61 40 149
61 41 233
61 42 61
61 43 223
61 44 32
61 45 171
61 46 252
61 47 56
61 48 294
61 49 87
61 50 172
61 51 221
61 52 77
61 53 177
61 54 174
61 55 201
61 56 283
61 57 163
61 58 206
61 59 233
61 60 286
61 62 214
61 63 260
61 64 299
61 65 196
61 66 182
61 67 33
61 68 147
61 69 34
61 70 112
61 71 191
61 72 50
61 73 199
61 74 178
61 75 36
61 76 116
61 77 212
61 78 298
61 79 60
61 80 289
61 81 61
61 82 86
61 83 134
61 84 214
61 85 107
61 86 97
61 87 236
61 88 191
61 89 289
61 90 127
61 91 61
61 92 135
61 93 230
61 94 217
61 95 41
61 96 251
61 97 106
61 98 72
61 99 199
62 1 236
62 2 241
62 3 245
62 4 278
62 5 107
62 6 81
62 7 188
62 8 191
62 9 163
62 10 150
62 11 181
62 12 141
62 13 70
62 14 298
62 15 261
62 16 189
62 17 289
62 18 218
62 19 157
62 20 271
62 21 32
62 22 166
62 23 235
62 24 288
62 25 248
62 26 151
62 27 238
62 28 225
62 29 273
62 30 199
62 31 187
62 32 90
62 33 161
62 34 47
62 35 85
62 36 181
62 37 227
62 38 150
62 39 262
62 40 299
62 41 90
62 42 219
62 43 187
62 44 73
62 45 299
62 46 228
62 47 128
62 48 256
62 49 285
62 50 214
62 51 189
62 52 215
62 53 269
62 54 263
62 55 143
62 56 67
62 57 43
62 58 159
62 59 73
62 60 147
62 61 214
62 63 215
62 64 127
62 65 168
62 66 90
62 67 250
62 68 205
62 69 263
62 70 197
62 71 298
62 72 137
62 73 80
62 74 173
62 75 83
62 76 35
62 77 198
62 78 101
62 79 63
62 80 283
62 81 160
62 82 138
62 83 152
62 84 177
62 85 122
62 86 219
62 87 249
62 88 56
62 89 191
62 90 204
62 91 100
62 92 104
62 93 141
62 94 230
62 95 168
62 96 141
62 97 94
62 98 286
62 99 64
63 1 286
63 2 132
63 3 174
63 4 137
63 5 268
63 6 62
63 7 149
63 8 152
63 9 214
63 10 297
63 11 252
63 12 274
63 13 170
63 14 98
63 15 61
63 16 65
63 17 50
63 18 175
63 19 98
63 20 191
63 21 64
63 22 189
63 23 76
63 24 100
63 25 216
63 26 91
63 27 225
63 28 190
63 29 140
63 30 120
63 31 68
63 32 247
63 33 252
63 34 106
63 35 236
63 36 217
63 37 147
63 38 97
63 39 152
63 40 255
63 41 191
63 42 204
63 43 120
63 44 37
63 45 286
63 46 249
63 47 161
63 48 243
63 49 211
63 50 235
63 51 211
63 52 99
63 53 148
63 54 186
63 55 49
63 56 225
63 57 102
63 58 135
63 59 202
63 60 106
63 61 260
63 62 215
63 64 268
63 65 114
63 66 237
63 67 112
63 68 151
63 69 50
63 70 144
63 71 297
63 72 190
63 73 267
63 74 235
63 75 81
63 76 209
63 77 234
63 78 127
63 79 80
63 80 279
63 81 181
63 82 124
63 83 98
63 84 237
63 85 221
63 86 109
63 87 43
63 88 107
63 89 288
63 90 203
63 91 238
63 92 62
63 93 293
63 94 90
63 95 90
63 96 281
63 97 185
63 98 137
63 99 48
64 1 299
64 2 220
64 3 30
64 4 209
64 5 45
64 6 66
64 7 102
64 8 289
64 9 37
64 10 234
64 11 236
64 12 223
64 13 73
64 14 69
64 15 85
64 16 100
64 17 186
64 18 90
64 19 190
64 20 236
64 21 187
64 22 78
64 23 57
64 24 236
64 25 222
64 26 229
64 27 234
64 28 65
64 29 178
64 30 128
64 31 226
64 32 256
64 33 242
64 34 291
64 35 120
64 36 156
64 37 90
64 38 181
64 39 275
64 40 49
64 41 281
64 42 184
64 43 197
64 44 79
64 45 118
64 46 160
64 47 246
64 48 138
64 49 257
64 50 97
64 51 297
64 52 280
64 53 73
64 54 113
64 55 173
64 56 194
64 57 150
64 58 221
64 59 41
64 60 166
64 61 299
64 62 127
64 63 268
64 65 34
64 66 168
64 67 237
64 68 39
64 69 285
64 70 266
64 71 54
64 72 86
64 73 174
64 74 108
64 75 200
64 76 203
64 77 184
64 78 145
64 79 110
64 80 252
64 81 80
64 82 106
64 83 275
64 84 148
64 85 134
64 86 83
64 87 299
64 88 167
64 89 283
64 90 189
64 91 122
64 92 240
64 93 170
64 94 253
64 95 285
64 96 247
64 97 300
64 98 143
64 99 259
65 1 115
65 2 159
65 3 293
65 4 51
65 5 250
65 6 142
65 7 200
65 8 62
65 9 120
65 10 41
65 11 70
65 12 295
65 13 91
65 14 34
65 15 159
65 16 264
65 17 134
65 18 238
65 19 56
65 20 89
65 21 209
65 22 243
65 23 295
65 24 135
65 25 287
65 26 277
65 27 78
65 28 98
65 29 293
65 30 63
65 31 33
65 32 158
65 33 268
65 34 112
65 35 74
65 36 284
65 37 63
65 38 263
65 39 186
65 40 288
65 41 213
65 42 181
65 43 39
65 44 156
65 45 32
65 46 265
65 47 108
65 48 179
65 49 138
65 50 52
65 51 214
65 52 87
65 53 189
65 54 291
65 55 108
65 56 75
65 57 38
65 58 74
65 59 267
65 60 188
65 61 196
65 62 168
65 63 114
65 64 34
65 66 133
65 67 64
65 68 178
65 69 112
65 70 42
65 71 188
65 72 207
65 73 130
65 74 293
65 75 126
65 76 281
65 77 300
65 78 271
65 79 260
65 80 122
65 81 258
65 82 288
65 83 205
65 84 265
65 85 172
65 86 117
65 87 159
65 88 205
65 89 88
65 90 61
65 91 222
65 92 71
65 93 231
65 94 276
65 95 182
65 96 135
65 97 191
65 98 216
65 99 72
66 1 242
66 2 98
66 3 68
66 4 137
66 5 209
66 6 192
66 7 221
66 8 121
66 9 147
66 10 188
66 11 87
66 12 255
66 13 50
66 14 258
66 15 223
66 16 170
66 17 126
66 18 76
66 19 197
66 20 129
66 21 253
66 22 38
66 23 74
66 24 90
66 25 210
66 26 231
66 27 151
66 28 142
66 29 222
66 30 97
66 31 137
66 32 128
66 33 210
66 34 278
66 35 63
66 36 259
66 37 194
66 38 176
66 39 264
66 40 268
66 41 36
66 42 223
66 43 111
66 44 76
66 45 246
66 46 83
66 47 212
66 48 193
66 49 228
66 50 199
66 51 72
66 52 87
66 53 77
66 54 96
66 55 58
66 56 208
66 57 229
66 58 238
66 59 152
66 60 234
66 61 182
66 62 90
66 63 237
66 64 168
66 65 133
66 67 45
66 68 63
66 69 97
66 70 70
66 71 277
66 72 107
66 73 227
66 74 191
66 75 109
66 76 78
66 77 275
66 78 43
66 79 165
66 80 170
66 81 277
66 82 113
66 83 231
66 84 40
66 85 99
66 86 121
66 87 176
66 88 122
66 89 114
66 90 209
66 91 91
66 92 47
66 93 137
66 94 121
66 95 241
66 96 45
66 97 225
66 98 190
66 99 134
67 1 36
67 2 217
67 3 127
67 4 252
67 5 234
67 6 221
67 7 243
67 8 291
67 9 71
67 10 205
67 11 251
67 12 78
67 13 250
67 14 296
67 15 79
67 16 226
67 17 94
67 18 43
67 19 61
67 20 58
67 21 149
67 22 276
67 23 248
67 24 54
67 25 209
67 26 297
67 27 152
67 28 225
67 29 66
67 30 137
67 31 248
67 32 289
67 33 88
67 34 30
67 35 55
67 36 111
67 37 251
67 38 128
67 39 197
67 40 170
67 41 60
67 42 90
67 43 230
67 44 171
67 45 299
67 46 206
67 47 165
67 48 222
67 49 260
67 50 269
67 51 194
67 52 193
67 53 119
67 54 96
67 55 182
67 56 223
67 57 289
67 58 141
67 59 146
67 60 55
67 61 33
67 62 250
67 63 112
67 64 237
67 65 64
67 66 45
67 68 34
67 69 136
67 70 185
67 71 153
67 72 127
67 73 77
67 74 283
67 75 279
67 76 295
67 77 199
67 78 258
67 79 227
67 80 83
67 81 166
67 82 258
67 83 294
67 84 76
67 85 86
67 86 101
67 87 116
67 88 140
67 89 139
67 90 78
67 91 233
67 92 88
67 93 48
67 94 224
67 95 145
67 96 178
67 97 208
67 98 223
67 99 142
68 1 154
68 2 141
68 3 292
68 4 249
68 5 260
68 6 54
68 7 41
68 8 266
68 9 44
68 10 155
68 11 96
68 12 200
68 13 267
68 14 176
68 15 119
68 16 123
68 17 191
68 18 259
68 19 188
68 20 61
68 21 75
68 22 200
68 23 296
68 24 226
68 25 300
68 26 203
68 27 97
68 28 41
68 29 107
68 30 218
68 31 202
68 32 290
68 33 59
68 34 50
68 35 77
68 36 162
68 37 265
68 38 205
68 39 98
68 40 161
68 41 188
68 42 267
68 43 198
68 44 283
68 45 215
68 46 59
68 47 283
68 48 255
68 49 111
68 50 298
68 51 34
68 52 99
68 53 189
68 54 38
68 55 145
68 56 68
68 57 280
68 58 205
68 59 113
68 60 151
68 61 147
68 62 205
68 63 151
68 64 39
68 65 178
68 66 63
68 67 34
68 69 271
68 70 136
68 71 34
68 72 43
68 73 95
68 74 154
68 75 279
68 76 85
68 77 284
68 78 209
68 79 173
68 80 169
68 81 276
68 82 39
68 83 223
68 84 87
68 85 45
68 86 210
68 87 45
68 88 52
68 89 133
68 90 173
68 91 57
68 92 141
68 93 94
68 94 102
68 95 89
68 96 217
68 97 123
68 98 103
68 99 166
69 1 233
69 2 226
69 3 121
69 4 252
69 5 112
69 6 227
69 7 278
69 8 204
69 9 249
69 10 284
69 11 254
69 12 295
69 13 266
69 14 205
69 15 278
69 16 144
69 17 216
69 18 145
69 19 120
69 20 180
69 21 133
69 22 278
69 23 260
69 24 131
69 25 39
69 26 255
69 27 110
69 28 161
69 29 136
69 30 47
69 31 131
69 32 151
69 33 101
69 34 296
69 35 76
69 36 257
69 37 216
69 38 215
69 39 255
69 40 173
69 41 160
69 42 234
69 43 252
69 44 246
69 45 259
69 46 182
69 47 75
69 48 289
69 49 140
69 50 174
69 51 171
69 52 39
69 53 136
69 54 231
69 55 50
69 56 117
69 57 183
69 58 133
69 59 207
69 60 133
69 61 34
69 62 263
69 63 50
69 64 285
69 65 112
69 66 97
69 67 136
69 68 271
69 70 139
69 71 35
69 72 161
69 73 130
69 74 120
69 75 69
69 76 174
69 77 72
69 78 51
69 79 265
69 80 189
69 81 76
69 82 134
69 83 116
69 84 82
69 85 138
69 86 126
69 87 165
69 88 39
69 89 48
69 90 105
69 91 244
69 92 208
69 93 111
69 94 289
69 95 164
69 96 298
69 97 139
69 98 164
69 99 134
70 1 146
70 2 55
70 3 190
70 4 264
70 5 50
70 6 264
70 7 242
70 8 79
70 9 98
70 10 233
70 11 231
70 12 201
70 13 280
70 14 290
70 15 54
70 16 88
70 17 135
70 18 240
70 19 161
70 20 123
70 21 256
70 22 74
70 23 108
70 24 282
70 25 131
70 26 243
70 27 227
70 28 238
70 29 46
70 30 153
70 31 148
70 32 31
70 33 225
70 34 31
70 35 219
70 36 84
70 37 73
70 38 279
70 39 282
70 40 130
70 41 180
70 42 102
70 43 35
70 44 56
70 45 90
70 46 282
70 47 81
70 48 164
70 49 53
70 50 152
70 51 276
70 52 135
70 53 270
70 54 214
70 55 199
70 56 38
70 57 192
70 58 69
70 59 258
70 60 75
70 61 112
70 62 197
70 63 144
70 64 266
70 65 42
70 66 70
70 67 185
70 68 136
70 69 139
70 71 273
70 72 89
70 73 233
70 74 112
70 75 108
70 76 101
70 77 109
70 78 182
70 79 176
70 80 183
70 81 90
70 82 50
70 83 67
70 84 295
70 85 90
70 86 106
70 87 250
70 88 187
70 89 130
70 90 109
70 91 62
70 92 268
70 93 260
70 94 234
70 95 66
70 96 91
70 97 291
70 98 180
70 99 30
71 1 95
71 2 113
71 3 35
71 4 249
71 5 100
71 6 258
71 7 36
71 8 295
71 9 277
71 10 230
71 11 121
71 12 239
71 13 168
71 14 227
71 15 259
71 16 114
71 17 198
71 18 32
71 19 280
71 20 240
71 21 205
71 22 118
71 23 195
71 24 191
71 25 242
71 26 180
71 27 185
71 28 270
71 29 227
71 30 99
71 31 146
71 32 266
71 33 185
71 34 200
71 35 66
71 36 139
71 37 211
71 38 66
71 39 47
71 40 211
71 41 68
71 42 269
71 43 97
71 44 118
71 45 66
71 46 125
71 47 265
71 48 165
71 49 271
71 50 198
71 51 58
71 52 271
71 53 228
71 54 72
71 55 129
71 56 209
71 57 235
71 58 46
71 59 237
71 60 77
71 61 191
71 62 298
71 63 297
71 64 54
71 65 188
71 66 277
71 67 153
71 68 34
71 69 35
71 70 273
71 72 49
71 73 110
71 74 283
71 75 132
71 76 118
71 77 295
71 78 148
71 79 269
71 80 272
71 81 55
71 82 175
71 83 234
71 84 203
71 85 115
71 86 49
71 87 269
71 88 212
71 89 85
71 90 165
71 91 198
71 92 53
71 93 171
71 94 200
71 95 86
71 96 221
71 97 242
71 98 249
71 99 151
72 1 183
72 2 82
72 3 244
72 4 209
72 5 92
72 6 61
72 7 106
72 8 53
72 9 46
72 10 149
72 11 93
72 12 101
72 13 174
72 14 158
72 15 151
72 16 32
72 17 127
72 18 219
72 19 31
72 20 229
72 21 53
72 22 128
72 23 93
72 24 223
72 25 255
72 26 56
72 27 277
72 28 282
72 29 228
72 30 209
72 31 299
72 32 210
72 33 186
72 34 272
72 35 120
72 36 36
72 37 171
72 38 219
72 39 217
72 40 86
72 41 31
72 42 257
72 43 92
72 44 192
72 45 131
72 46 131
72 47 296
72 48 194
72 49 69
72 50 277
72 51 207
72 52 84
72 53 212
72 54 99
72 55 196
72 56 254
72 57 128
72 58 210
72 59 199
72 60 74
72 61 50
72 62 137
72 63 190
72 64 86
72 65 207
72 66 107
72 67 127
72 68 43
72 69 161
72 70 89
72 71 49
72 73 198
72 74 242
72 75 264
72 76 193
72 77 246
72 78 47
72 79 229
72 80 161
72 81 154
72 82 261
72 83 152
72 84 184
72 85 219
72 86 171
72 87 292
72 88 175
72 89 82
72 90 91
72 91 273
72 92 297
72 93 239
72 94 190
72 95 236
72 96 197
72 97 247
72 98 253
72 99 288
73 1 122
73 2 73
73 3 219
73 4 185
73 5 152
73 6 232
73 7 87
73 8 237
73 9 70
73 10 176
73 11 159
73 12 169
73 13 72
73 14 186
73 15 246
73 16 178
73 17 186
73 18 241
73 19 283
73 20 56
73 21 50
73 22 53
73 23 285
73 24 195
73 25 142
73 26 158
73 27 51
73 28 134
73 29 121
73 30 183
73 31 93
73 32 171
73 33 63
73 34 195
73 35 104
73 36 140
73 37 173
73 38 34
73 39 290
73 40 238
73 41 286
73 42 244
73 43 85
73 44 156
73 45 170
73 46 63
73 47 260
73 48 191
73 49 255
73 50 155
73 51 270
73 52 41
73 53 183
73 54 91
73 55 153
73 56 151
73 57 281
73 58 159
73 59 189
73 60 191
73 61 199
73 62 80
73 63 267
73 64 174
73 65 130
73 66 227
73 67 77
73 68 95
73 69 130
73 70 233
73 71 110
73 72 198
73 74 260
73 75 87
73 76 59
73 77 158
73 78 278
73 79 87
73 80 207
73 81 253
73 82 285
73 83 163
73 84 186
73 85 140
73 86 155
73 87 234
73 88 171
73 89 33
73 90 276
73 91 207
73 92 144
73 93 58
73 94 66
73 95 108
73 96 177
73 97 169
73 98 286
73 99 296
74 1 120
74 2 183
74 3 83
74 4 132
74 5 251
74 6 244
74 7 152
74 8 264
74 9 247
74 10 66
74 11 148
74 12 228
74 13 45
74 14 238
74 15 295
74 16 56
74 17 233
74 18 107
74 19 114
74 20 96
74 21 204
74 22 108
74 23 282
74 24 111
74 25 42
74 26 274
74 27 264
74 28 97
74 29 223
74 30 229
74 31 53
74 32 274
74 33 217
74 34 51
74 35 225
74 36 96
74 37 201
74 38 275
74 39 56
74 40 134
74 41 191
74 42 163
74 43 200
74 44 88
74 45 71
74 46 103
74 47 52
74 48 256
74 49 136
74 50 131
74 51 211
74 52 136
74 53 166
74 54 95
74 55 60
74 56 88
74 57 59
74 58 262
74 59 298
74 60 280
74 61 178
74 62 173
74 63 235
74 64 108
74 65 293
74 66 191
74 67 283
74 68 154
74 69 120
74 70 112
74 71 283
74 72 242
74 73 260
74 75 258
74 76 289
74 77 239
74 78 165
74 79 73
74 80 258
74 81 110
74 82 48
74 83 85
74 84 176
74 85 125
74 86 265
74 87 269
74 88 118
74 89 239
74 90 186
74 91 65
74 92 186
74 93 294
74 94 267
74 95 34
74 96 235
74 97 57
74 98 294
74 99 77
75 1 53
75 2 134
75 3 71
75 4 153
75 5 180
75 6 227
75 7 248
75 8 55
75 9 49
75 10 294
75 11 286
75 12 236
75 13 194
75 14 75
75 15 278
75 16 262
75 17 90
75 18 69
75 19 193
75 20 116
75 21 118
75 22 233
75 23 109
75 24 147
75 25 122
75 26 227
75 27 292
75 28 58
75 29 104
75 30 155
75 31 180
75 32 110
75 33 298
75 34 95
75 35 209
75 36 293
75 37 241
75 38 32
75 39 211
75 40 81
75 41 115
75 42 199
75 43 295
75 44 250
75 45 241
75 46 283
75 47 155
75 48 170
75 49 271
75 50 109
75 51 65
75 52 270
75 53 107
75 54 286
75 55 187
75 56 84
75 57 141
75 58 240
75 59 100
75 60 198
75 61 36
75 62 83
75 63 81
75 64 200
75 65 126
75 66 109
75 67 279
75 68 279
75 69 69
75 70 108
75 71 132
75 72 264
75 73 87
75 74 258
75 76 118
75 77 196
75 78 111
75 79 188
75 80 148
75 81 59
75 82 100
75 83 126
75 84 135
75 85 162
75 86 114
75 87 220
75 88 81
75 89 96
75 90 135
75 91 288
75 92 100
75 93 80
75 94 92
75 95 244
75 96 252
75 97 277
75 98 266
75 99 126
76 1 294
76 2 184
76 3 238
76 4 134
76 5 292
76 6 211
76 7 56
76 8 129
76 9 75
76 10 236
76 11 144
76 12 142
76 13 210
76 14 218
76 15 289
76 16 202
76 17 151
76 18 163
76 19 106
76 20 234
76 21 57
76 22 286
76 23 123
76 24 145
76 25 272
76 26 137
76 27 193
76 28 40
76 29 40
76 30 117
76 31 73
76 32 251
76 33 232
76 34 241
76 35 46
76 36 45
76 37 131
76 38 101
76 39 204
76 40 122
76 41 101
76 42 119
76 43 227
76 44 261
76 45 213
76 46 203
76 47 273
76 48 86
76 49 224
76 50 151
76 51 101
76 52 103
76 53 38
76 54 207
76 55 69
76 56 98
76 57 59
76 58 178
76 59 39
76 60 243
76 61 116
76 62 35
76 63 209
76 64 203
76 65 281
76 66 78
76 67 295
76 68 85
76 69 174
76 70 101
76 71 118
76 72 193
76 73 59
76 74 289
76 75 118
76 77 149
76 78 229
76 79 225
76 80 190
76 81 37
76 82 106
76 83 240
76 84 60
76 85 123
76 86 150
76 87 282
76 88 221
76 89 260
76 90 104
76 91 105
76 92 170
76 93 262
76 94 92
76 95 170
76 96 137
76 97 296
76 98 181
76 99 222
77 1 69
77 2 227
77 3 35
77 4 182
77 5 234
77 6 141
77 7 118
77 8 97
77 9 86
77 10 223
77 11 300
77 12 257
77 13 199
77 14 243
77 15 227
77 16 220
77 17 193
77 18 36
77 19 70
77 20 297
77 21 136
77 22 59
77 23 254
77 24 100
77 25 95
77 26 277
77 27 89
77 28 60
77 29 181
77 30 85
77 31 51
77 32 190
77 33 290
77 34 279
77 35 222
77 36 39
77 37 241
77 38 65
77 39 121
77 40 176
77 41 227
77 42 268
77 43 247
77 44 66
77 45 229
77 46 86
77 47 260
77 48 178
77 49 135
77 50 217
77 51 187
77 52 110
77 53 84
77 54 113
77 55 254
77 56 32
77 57 249
77 58 108
77 59 107
77 60 132
77 61 212
77 62 198
77 63 234
77 64 184
77 65 300
77 66 275
77 67 199
77 68 284
77 69 72
77 70 109
77 71 295
77 72 246
77 73 158
77 74 239
77 75 196
77 76 149
77 78 195
77 79 111
77 80 261
77 81 194
77 82 179
77 83 39
77 84 194
77 85 123
77 86 214
77 87 110
77 88 45
77 89 181
77 90 197
77 91 207
77 92 166
77 93 145
77 94 248
77 95 267
77 96 165
77 97 64
77 98 168
77 99 30
78 1 288
78 2 93
78 3 233
78 4 68
78 5 96
78 6 194
78 7 71
78 8 91
78 9 296
78 10 70
78 11 131
78 12 250
78 13 251
78 14 284
78 15 70
78 16 226
78 17 32
78 18 222
78 19 50
78 20 231
78 21 262
78 22 182
78 23 84
78 24 66
78 25 78
78 26 254
78 27 203
78 28 110
78 29 65
78 30 100
78 31 216
78 32 254
78 33 75
78 34 267
78 35 171
78 36 219
78 37 270
78 38 263
78 39 136
78 40 235
78 41 257
78 42 88
78 43 278
78 44 63
78 45 56
78 46 101
78 47 260
78 48 260
78 49 221
78 50 180
78 51 259
78 52 199
78 53 248
78 54 50
78 55 70
78 56 126
78 57 37
78 58 297
78 59 297
78 60 50
78 61 298
78 62 101
78 63 127
78 64 145
78 65 271
78 66 43
78 67 258
78 68 209
78 69 51
78 70 182
78 71 148
78 72 47
78 73 278
78 74 165
78 75 111
78 76 229
78 77 195
78 79 241
78 80 92
78 81 193
78 82 256
78 83 144
78 84 106
78 85 177
78 86 138
78 87 108
78 88 61
78 89 276
78 90 81
78 91 202
78 92 96
78 93 216
78 94 95
78 95 183
78 96 176
78 97 72
78 98 144
78 99 154
79 1 141
79 2 255
79 3 228
79 4 70
79 5 211
79 6 108
79 7 82
79 8 110
79 9 256
79 10 120
79 11 167
79 12 149
79 13 217
79 14 63
79 15 270
79 16 133
79 17 283
79 18 229
79 19 93
79 20 230
79 21 169
79 22 228
79 23 167
79 24 81
79 25 150
79 26 109
79 27 245
79 28 67
79 29 138
79 30 79
79 31 256
79 32 166
79 33 151
79 34 264
79 35 295
79 36 58
79 37 296
79 38 216
79 39 287
79 40 263
79 41 255
79 42 90
79 43 100
79 44 285
79 45 287
79 46 131
79 47 281
79 48 265
79 49 91
79 50 178
79 51 202
79 52 269
79 53 107
79 54 272
79 55 132
79 56 199
79 57 174
79 58 229
79 59 198
79 60 225
79 61 60
79 62 63
79 63 80
79 64 110
79 65 260
79 66 165
79 67 227
79 68 173
79 69 265
79 70 176
79 71 269
79 72 229
79 73 87
79 74 73
79 75 188
79 76 225
79 77 111
79 78 241
79 80 57
79 81 126
79 82 242
79 83 252
79 84 126
79 85 114
79 86 227
79 87 114
79 88 147
79 89 96
79 90 63
79 91 258
79 92 146
79 93 292
79 94 234
79 95 63
79 96 35
79 97 100
79 98 110
79 99 174
80 1 288
80 2 296
80 3 253
80 4 167
80 5 298
80 6 168
80 7 101
80 8 270
80 9 36
80 10 96
80 11 33
80 12 55
80 13 53
80 14 212
80 15 96
80 16 163
80 17 252
80 18 269
80 19 91
80 20 249
80 21 89
80 22 106
80 23 41
80 24 134
80 25 116
80 26 73
80 27 178
80 28 190
80 29 291
80 30 180
80 31 78
80 32 40
80 33 169
80 34 155
80 35 64
80 36 245
80 37 202
80 38 242
80 39 227
80 40 284
80 41 216
80 42 259
80 43 297
80 44 278
80 45 161
80 46 244
80 47 62
80 48 215
80 49 166
80 50 274
80 51 292
80 52 244
80 53 90
80 54 279
80 55 108
80 56 268
80 57 33
80 58 208
80 59 105
80 60 40
80 61 289
80 62 283
80 63 279
80 64 252
80 65 122
80 66 170
80 67 83
80 68 169
80 69 189
80 70 183
80 71 272
80 72 161
80 73 207
80 74 258
80 75 148
80 76 190
80 77 261
80 78 92
80 79 57
80 81 84
80 82 52
80 83 50
80 84 136
80 85 48
80 86 200
80 87 205
80 88 103
80 89 256
80 90 125
80 91 66
80 92 231
80 93 299
80 94 131
80 95 51
80 96 149
80 97 157
80 98 147
80 99 135
81 1 74
81 2 56
81 3 73
81 4 272
81 5 71
81 6 175
81 7 171
81 8 216
81 9 165
81 10 38
81 11 174
81 12 134
81 13 274
81 14 186
81 15 44
81 16 69
81 17 114
81 18 124
81 19 264
81 20 211
81 21 39
81 22 83
81 23 163
81 24 184
81 25 253
81 26 281
81 27 202
81 28 78
81 29 152
81 30 259
81 31 220
81 32 210
81 33 50
81 34 249
81 35 236
81 36 200
81 37 297
81 38 169
81 39 128
81 40 245
81 41 88
81 42 221
81 43 260
81 44 137
81 45 120
81 46 86
81 47 55
81 48 63
81 49 298
81 50 240
81 51 253
81 52 236
81 53 218
81 54 76
81 55 267
81 56 41
81 57 240
81 58 184
81 59 196
81 60 273
81 61 61
81 62 160
81 63 181
81 64 80
81 65 258
81 66 277
81 67 166
81 68 276
81 69 76
81 70 90
81 71 55
81 72 154
81 73 253
81 74 110
81 75 59
81 76 37
81 77 194
81 78 193
81 79 126
81 80 84
81 82 178
81 83 51
81 84 193
81 85 240
81 86 145
81 87 177
81 88 297
81 89 62
81 90 225
81 91 108
81 92 174
81 93 33
81 94 154
81 95 223
81 96 252
81 97 206
81 98 83
81 99 188
82 1 50
82 2 80
82 3 188
82 4 56
82 5 60
82 6 99
82 7 148
82 8 208
82 9 225
82 10 215
82 11 31
82 12 164
82 13 210
82 14 127
82 15 281
82 16 76
82 17 43
82 18 154
82 19 242
82 20 236
82 21 216
82 22 69
82 23 257
82 24 99
82 25 290
82 26 216
82 27 133
82 28 82
82 29 103
82 30 268
82 31 197
82 32 76
82 33 192
82 34 147
82 35 264
82 36 48
82 37 186
82 38 33
82 39 297
82 40 137
82 41 118
82 42 223
82 43 94
82 44 238
82 45 86
82 46 205
82 47 254
82 48 294
82 49 142
82 50 295
82 51 165
82 52 53
82 53 224
82 54 294
82 55 171
82 56 183
82 57 170
82 58 259
82 59 231
82 60 152
82 61 86
82 62 138
82 63 124
82 64 106
82 65 288
82 66 113
82 67 258
82 68 39
82 69 134
82 70 50
82 71 175
82 72 261
82 73 285
82 74 48
82 75 100
82 76 106
82 77 179
82 78 256
82 79 242
82 80 52
82 81 178
82 83 238
82 84 282
82 85 173
82 86 201
82 87 231
82 88 247
82 89 191
82 90 255
82 91 151
82 92 232
82 93 118
82 94 223
82 95 47
82 96 247
82 97 287
82 98 33
82 99 220
83 1 172
83 2 119
83 3 101
83 4 266
83 5 71
83 6 295
83 7 256
83 8 72
83 9 83
83 10 46
83 11 228
83 12 275
83 13 288
83 14 98
83 15 75
83 16 165
83 17 109
83 18 237
83 19 121
83 20 152
83 21 133
83 22 256
83 23 154
83 24 185
83 25 205
83 26 104
83 27 243
83 28 84
83 29 174
83 30 143
83 31 227
83 32 46
83 33 225
83 34 46
83 35 153
83 36 53
83 37 224
83 38 90
83 39 223
83 40 177
83 41 222
83 42 264
83 43 99
83 44 232
83 45 156
83 46 81
83 47 143
83 48 149
83 49 153
83 50 190
83 51 289
83 52 196
83 53 209
83 54 134
83 55 92
83 56 170
83 57 190
83 58 157
83 59 191
83 60 142
83 61 134
83 62 152
83 63 98
83 64 275
83 65 205
83 66 231
83 67 294
83 68 223
83 69 116
83 70 67
83 71 234
83 72 152
83 73 163
83 74 85
83 75 126
83 76 240
83 77 39
83 78 144
83 79 252
83 80 50
83 81 51
83 82 238
83 84 32
83 85 45
83 86 85
83 87 84
83 88 266
83 89 57
83 90 56
83 91 93
83 92 263
83 93 228
83 94 285
83 95 262
83 96 103
83 97 169
83 98 185
83 99 289
84 1 219
84 2 118
84 3 175
84 4 161
84 5 249
84 6 121
84 7 89
84 8 79
84 9 141
84 10 47
84 11 295
84 12 71
84 13 151
84 14 73
84 15 260
84 16 193
84 17 55
84 18 92
84 19 99
84 20 157
84 21 169
84 22 228
84 23 172
84 24 274
84 25 287
84 26 96
84 27 221
84 28 224
84 29 227
84 30 117
84 31 230
84 32 105
84 33 245
84 34 159
84 35 122
84 36 50
84 37 69
84 38 256
84 39 183
84 40 187
84 41 71
84 42 45
84 43 144
84 44 105
84 45 77
84 46 256
84 47 140
84 48 211
84 49 276
84 50 243
84 51 109
84 52 162
84 53 155
84 54 243
84 55 283
84 56 47
84 57 161
84 58 114
84 59 295
84 60 122
84 61 214
84 62 177
84 63 237
84 64 148
84 65 265
84 66 40
84 67 76
84 68 87
84 69 82
84 70 295
84 71 203
84 72 184
84 73 186
84 74 176
84 75 135
84 76 60
84 77 194
84 78 106
84 79 126
84 80 136
84 81 193
84 82 282
84 83 32
84 85 148
84 86 74
84 87 137
84 88 295
84 89 167
84 90 47
84 91 102
84 92 75
84 93 293
84 94 138
84 95 224
84 96 32
84 97 66
84 98 104
84 99 107
85 1 92
85 2 184
85 3 88
85 4 202
85 5 209
85 6 110
85 7 268
85 8 252
85 9 31
85 10 145
85 11 197
85 12 53
85 13 135
85 14 278
85 15 106
85 16 208
85 17 203
85 18 85
85 19 174
85 20 254
85 21 171
85 22 233
85 23 177
85 24 300
85 25 90
85 26 150
85 27 114
85 28 107
85 29 275
85 30 300
85 31 224
85 32 189
85 33 266
85 34 148
85 35 217
85 36 72
85 37 279
85 38 113
85 39 42
85 40 65
85 41 290
85 42 293
85 43 204
85 44 90
85 45 173
85 46 43
85 47 103
85 48 119
85 49 164
85 50 272
85 51 75
85 52 229
85 53 97
85 54 285
85 55 243
85 56 143
85 57 36
85 58 108
85 59 194
85 60 47
85 61 107
85 62 122
85 63 221
85 64 134
85 65 172
85 66 99
85 67 86
85 68 45
85 69 138
85 70 90
85 71 115
85 72 219
85 73 140
85 74 125
85 75 162
85 76 123
85 77 123
85 78 177
85 79 114
85 80 48
85 81 240
85 82 173
85 83 45
85 84 148
85 86 87
85 87 142
85 88 117
85 89 80
85 90 92
85 91 216
85 92 140
85 93 63
85 94 285
85 95 153
85 96 183
85 97 143
85 98 133
85 99 187
86 1 260
86 2 177
86 3 92
86 4 255
86 5 53
86 6 115
86 7 39
86 8 291
86 9 209
86 10 92
86 11 201
86 12 251
86 13 204
86 14 62
86 15 284
86 16 212
86 17 298
86 18 266
86 19 136
86 20 168
86 21 171
86 22 108
86 23 132
86 24 39
86 25 236
86 26 67
86 27 89
86 28 204
86 29 39
86 30 124
86 31 255
86 32 141
86 33 65
86 34 36
86 35 90
86 36 166
86 37 38
86 38 136
86 39 281
86 40 270
86 41 258
86 42 68
86 43 117
86 44 256
86 45 70
86 46 207
86 47 266
86 48 294
86 49 113
86 50 229
86 51 81
86 52 270
86 53 148
86 54 37
86 55 135
86 56 140
86 57 205
86 58 186
86 59 295
86 60 299
86 61 97
86 62 219
86 63 109
86 64 83
86 65 117
86 66 121
86 67 101
86 68 210
86 69 126
86 70 106
86 71 49
86 72 171
86 73 155
86 74 265
86 75 114
86 76 150
86 77 214
86 78 138
86 79 227
86 80 200
86 81 145
86 82 201
86 83 85
86 84 74
86 85 87
86 87 235
86 88 197
86 89 245
86 90 136
86 91 300
86 92 285
86 93 179
86 94 187
86 95 147
86 96 65
86 97 238
86 98 245
86 99 287
87 1 188
87 2 78
87 3 236
87 4 277
87 5 102
87 6 77
87 7 263
87 8 60
87 9 265
87 10 160
87 11 156
87 12 140
87 13 194
87 14 226
87 15 181
87 16 45
87 17 200
87 18 118
87 19 107
87 20 73
87 21 283
87 22 288
87 23 192
87 24 153
87 25 218
87 26 215
87 27 133
87 28 244
87 29 179
87 30 99
87 31 147
87 32 65
87 33 39
87 34 147
87 35 121
87 36 181
87 37 159
87 38 179
87 39 150
87 40 129
87 41 74
87 42 63
87 43 280
87 44 185
87 45 166
87 46 204
87 47 164
87 48 88
87 49 287
87 50 156
87 51 294
87 52 58
87 53 284
87 54 155
87 55 134
87 56 214
87 57 49
87 58 273
87 59 191
87 60 37
87 61 236
87 62 249
87 63 43
87 64 299
87 65 159
87 66 176
87 67 116
87 68 45
87 69 165
87 70 250
87 71 269
87 72 292
87 73 234
87 74 269
87 75 220
87 76 282
87 77 110
87 78 108
87 79 114
87 80 205
87 81 177
87 82 231
87 83 84
87 84 137
87 85 142
87 86 235
87 88 174
87 89 159
87 90 131
87 91 54
87 92 214
87 93 248
87 94 121
87 95 68
87 96 178
87 97 218
87 98 58
87 99 272
88 1 57
88 2 214
88 3 105
88 4 236
88 5 155
88 6 128
88 7 115
88 8 140
88 9 142
88 10 165
88 11 280
88 12 46
88 13 120
88 14 142
88 15 58
88 16 51
88 17 39
88 18 221
88 19 151
88 20 175
88 21 55
88 22 40
88 23 170
88 24 67
88 25 196
88 26 156
88 27 102
88 28 162
88 29 190
88 30 137
88 31 274
88 32 103
88 33 291
88 34 174
88 35 207
88 36 170
88 37 263
88 38 183
88 39 154
88 40 278
88 41 168
88 42 285
88 43 182
88 44 85
88 45 287
88 46 143
88 47 160
88 48 86
88 49 123
88 50 156
88 51 227
88 52 75
88 53 163
88 54 284
88 55 130
88 56 275
88 57 286
88 58 186
88 59 59
88 60 267
88 61 191
88 62 56
88 63 107
88 64 167
88 65 205
88 66 122
88 67 140
88 68 52
88 69 39
88 70 187
88 71 212
88 72 175
88 73 171
88 74 118
88 75 81
88 76 221
88 77 45
88 78 61
88 79 147
88 80 103
88 81 297
88 82 247
88 83 266
88 84 295
88 85 117
88 86 197
88 87 174
88 89 254
88 90 41
88 91 83
88 92 296
88 93 230
88 94 49
88 95 140
88 96 242
88 97 199
88 98 300
88 99 240
89 1 42
89 2 117
89 3 114
89 4 234
89 5 236
89 6 239
89 7 293
89 8 258
89 9 212
89 10 64
89 11 270
89 12 126
89 13 96
89 14 188
89 15 146
89 16 91
89 17 166
89 18 274
89 19 230
89 20 298
89 21 209
89 22 171
89 23 42
89 24 113
89 25 252
89 26 182
89 27 125
89 28 78
89 29 85
89 30 186
89 31 187
89 32 30
89 33 120
89 34 48
89 35 40
89 36 69
89 37 84
89 38 63
89 39 217
89 40 275
89 41 43
89 42 67
89 43 246
89 44 119
89 45 264
89 46 180
89 47 56
89 48 296
89 49 231
89 50 88
89 51 120
89 52 225
89 53 200
89 54 56
89 55 120
89 56 243
89 57 118
89 58 94
89 59 78
89 60 101
89 61 289
89 62 191
89 63 288
89 64 283
89 65 88
89 66 114
89 67 139
89 68 133
89 69 48
89 70 130
89 71 85
89 72 82
89 73 33
89 74 239
89 75 96
89 76 260
89 77 181
89 78 276
89 79 96
89 80 256
89 81 62
89 82 191
89 83 57
89 84 167
89 85 80
89 86 245
89 87 159
89 88 254
89 90 234
89 91 282
89 92 213
89 93 82
89 94 120
89 95 182
89 96 128
89 97 206
89 98 228
89 99 280
90 1 62
90 2 273
90 3 235
90 4 46
90 5 64
90 6 279
90 7 64
90 8 139
90 9 179
90 10 299
90 11 214
90 12 56
90 13 286
90 14 176
90 15 277
90 16 168
90 17 66
90 18 215
90 19 182
90 20 43
90 21 149
90 22 55
90 23 160
90 24 81
90 25 231
90 26 129
90 27 105
90 28 111
90 29 181
90 30 288
90 31 117
90 32 132
90 33 124
90 34 181
90 35 300
90 36 35
90 37 48
90 38 37
90 39 84
90 40 111
90 41 123
90 42 181
90 43 60
90 44 172
90 45 176
90 46 204
90 47 201
90 48 248
90 49 38
90 50 146
90 51 291
90 52 85
90 53 86
90 54 100
90 55 218
90 56 161
90 57 222
90 58 264
90 59 195
90 60 189
90 61 127
90 62 204
90 63 203
90 64 189
90 65 61
90 66 209
90 67 78
90 68 173
90 69 105
90 70 109
90 71 165
90 72 91
90 73 276
90 74 186
90 75 135
90 76 104
90 77 197
90 78 81
90 79 63
90 80 125
90 81 225
90 82 255
90 83 56
90 84 47
90 85 92
90 86 136
90 87 131
90 88 41
90 89 234
90 91 174
90 92 134
90 93 258
90 94 81
90 95 292
90 96 49
90 97 269
90 98 57
90 99 93
91 1 193
91 2 260
91 3 67
91 4 71
91 5 216
91 6 285
91 7 163
91 8 46
91 9 114
91 10 77
91 11 222
91 12 218
91 13 135
91 14 84
91 15 269
91 16 74
91 17 98
91 18 96
91 19 118
91 20 140
91 21 272
91 22 204
91 23 180
91 24 63
91 25 167
91 26 236
91 27 274
91 28 231
91 29 82
91 30 156
91 31 214
91 32 83
91 33 78
91 34 119
91 35 213
91 36 293
91 37 294
91 38 162
91 39 254
91 40 214
91 41 266
91 42 37
91 43 35
91 44 279
91 45 155
91 46 34
91 47 278
91 48 178
91 49 199
91 50 296
91 51 130
91 52 93
91 53 135
91 54 163
91 55 300
91 56 282
91 57 284
91 58 44
91 59 279
91 60 51
91 61 61
91 62 100
91 63 238
91 64 122
91 65 222
91 66 91
91 67 233
91 68 57
91 69 244
91 70 62
91 71 198
91 72 273
91 73 207
91 74 65
91 75 288
91 76 105
91 77 207
91 78 202
91 79 258
91 80 66
91 81 108
91 82 151
91 83 93
91 84 102
91 85 216
91 86 300
91 87 54
91 88 83
91 89 282
91 90 174
91 92 105
91 93 131
91 94 72
91 95 88
91 96 193
91 97 194
91 98 292
91 99 103
92 1 265
92 2 246
92 3 210
92 4 141
92 5 148
92 6 276
92 7 249
92 8 256
92 9 266
92 10 30
92 11 36
92 12 146
92 13 229
92 14 169
92 15 299
92 16 58
92 17 198
92 18 191
92 19 297
92 20 219
92 21 96
92 22 163
92 23 34
92 24 256
92 25 91
92 26 241
92 27 265
92 28 233
92 29 79
92 30 149
92 31 280
92 32 292
92 33 149
92 34 57
92 35 164
92 36 118
92 37 85
92 38 231
92 39 38
92 40 178
92 41 243
92 42 79
92 43 274
92 44 129
92 45 155
92 46 251
92 47 110
92 48 152
92 49 127
92 50 57
92 51 284
92 52 183
92 53 244
92 54 65
92 55 283
92 56 219
92 57 57
92 58 298
92 59 138
92 60 114
92 61 135
92 62 104
92 63 62
92 64 240
92 65 71
92 66 47
92 67 88
92 68 141
92 69 208
92 70 268
92 71 53
92 72 297
92 73 144
92 74 186
92 75 100
92 76 170
92 77 166
92 78 96
92 79 146
92 80 231
92 81 174
92 82 232
92 83 263
92 84 75
92 85 140
92 86 285
92 87 214
92 88 296
92 89 213
92 90 134
92 91 105
92 93 200
92 94 294
92 95 66
92 96 191
92 97 280
92 98 151
92 99 144
93 1 54
93 2 241
93 3 199
93 4 217
93 5 234
93 6 126
93 7 188
93 8 60
93 9 107
93 10 183
93 11 225
93 12 102
93 13 234
93 14 79
93 15 189
93 16 138
93 17 226
93 18 249
93 19 204
93 20 84
93 21 279
93 22 226
93 23 225
93 24 136
93 25 297
93 26 42
93 27 218
93 28 237
93 29 205
93 30 220
93 31 153
93 32 206
93 33 221
93 34 298
93 35 42
93 36 105
93 37 234
93 38 205
93 39 151
93 40 99
93 41 137
93 42 293
93 43 39
93 44 296
93 45 204
93 46 133
93 47 129
93 48 72
93 49 30
93 50 96
93 51 144
93 52 229
93 53 145
93 54 200
93 55 184
93 56 267
93 57 217
93 58 222
93 59 215
93 60 140
93 61 230
93 62 141
93 63 293
93 64 170
93 65 231
93 66 137
93 67 48
93 68 94
93 69 111
93 70 260
93 71 171
93 72 239
93 73 58
93 74 294
93 75 80
93 76 262
93 77 145
93 78 216
93 79 292
93 80 299
93 81 33
93 82 118
93 83 228
93 84 293
93 85 63
93 86 179
93 87 248
93 88 230
93 89 82
93 90 258
93 91 131
93 92 200
93 94 53
93 95 141
93 96 56
93 97 258
93 98 81
93 99 68
94 1 187
94 2 192
94 3 39
94 4 239
94 5 50
94 6 263
94 7 40
94 8 203
94 9 246
94 10 278
94 11 60
94 12 200
94 13 83
94 14 64
94 15 151
94 16 88
94 17 263
94 18 233
94 19 203
94 20 180
94 21 69
94 22 95
94 23 272
94 24 257
94 25 207
94 26 276
94 27 77
94 28 68
94 29 142
94 30 64
94 31 265
94 32 84
94 33 175
94 34 186
94 35 212
94 36 171
94 37 265
94 38 161
94 39 88
94 40 274
94 41 125
94 42 77
94 43 246
94 44 297
94 45 254
94 46 161
94 47 43
94 48 76
94 49 68
94 50 240
94 51 206
94 52 106
94 53 36
94 54 70
94 55 98
94 56 110
94 57 261
94 58 135
94 59 227
94 60 31
94 61 217
94 62 230
94 63 90
94 64 253
94 65 276
94 66 121
94 67 224
94 68 102
94 69 289
94 70 234
94 71 200
94 72 190
94 73 66
94 74 267
94 75 92
94 76 92
94 77 248
94 78 95
94 79 234
94 80 131
94 81 154
94 82 223
94 83 285
94 84 138
94 85 285
94 86 187
94 87 121
94 88 49
94 89 120
94 90 81
94 91 72
94 92 294
94 93 53
94 95 65
94 96 43
94 97 272
94 98 110
94 99 295
95 1 258
95 2 46
95 3 167
95 4 54
95 5 117
95 6 56
95 7 84
95 8 230
95 9 156
95 10 42
95 11 179
95 12 143
95 13 46
95 14 165
95 15 122
95 16 255
95 17 186
95 18 98
95 19 135
95 20 48
95 21 90
95 22 153
95 23 69
95 24 292
95 25 211
95 26 233
95 27 132
95 28 216
95 29 42
95 30 155
95 31 212
95 32 220
95 33 211
95 34 134
95 35 181
95 36 137
95 37 275
95 38 112
95 39 205
95 40 286
95 41 47
95 42 187
95 43 238
95 44 232
95 45 97
95 46 106
95 47 241
95 48 108
95 49 77
95 50 52
95 51 233
95 52 100
95 53 268
95 54 253
95 55 198
95 56 241
95 57 294
95 58 212
95 59 40
95 60 209
95 61 41
95 62 168
95 63 90
95 64 285
95 65 182
95 66 241
95 67 145
95 68 89
95 69 164
95 70 66
95 71 86
95 72 236
95 73 108
95 74 34
95 75 244
95 76 170
95 77 267
95 78 183
95 79 63
95 80 51
95 81 223
95 82 47
95 83 262
95 84 224
95 85 153
95 86 147
95 87 68
95 88 140
95 89 182
95 90 292
95 91 88
95 92 66
95 93 141
95 94 65
95 96 141
95 97 233
95 98 159
95 99 206
96 1 196
96 2 178
96 3 230
96 4 37
96 5 66
96 6 187
96 7 148
96 8 151
96 9 298
96 10 231
96 11 178
96 12 45
96 13 283
96 14 136
96 15 110
96 16 200
96 17 66
96 18 176
96 19 219
96 20 53
96 21 81
96 22 260
96 23 115
96 24 250
96 25 156
96 26 139
96 27 240
96 28 184
96 29 217
96 30 140
96 31 240
96 32 212
96 33 62
96 34 169
96 35 109
96 36 187
96 37 225
96 38 232
96 39 118
96 40 219
96 41 153
96 42 59
96 43 169
96 44 177
96 45 199
96 46 281
96 47 298
96 48 249
96 49 210
96 50 145
96 51 179
96 52 64
96 53 138
96 54 162
96 55 57
96 56 245
96 57 203
96 58 100
96 59 181
96 60 210
96 61 251
96 62 141
96 63 281
96 64 247
96 65 135
96 66 45
96 67 178
96 68 217
96 69 298
96 70 91
96 71 221
96 72 197
96 73 177
96 74 235
96 75 252
96 76 137
96 77 165
96 78 176
96 79 35
96 80 149
96 81 252
96 82 247
96 83 103
96 84 32
96 85 183
96 86 65
96 87 178
96 88 242
96 89 128
96 90 49
96 91 193
96 92 191
96 93 56
96 94 43
96 95 141
96 97 258
96 98 273
96 99 249
97 1 253
97 2 262
97 3 255
97 4 165
97 5 119
97 6 262
97 7 225
97 8 253
97 9 97
97 10 63
97 11 124
97 12 260
97 13 208
97 14 188
97 15 284
97 16 128
97 17 252
97 18 181
97 19 81
97 20 31
97 21 271
97 22 38
97 23 41
97 24 193
97 25 117
97 26 275
97 27 59
97 28 296
97 29 167
97 30 291
97 31 198
97 32 116
97 33 296
97 34 86
97 35 173
97 36 58
97 37 86
97 38 31
97 39 118
97 40 192
97 41 204
97 42 232
97 43 162
97 44 279
97 45 92
97 46 34
97 47 196
97 48 258
97 49 175
97 50 195
97 51 237
97 52 241
97 53 94
97 54 73
97 55 157
97 56 233
97 57 79
97 58 56
97 59 82
97 60 242
97 61 106
97 62 94
97 63 185
97 64 300
97 65 191
97 66 225
97 67 208
97 68 123
97 69 139
97 70 291
97 71 242
97 72 247
97 73 169
97 74 57
97 75 277
97 76 296
97 77 64
97 78 72
97 79 100
97 80 157
97 81 206
97 82 287
97 83 169
97 84 66
97 85 143
97 86 238
97 87 218
97 88 199
97 89 206
97 90 269
97 91 194
97 92 280
97 93 258
97 94 272
97 95 233
97 96 258
97 98 264
97 99 119
98 1 171
98 2 63
98 3 129
98 4 192
98 5 186
98 6 269
98 7 39
98 8 297
98 9 125
98 10 52
98 11 292
98 12 281
98 13 149
98 14 162
98 15 207
98 16 84
98 17 102
98 18 138
98 19 116
98 20 157
98 21 278
98 22 183
98 23 62
98 24 233
98 25 155
98 26 199
98 27 210
98 28 43
98 29 110
98 30 135
98 31 213
98 32 91
98 33 176
98 34 268
98 35 288
98 36 109
98 37 119
98 38 209
98 39 287
98 40 199
98 41 282
98 42 104
98 43 120
98 44 288
98 45 134
98 46 286
98 47 207
98 48 216
98 49 62
98 50 214
98 51 278
98 52 278
98 53 117
98 54 91
98 55 126
98 56 134
98 57 276
98 58 214
98 59 136
98 60 140
98 61 72
98 62 286
98 63 137
98 64 143
98 65 216
98 66 190
98 67 223
98 68 103
98 69 164
98 70 180
98 71 249
98 72 253
98 73 286
98 74 294
98 75 266
98 76 181
98 77 168
98 78 144
98 79 110
98 80 147
98 81 83
98 82 33
98 83 185
98 84 104
98 85 133
98 86 245
98 87 58
98 88 300
98 89 228
98 90 57
98 91 292
98 92 151
98 93 81
98 94 110
98 95 159
98 96 273
98 97 264
98 99 50
1 t 213
2 t 261
3 t 222
4 t 221
5 t 269
6 t 202
7 t 211
8 t 73
9 t 34
10 t 57
11 t 98
12 t 107
13 t 81
14 t 99
15 t 219
16 t 120
17 t 299
18 t 272
19 t 253
20 t 99
21 t 35
22 t 210
23 t 186
24 t 129
25 t 147
26 t 209
27 t 152
28 t 164
29 t 189
30 t 37
31 t 60
32 t 177
33 t 41
34 t 136
35 t 49
36 t 197
37 t 153
38 t 127
39 t 170
40 t 212
41 t 188
42 t 181
43 t 230
44 t 167
45 t 184
46 t 59
47 t 128
48 t 177
49 t 217
50 t 181
51 t 160
52 t 231
53 t 70
54 t 256
55 t 90
56 t 173
57 t 230
58 t 225
59 t 88
60 t 37
61 t 199
62 t 64
63 t 48
64 t 259
65 t 72
66 t 134
67 t 142
68 t 166
69 t 134
70 t 30
71 t 151
72 t 288
73 t 296
74 t 77
75 t 126
76 t 222
77 t 30
78 t 154
79 t 174
80 t 135
81 t 188
82 t 220
83 t 289
84 t 107
85 t 187
86 t 287
87 t 272
88 t 240
89 t 280
90 t 93
91 t 103
92 t 144
93 t 68
94 t 295
95 t 206
96 t 249
97 t 119
98 t 50
