s 1 200
s 2 200
s 3 200
s 4 200
s 5 200
s 6 200
s 7 200
s 8 200
s 9 200
s 10 200
s 11 200
s 12 200
s 13 200
s 14 200
s 15 200
s 16 200
s 17 200
s 18 200
s 19 200
s 20 200
s 21 200
s 22 200
s 23 200
s 24 200
s 25 200
s 26 200
s 27 200
s 28 200
s 29 200
s 30 200
s 31 200
s 32 200
s 33 200
s 34 200
s 35 200
s 36 200
s 37 200
s 38 200
s 39 200
s 40 200
s 41 200
s 42 200
s 43 200
s 44 200
s 45 200
s 46 200
s 47 200
s 48 200
s 49 200
1 2 200
1 3 200
1 4 200
1 5 200
1 6 200
1 7 200
1 8 200
1 9 200
1 10 200
1 11 200
1 12 200
1 13 200
1 14 200
1 15 200
1 16 200
1 17 200
1 18 200
1 19 200
1 20 200
1 21 200
1 22 200
1 23 200
1 24 200
1 25 200
1 26 200
1 27 200
1 28 200
1 29 200
1 30 200
1 31 200
1 32 200
1 33 200
1 34 200
1 35 200
1 36 200
1 37 200
1 38 200
1 39 200
1 40 200
1 41 200
1 42 200
1 43 200
1 44 200
1 45 200
1 46 200
1 47 200
1 48 200
1 49 200
2 1 200
2 3 200
2 4 200
2 5 200
2 6 200
2 7 200
2 8 200
2 9 200
2 10 200
2 11 200
2 12 200
2 13 200
2 14 200
2 15 200
2 16 200
2 17 200
2 18 200
2 19 200
2 20 200
2 21 200
2 22 200
2 23 200
2 24 200
2 25 200
2 26 200
2 27 200
2 28 200
2 29 200
2 30 200
2 31 200
2 32 200
2 33 200
2 34 200
2 35 200
2 36 200
2 37 200
2 38 200
2 39 200
2 40 200
2 41 200
2 42 200
2 43 200
2 44 200
2 45 200
2 46 200
2 47 200
2 48 200
2 49 200
3 1 200
3 2 200
3 4 200
3 5 200
3 6 200
3 7 200
3 8 200
3 9 200
3 10 200
3 11 200
3 12 200
3 13 200
3 14 200
3 15 200
3 16 200
3 17 200
3 18 200
3 19 200
3 20 200
3 21 200
3 22 200
3 23 200
3 24 200
3 25 200
3 26 200
3 27 200
3 28 200
3 29 200
3 30 200
3 31 200
3 32 200
3 33 200
3 34 200
3 35 200
3 36 200
3 37 200
3 38 200
3 39 200
3 40 200
3 41 200
3 42 200
3 43 200
3 44 200
3 45 200
3 46 200
3 47 200
3 48 200
3 49 200
4 1 200
4 2 200
4 3 200
4 5 200
4 6 200
4 7 200
4 8 200
4 9 200
4 10 200
4 11 200
4 12 200
4 13 200
4 14 200
4 15 200
4 16 200
4 17 200
4 18 200
4 19 200
4 20 200
4 21 200
4 22 200
4 23 200
4 24 200
4 25 200
4 26 200
4 27 200
4 28 200
4 29 200
4 30 200
4 31 200
4 32 200
4 33 200
4 34 200
4 35 200
4 36 200
4 37 200
4 38 200
4 39 200
4 40 200
4 41 200
4 42 200
4 43 200
4 44 200
4 45 200
4 46 200
4 47 200
4 48 200
4 49 200
5 1 200
5 2 200
5 3 200
5 4 200
5 6 200
5 7 200
5 8 200
5 9 200
5 10 200
5 11 200
5 12 200
5 13 200
5 14 200
5 15 200
5 16 200
5 17 200
5 18 200
5 19 200
5 20 200
5 21 200
5 22 200
5 23 200
5 24 200
5 25 200
5 26 200
5 27 200
5 28 200
5 29 200
5 30 200
5 31 200
5 32 200
5 33 200
5 34 200
5 35 200
5 36 200
5 37 200
5 38 200
5 39 200
5 40 200
5 41 200
5 42 200
5 43 200
5 44 200
5 45 200
5 46 200
5 47 200
5 48 200
5 49 200
6 1 200
6 2 200
6 3 200
6 4 200
6 5 200
6 7 200
6 8 200
6 9 200
6 10 200
6 11 200
6 12 200
6 13 200
6 14 200
6 15 200
6 16 200
6 17 200
6 18 200
6 19 200
6 20 200
6 21 200
6 22 200
6 23 200
6 24 200
6 25 200
6 26 200
6 27 200
6 28 200
6 29 200
6 30 200
6 31 200
6 32 200
6 33 200
6 34 200
6 35 200
6 36 200
6 37 200
6 38 200
6 39 200
6 40 200
6 41 200
6 42 200
6 43 200
6 44 200
6 45 200
6 46 200
6 47 200
6 48 200
6 49 200
7 1 200
7 2 200
7 3 200
7 4 200
7 5 200
7 6 200
7 8 200
7 9 200
7 10 200
7 11 200
7 12 200
7 13 200
7 14 200
7 15 200
7 16 200
7 17 200
7 18 200
7 19 200
7 20 200
7 21 200
7 22 200
7 23 200
7 24 200
7 25 200
7 26 200
7 27 200
7 28 200
7 29 200
7 30 200
7 31 200
7 32 200
7 33 200
7 34 200
7 35 200
7 36 200
7 37 200
7 38 200
7 39 200
7 40 200
7 41 200
7 42 200
7 43 200
7 44 200
7 45 200
7 46 200
7 47 200
7 48 200
7 49 200
8 1 200
8 2 200
8 3 200
8 4 200
8 5 200
8 6 200
8 7 200
8 9 200
8 10 200
8 11 200
8 12 200
8 13 200
8 14 200
8 15 200
8 16 200
8 17 200
8 18 200
8 19 200
8 20 200
8 21 200
8 22 200
8 23 200
8 24 200
8 25 200
8 26 200
8 27 200
8 28 200
8 29 200
8 30 200
8 31 200
8 32 200
8 33 200
8 34 200
8 35 200
8 36 200
8 37 200
8 38 200
8 39 200
8 40 200
8 41 200
8 42 200
8 43 200
8 44 200
8 45 200
8 46 200
8 47 200
8 48 200
8 49 200
9 1 200
9 2 200
9 3 200
9 4 200
9 5 200
9 6 200
9 7 200
9 8 200
9 10 200
9 11 200
9 12 200
9 13 200
9 14 200
9 15 200
9 16 200
9 17 200
9 18 200
9 19 200
9 20 200
9 21 200
9 22 200
9 23 200
9 24 200
9 25 200
9 26 200
9 27 200
9 28 200
9 29 200
9 30 200
9 31 200
9 32 200
9 33 200
9 34 200
9 35 200
9 36 200
9 37 200
9 38 200
9 39 200
9 40 200
9 41 200
9 42 200
9 43 200
9 44 200
9 45 200
9 46 200
9 47 200
9 48 200
9 49 200
10 1 200
10 2 200
10 3 200
10 4 200
10 5 200
10 6 200
10 7 200
10 8 200
10 9 200
10 11 200
10 12 200
10 13 200
10 14 200
10 15 200
10 16 200
10 17 200
10 18 200
10 19 200
10 20 200
10 21 200
10 22 200
10 23 200
10 24 200
10 25 200
10 26 200
10 27 200
10 28 200
10 29 200
10 30 200
10 31 200
10 32 200
10 33 200
10 34 200
10 35 200
10 36 200
10 37 200
10 38 200
10 39 200
10 40 200
10 41 200
10 42 200
10 43 200
10 44 200
10 45 200
10 46 200
10 47 200
10 48 200
10 49 200
11 1 200
11 2 200
11 3 200
11 4 200
11 5 200
11 6 200
11 7 200
11 8 200
11 9 200
11 10 200
11 12 200
11 13 200
11 14 200
11 15 200
11 16 200
11 17 200
11 18 200
11 19 200
11 20 200
11 21 200
11 22 200
11 23 200
11 24 200
11 25 200
11 26 200
11 27 200
11 28 200
11 29 200
11 30 200
11 31 200
11 32 200
11 33 200
11 34 200
11 35 200
11 36 200
11 37 200
11 38 200
11 39 200
11 40 200
11 41 200
11 42 200
11 43 200
11 44 200
11 45 200
11 46 200
11 47 200
11 48 200
11 49 200
12 1 200
12 2 200
12 3 200
12 4 200
12 5 200
12 6 200
12 7 200
12 8 200
12 9 200
12 10 200
12 11 200
12 13 200
12 14 200
12 15 200
12 16 200
12 17 200
12 18 200
12 19 200
12 20 200
12 21 200
12 22 200
12 23 200
12 24 200
12 25 200
12 26 200
12 27 200
12 28 200
12 29 200
12 30 200
12 31 200
12 32 200
12 33 200
12 34 200
12 35 200
12 36 200
12 37 200
12 38 200
12 39 200
12 40 200
12 41 200
12 42 200
12 43 200
12 44 200
12 45 200
12 46 200
12 47 200
12 48 200
12 49 200
13 1 200
13 2 200
13 3 200
13 4 200
13 5 200
13 6 200
13 7 200
13 8 200
13 9 200
13 10 200
13 11 200
13 12 200
13 14 200
13 15 200
13 16 200
13 17 200
13 18 200
13 19 200
13 20 200
13 21 200
13 22 200
13 23 200
13 24 200
13 25 200
13 26 200
13 27 200
13 28 200
13 29 200
13 30 200
13 31 200
13 32 200
13 33 200
13 34 200
13 35 200
13 36 200
13 37 200
13 38 200
13 39 200
13 40 200
13 41 200
13 42 200
13 43 200
13 44 200
13 45 200
13 46 200
13 47 200
13 48 200
13 49 200
14 1 200
14 2 200
14 3 200
14 4 200
14 5 200
14 6 200
14 7 200
14 8 200
14 9 200
14 10 200
14 11 200
14 12 200
14 13 200
14 15 200
14 16 200
14 17 200
14 18 200
14 19 200
14 20 200
14 21 200
14 22 200
14 23 200
14 24 200
14 25 200
14 26 200
14 27 200
14 28 200
14 29 200
14 30 200
14 31 200
14 32 200
14 33 200
14 34 200
14 35 200
14 36 200
14 37 200
14 38 200
14 39 200
14 40 200
14 41 200
14 42 200
14 43 200
14 44 200
14 45 200
14 46 200
14 47 200
14 48 200
14 49 200
15 1 200
15 2 200
15 3 200
15 4 200
15 5 200
15 6 200
15 7 200
15 8 200
15 9 200
15 10 200
15 11 200
15 12 200
15 13 200
15 14 200
15 16 200
15 17 200
15 18 200
15 19 200
15 20 200
15 21 200
15 22 200
15 23 200
15 24 200
15 25 200
15 26 200
15 27 200
15 28 200
15 29 200
15 30 200
15 31 200
15 32 200
15 33 200
15 34 200
15 35 200
15 36 200
15 37 200
15 38 200
15 39 200
15 40 200
15 41 200
15 42 200
15 43 200
15 44 200
15 45 200
15 46 200
15 47 200
15 48 200
15 49 200
16 1 200
16 2 200
16 3 200
16 4 200
16 5 200
16 6 200
16 7 200
16 8 200
16 9 200
16 10 200
16 11 200
16 12 200
16 13 200
16 14 200
16 15 200
16 17 200
16 18 200
16 19 200
16 20 200
16 21 200
16 22 200
16 23 200
16 24 200
16 25 200
16 26 200
16 27 200
16 28 200
16 29 200
16 30 200
16 31 200
16 32 200
16 33 200
16 34 200
16 35 200
16 36 200
16 37 200
16 38 200
16 39 200
16 40 200
16 41 200
16 42 200
16 43 200
16 44 200
16 45 200
16 46 200
16 47 200
16 48 200
16 49 200
17 1 200
17 2 200
17 3 200
17 4 200
17 5 200
17 6 200
17 7 200
17 8 200
17 9 200
17 10 200
17 11 200
17 12 200
17 13 200
17 14 200
17 15 200
17 16 200
17 18 200
17 19 200
17 20 200
17 21 200
17 22 200
17 23 200
17 24 200
17 25 200
17 26 200
17 27 200
17 28 200
17 29 200
17 30 200
17 31 200
17 32 200
17 33 200
17 34 200
17 35 200
17 36 200
17 37 200
17 38 200
17 39 200
17 40 200
17 41 200
17 42 200
17 43 200
17 44 200
17 45 200
17 46 200
17 47 200
17 48 200
17 49 200
18 1 200
18 2 200
18 3 200
18 4 200
18 5 200
18 6 200
18 7 200
18 8 200
18 9 200
18 10 200
18 11 200
18 12 200
18 13 200
18 14 200
18 15 200
18 16 200
18 17 200
18 19 200
18 20 200
18 21 200
18 22 200
18 23 200
18 24 200
18 25 200
18 26 200
18 27 200
18 28 200
18 29 200
18 30 200
18 31 200
18 32 200
18 33 200
18 34 200
18 35 200
18 36 200
18 37 200
18 38 200
18 39 200
18 40 200
18 41 200
18 42 200
18 43 200
18 44 200
18 45 200
18 46 200
18 47 200
18 48 200
18 49 200
19 1 200
19 2 200
19 3 200
19 4 200
19 5 200
19 6 200
19 7 200
19 8 200
19 9 200
19 10 200
19 11 200
19 12 200
19 13 200
19 14 200
19 15 200
19 16 200
19 17 200
19 18 200
19 20 200
19 21 200
19 22 200
19 23 200
19 24 200
19 25 200
19 26 200
19 27 200
19 28 200
19 29 200
19 30 200
19 31 200
19 32 200
19 33 200
19 34 200
19 35 200
19 36 200
19 37 200
19 38 200
19 39 200
19 40 200
19 41 200
19 42 200
19 43 200
19 44 200
19 45 200
19 46 200
19 47 200
19 48 200
19 49 200
20 1 200
20 2 200
20 3 200
20 4 200
20 5 200
20 6 200
20 7 200
20 8 200
20 9 200
20 10 200
20 11 200
20 12 200
20 13 200
20 14 200
20 15 200
20 16 200
20 17 200
20 18 200
20 19 200
20 21 200
20 22 200
20 23 200
20 24 200
20 25 200
20 26 200
20 27 200
20 28 200
20 29 200
20 30 200
20 31 200
20 32 200
20 33 200
20 34 200
20 35 200
20 36 200
20 37 200
20 38 200
20 39 200
20 40 200
20 41 200
20 42 200
20 43 200
20 44 200
20 45 200
20 46 200
20 47 200
20 48 200
20 49 200
21 1 200
21 2 200
21 3 200
21 4 200
21 5 200
21 6 200
21 7 200
21 8 200
21 9 200
21 10 200
21 11 200
21 12 200
21 13 200
21 14 200
21 15 200
21 16 200
21 17 200
21 18 200
21 19 200
21 20 200
21 22 200
21 23 200
21 24 200
21 25 200
21 26 200
21 27 200
21 28 200
21 29 200
21 30 200
21 31 200
21 32 200
21 33 200
21 34 200
21 35 200
21 36 200
21 37 200
21 38 200
21 39 200
21 40 200
21 41 200
21 42 200
21 43 200
21 44 200
21 45 200
21 46 200
21 47 200
21 48 200
21 49 200
22 1 200
22 2 200
22 3 200
22 4 200
22 5 200
22 6 200
22 7 200
22 8 200
22 9 200
22 10 200
22 11 200
22 12 200
22 13 200
22 14 200
22 15 200
22 16 200
22 17 200
22 18 200
22 19 200
22 20 200
22 21 200
22 23 200
22 24 200
22 25 200
22 26 200
22 27 200
22 28 200
22 29 200
22 30 200
22 31 200
22 32 200
22 33 200
22 34 200
22 35 200
22 36 200
22 37 200
22 38 200
22 39 200
22 40 200
22 41 200
22 42 200
22 43 200
22 44 200
22 45 200
22 46 200
22 47 200
22 48 200
22 49 200
23 1 200
23 2 200
23 3 200
23 4 200
23 5 200
23 6 200
23 7 200
23 8 200
23 9 200
23 10 200
23 11 200
23 12 200
23 13 200
23 14 200
23 15 200
23 16 200
23 17 200
23 18 200
23 19 200
23 20 200
23 21 200
23 22 200
23 24 200
23 25 200
23 26 200
23 27 200
23 28 200
23 29 200
23 30 200
23 31 200
23 32 200
23 33 200
23 34 200
23 35 200
23 36 200
23 37 200
23 38 200
23 39 200
23 40 200
23 41 200
23 42 200
23 43 200
23 44 200
23 45 200
23 46 200
23 47 200
23 48 200
23 49 200
24 1 200
24 2 200
24 3 200
24 4 200
24 5 200
24 6 200
24 7 200
24 8 200
24 9 200
24 10 200
24 11 200
24 12 200
24 13 200
24 14 200
24 15 200
24 16 200
24 17 200
24 18 200
24 19 200
24 20 200
24 21 200
24 22 200
24 23 200
24 25 200
24 26 200
24 27 200
24 28 200
24 29 200
24 30 200
24 31 200
24 32 200
24 33 200
24 34 200
24 35 200
24 36 200
24 37 200
24 38 200
24 39 200
24 40 200
24 41 200
24 42 200
24 43 200
24 44 200
24 45 200
24 46 200
24 47 200
24 48 200
24 49 200
25 1 200
25 2 200
25 3 200
25 4 200
25 5 200
25 6 200
25 7 200
25 8 200
25 9 200
25 10 200
25 11 200
25 12 200
25 13 200
25 14 200
25 15 200
25 16 200
25 17 200
25 18 200
25 19 200
25 20 200
25 21 200
25 22 200
25 23 200
25 24 200
25 26 200
25 27 200
25 28 200
25 29 200
25 30 200
25 31 200
25 32 200
25 33 200
25 34 200
25 35 200
25 36 200
25 37 200
25 38 200
25 39 200
25 40 200
25 41 200
25 42 200
25 43 200
25 44 200
25 45 200
25 46 200
25 47 200
25 48 200
25 49 200
26 1 200
26 2 200
26 3 200
26 4 200
26 5 200
26 6 200
26 7 200
26 8 200
26 9 200
26 10 200
26 11 200
26 12 200
26 13 200
26 14 200
26 15 200
26 16 200
26 17 200
26 18 200
26 19 200
26 20 200
26 21 200
26 22 200
26 23 200
26 24 200
26 25 200
26 27 200
26 28 200
26 29 200
26 30 200
26 31 200
26 32 200
26 33 200
26 34 200
26 35 200
26 36 200
26 37 200
26 38 200
26 39 200
26 40 200
26 41 200
26 42 200
26 43 200
26 44 200
26 45 200
26 46 200
26 47 200
26 48 200
26 49 200
27 1 200
27 2 200
27 3 200
27 4 200
27 5 200
27 6 200
27 7 200
27 8 200
27 9 200
27 10 200
27 11 200
27 12 200
27 13 200
27 14 200
27 15 200
27 16 200
27 17 200
27 18 200
27 19 200
27 20 200
27 21 200
27 22 200
27 23 200
27 24 200
27 25 200
27 26 200
27 28 200
27 29 200
27 30 200
27 31 200
27 32 200
27 33 200
27 34 200
27 35 200
27 36 200
27 37 200
27 38 200
27 39 200
27 40 200
27 41 200
27 42 200
27 43 200
27 44 200
27 45 200
27 46 200
27 47 200
27 48 200
27 49 200
28 1 200
28 2 200
28 3 200
28 4 200
28 5 200
28 6 200
28 7 200
28 8 200
28 9 200
28 10 200
28 11 200
28 12 200
28 13 200
28 14 200
28 15 200
28 16 200
28 17 200
28 18 200
28 19 200
28 20 200
28 21 200
28 22 200
28 23 200
28 24 200
28 25 200
28 26 200
28 27 200
28 29 200
28 30 200
28 31 200
28 32 200
28 33 200
28 34 200
28 35 200
28 36 200
28 37 200
28 38 200
28 39 200
28 40 200
28 41 200
28 42 200
28 43 200
28 44 200
28 45 200
28 46 200
28 47 200
28 48 200
28 49 200
29 1 200
29 2 200
29 3 200
29 4 200
29 5 200
29 6 200
29 7 200
29 8 200
29 9 200
29 10 200
29 11 200
29 12 200
29 13 200
29 14 200
29 15 200
29 16 200
29 17 200
29 18 200
29 19 200
29 20 200
29 21 200
29 22 200
29 23 200
29 24 200
29 25 200
29 26 200
29 27 200
29 28 200
29 30 200
29 31 200
29 32 200
29 33 200
29 34 200
29 35 200
29 36 200
29 37 200
29 38 200
29 39 200
29 40 200
29 41 200
29 42 200
29 43 200
29 44 200
29 45 200
29 46 200
29 47 200
29 48 200
29 49 200
30 1 200
30 2 200
30 3 200
30 4 200
30 5 200
30 6 200
30 7 200
30 8 200
30 9 200
30 10 200
30 11 200
30 12 200
30 13 200
30 14 200
30 15 200
30 16 200
30 17 200
30 18 200
30 19 200
30 20 200
30 21 200
30 22 200
30 23 200
30 24 200
30 25 200
30 26 200
30 27 200
30 28 200
30 29 200
30 31 200
30 32 200
30 33 200
30 34 200
30 35 200
30 36 200
30 37 200
30 38 200
30 39 200
30 40 200
30 41 200
30 42 200
30 43 200
30 44 200
30 45 200
30 46 200
30 47 200
30 48 200
30 49 200
31 1 200
31 2 200
31 3 200
31 4 200
31 5 200
31 6 200
31 7 200
31 8 200
31 9 200
31 10 200
31 11 200
31 12 200
31 13 200
31 14 200
31 15 200
31 16 200
31 17 200
31 18 200
31 19 200
31 20 200
31 21 200
31 22 200
31 23 200
31 24 200
31 25 200
31 26 200
31 27 200
31 28 200
31 29 200
31 30 200
31 32 200
31 33 200
31 34 200
31 35 200
31 36 200
31 37 200
31 38 200
31 39 200
31 40 200
31 41 200
31 42 200
31 43 200
31 44 200
31 45 200
31 46 200
31 47 200
31 48 200
31 49 200
32 1 200
32 2 200
32 3 200
32 4 200
32 5 200
32 6 200
32 7 200
32 8 200
32 9 200
32 10 200
32 11 200
32 12 200
32 13 200
32 14 200
32 15 200
32 16 200
32 17 200
32 18 200
32 19 200
32 20 200
32 21 200
32 22 200
32 23 200
32 24 200
32 25 200
32 26 200
32 27 200
32 28 200
32 29 200
32 30 200
32 31 200
32 33 200
32 34 200
32 35 200
32 36 200
32 37 200
32 38 200
32 39 200
32 40 200
32 41 200
32 42 200
32 43 200
32 44 200
32 45 200
32 46 200
32 47 200
32 48 200
32 49 200
33 1 200
33 2 200
33 3 200
33 4 200
33 5 200
33 6 200
33 7 200
33 8 200
33 9 200
33 10 200
33 11 200
33 12 200
33 13 200
33 14 200
33 15 200
33 16 200
33 17 200
33 18 200
33 19 200
33 20 200
33 21 200
33 22 200
33 23 200
33 24 200
33 25 200
33 26 200
33 27 200
33 28 200
33 29 200
33 30 200
33 31 200
33 32 200
33 34 200
33 35 200
33 36 200
33 37 200
33 38 200
33 39 200
33 40 200
33 41 200
33 42 200
33 43 200
33 44 200
33 45 200
33 46 200
33 47 200
33 48 200
33 49 200
34 1 200
34 2 200
34 3 200
34 4 200
34 5 200
34 6 200
34 7 200
34 8 200
34 9 200
34 10 200
34 11 200
34 12 200
34 13 200
34 14 200
34 15 200
34 16 200
34 17 200
34 18 200
34 19 200
34 20 200
34 21 200
34 22 200
34 23 200
34 24 200
34 25 200
34 26 200
34 27 200
34 28 200
34 29 200
34 30 200
34 31 200
34 32 200
34 33 200
34 35 200
34 36 200
34 37 200
34 38 200
34 39 200
34 40 200
34 41 200
34 42 200
34 43 200
34 44 200
34 45 200
34 46 200
34 47 200
34 48 200
34 49 200
35 1 200
35 2 200
35 3 200
35 4 200
35 5 200
35 6 200
35 7 200
35 8 200
35 9 200
35 10 200
35 11 200
35 12 200
35 13 200
35 14 200
35 15 200
35 16 200
35 17 200
35 18 200
35 19 200
35 20 200
35 21 200
35 22 200
35 23 200
35 24 200
35 25 200
35 26 200
35 27 200
35 28 200
35 29 200
35 30 200
35 31 200
35 32 200
35 33 200
35 34 200
35 36 200
35 37 200
35 38 200
35 39 200
35 40 200
35 41 200
35 42 200
35 43 200
35 44 200
35 45 200
35 46 200
35 47 200
35 48 200
35 49 200
36 1 200
36 2 200
36 3 200
36 4 200
36 5 200
36 6 200
36 7 200
36 8 200
36 9 200
36 10 200
36 11 200
36 12 200
36 13 200
36 14 200
36 15 200
36 16 200
36 17 200
36 18 200
36 19 200
36 20 200
36 21 200
36 22 200
36 23 200
36 24 200
36 25 200
36 26 200
36 27 200
36 28 200
36 29 200
36 30 200
36 31 200
36 32 200
36 33 200
36 34 200
36 35 200
36 37 200
36 38 200
36 39 200
36 40 200
36 41 200
36 42 200
36 43 200
36 44 200
36 45 200
36 46 200
36 47 200
36 48 200
36 49 200
37 1 200
37 2 200
37 3 200
37 4 200
37 5 200
37 6 200
37 7 200
37 8 200
37 9 200
37 10 200
37 11 200
37 12 200
37 13 200
37 14 200
37 15 200
37 16 200
37 17 200
37 18 200
37 19 200
37 20 200
37 21 200
37 22 200
37 23 200
37 24 200
37 25 200
37 26 200
37 27 200
37 28 200
37 29 200
37 30 200
37 31 200
37 32 200
37 33 200
37 34 200
37 35 200
37 36 200
37 38 200
37 39 200
37 40 200
37 41 200
37 42 200
37 43 200
37 44 200
37 45 200
37 46 200
37 47 200
37 48 200
37 49 200
38 1 200
38 2 200
38 3 200
38 4 200
38 5 200
38 6 200
38 7 200
38 8 200
38 9 200
38 10 200
38 11 200
38 12 200
38 13 200
38 14 200
38 15 200
38 16 200
38 17 200
38 18 200
38 19 200
38 20 200
38 21 200
38 22 200
38 23 200
38 24 200
38 25 200
38 26 200
38 27 200
38 28 200
38 29 200
38 30 200
38 31 200
38 32 200
38 33 200
38 34 200
38 35 200
38 36 200
38 37 200
38 39 200
38 40 200
38 41 200
38 42 200
38 43 200
38 44 200
38 45 200
38 46 200
38 47 200
38 48 200
38 49 200
39 1 200
39 2 200
39 3 200
39 4 200
39 5 200
39 6 200
39 7 200
39 8 200
39 9 200
39 10 200
39 11 200
39 12 200
39 13 200
39 14 200
39 15 200
39 16 200
39 17 200
39 18 200
39 19 200
39 20 200
39 21 200
39 22 200
39 23 200
39 24 200
39 25 200
39 26 200
39 27 200
39 28 200
39 29 200
39 30 200
39 31 200
39 32 200
39 33 200
39 34 200
39 35 200
39 36 200
39 37 200
39 38 200
39 40 200
39 41 200
39 42 200
39 43 200
39 44 200
39 45 200
39 46 200
39 47 200
39 48 200
39 49 200
40 1 200
40 2 200
40 3 200
40 4 200
40 5 200
40 6 200
40 7 200
40 8 200
40 9 200
40 10 200
40 11 200
40 12 200
40 13 200
40 14 200
40 15 200
40 16 200
40 17 200
40 18 200
40 19 200
40 20 200
40 21 200
40 22 200
40 23 200
40 24 200
40 25 200
40 26 200
40 27 200
40 28 200
40 29 200
40 30 200
40 31 200
40 32 200
40 33 200
40 34 200
40 35 200
40 36 200
40 37 200
40 38 200
40 39 200
40 41 200
40 42 200
40 43 200
40 44 200
40 45 200
40 46 200
40 47 200
40 48 200
40 49 200
41 1 200
41 2 200
41 3 200
41 4 200
41 5 200
41 6 200
41 7 200
41 8 200
41 9 200
41 10 200
41 11 200
41 12 200
41 13 200
41 14 200
41 15 200
41 16 200
41 17 200
41 18 200
41 19 200
41 20 200
41 21 200
41 22 200
41 23 200
41 24 200
41 25 200
41 26 200
41 27 200
41 28 200
41 29 200
41 30 200
41 31 200
41 32 200
41 33 200
41 34 200
41 35 200
41 36 200
41 37 200
41 38 200
41 39 200
41 40 200
41 42 200
41 43 200
41 44 200
41 45 200
41 46 200
41 47 200
41 48 200
41 49 200
42 1 200
42 2 200
42 3 200
42 4 200
42 5 200
42 6 200
42 7 200
42 8 200
42 9 200
42 10 200
42 11 200
42 12 200
42 13 200
42 14 200
42 15 200
42 16 200
42 17 200
42 18 200
42 19 200
42 20 200
42 21 200
42 22 200
42 23 200
42 24 200
42 25 200
42 26 200
42 27 200
42 28 200
42 29 200
42 30 200
42 31 200
42 32 200
42 33 200
42 34 200
42 35 200
42 36 200
42 37 200
42 38 200
42 39 200
42 40 200
42 41 200
42 43 200
42 44 200
42 45 200
42 46 200
42 47 200
42 48 200
42 49 200
43 1 200
43 2 200
43 3 200
43 4 200
43 5 200
43 6 200
43 7 200
43 8 200
43 9 200
43 10 200
43 11 200
43 12 200
43 13 200
43 14 200
43 15 200
43 16 200
43 17 200
43 18 200
43 19 200
43 20 200
43 21 200
43 22 200
43 23 200
43 24 200
43 25 200
43 26 200
43 27 200
43 28 200
43 29 200
43 30 200
43 31 200
43 32 200
43 33 200
43 34 200
43 35 200
43 36 200
43 37 200
43 38 200
43 39 200
43 40 200
43 41 200
43 42 200
43 44 200
43 45 200
43 46 200
43 47 200
43 48 200
43 49 200
44 1 200
44 2 200
44 3 200
44 4 200
44 5 200
44 6 200
44 7 200
44 8 200
44 9 200
44 10 200
44 11 200
44 12 200
44 13 200
44 14 200
44 15 200
44 16 200
44 17 200
44 18 200
44 19 200
44 20 200
44 21 200
44 22 200
44 23 200
44 24 200
44 25 200
44 26 200
44 27 200
44 28 200
44 29 200
44 30 200
44 31 200
44 32 200
44 33 200
44 34 200
44 35 200
44 36 200
44 37 200
44 38 200
44 39 200
44 40 200
44 41 200
44 42 200
44 43 200
44 45 200
44 46 200
44 47 200
44 48 200
44 49 200
45 1 200
45 2 200
45 3 200
45 4 200
45 5 200
45 6 200
45 7 200
45 8 200
45 9 200
45 10 200
45 11 200
45 12 200
45 13 200
45 14 200
45 15 200
45 16 200
45 17 200
45 18 200
45 19 200
45 20 200
45 21 200
45 22 200
45 23 200
45 24 200
45 25 200
45 26 200
45 27 200
45 28 200
45 29 200
45 30 200
45 31 200
45 32 200
45 33 200
45 34 200
45 35 200
45 36 200
45 37 200
45 38 200
45 39 200
45 40 200
45 41 200
45 42 200
45 43 200
45 44 200
45 46 200
45 47 200
45 48 200
45 49 200
46 1 200
46 2 200
46 3 200
46 4 200
46 5 200
46 6 200
46 7 200
46 8 200
46 9 200
46 10 200
46 11 200
46 12 200
46 13 200
46 14 200
46 15 200
46 16 200
46 17 200
46 18 200
46 19 200
46 20 200
46 21 200
46 22 200
46 23 200
46 24 200
46 25 200
46 26 200
46 27 200
46 28 200
46 29 200
46 30 200
46 31 200
46 32 200
46 33 200
46 34 200
46 35 200
46 36 200
46 37 200
46 38 200
46 39 200
46 40 200
46 41 200
46 42 200
46 43 200
46 44 200
46 45 200
46 47 200
46 48 200
46 49 200
47 1 200
47 2 200
47 3 200
47 4 200
47 5 200
47 6 200
47 7 200
47 8 200
47 9 200
47 10 200
47 11 200
47 12 200
47 13 200
47 14 200
47 15 200
47 16 200
47 17 200
47 18 200
47 19 200
47 20 200
47 21 200
47 22 200
47 23 200
47 24 200
47 25 200
47 26 200
47 27 200
47 28 200
47 29 200
47 30 200
47 31 200
47 32 200
47 33 200
47 34 200
47 35 200
47 36 200
47 37 200
47 38 200
47 39 200
47 40 200
47 41 200
47 42 200
47 43 200
47 44 200
47 45 200
47 46 200
47 48 200
47 49 200
48 1 200
48 2 200
48 3 200
48 4 200
48 5 200
48 6 200
48 7 200
48 8 200
48 9 200
48 10 200
48 11 200
48 12 200
48 13 200
48 14 200
48 15 200
48 16 200
48 17 200
48 18 200
48 19 200
48 20 200
48 21 200
48 22 200
48 23 200
48 24 200
48 25 200
48 26 200
48 27 200
48 28 200
48 29 200
48 30 200
48 31 200
48 32 200
48 33 200
48 34 200
48 35 200
48 36 200
48 37 200
48 38 200
48 39 200
48 40 200
48 41 200
48 42 200
48 43 200
48 44 200
48 45 200
48 46 200
48 47 200
48 49 200
1 t 200
2 t 200
3 t 200
4 t 200
5 t 200
6 t 200
7 t 200
8 t 200
9 t 200
10 t 200
11 t 200
12 t 200
13 t 200
14 t 200
15 t 200
16 t 200
17 t 200
18 t 200
19 t 200
20 t 200
21 t 200
22 t 200
23 t 200
24 t 200
25 t 200
26 t 200
27 t 200
28 t 200
29 t 200
30 t 200
31 t 200
32 t 200
33 t 200
34 t 200
35 t 200
36 t 200
37 t 200
38 t 200
39 t 200
40 t 200
41 t 200
42 t 200
43 t 200
44 t 200
45 t 200
46 t 200
47 t 200
48 t 200
