s 1 200
s 2 200
s 3 200
s 4 200
s 5 200
s 6 200
s 7 200
s 8 200
s 9 200
s 10 200
s 11 200
s 12 200
s 13 200
s 14 200
s 15 200
s 16 200
s 17 200
s 18 200
s 19 200
s 20 200
s 21 200
s 22 200
s 23 200
s 24 200
s 25 200
s 26 200
s 27 200
s 28 200
s 29 200
s 30 200
s 31 200
s 32 200
s 33 200
s 34 200
s 35 200
s 36 200
s 37 200
s 38 200
s 39 200
s 40 200
s 41 200
s 42 200
s 43 200
s 44 200
s 45 200
s 46 200
s 47 200
s 48 200
s 49 200
s 50 200
s 51 200
s 52 200
s 53 200
s 54 200
s 55 200
s 56 200
s 57 200
s 58 200
s 59 200
s 60 200
s 61 200
s 62 200
s 63 200
s 64 200
s 65 200
s 66 200
s 67 200
s 68 200
s 69 200
s 70 200
s 71 200
s 72 200
s 73 200
s 74 200
s 75 200
s 76 200
s 77 200
s 78 200
s 79 200
s 80 200
s 81 200
s 82 200
s 83 200
s 84 200
s 85 200
s 86 200
s 87 200
s 88 200
s 89 200
s 90 200
s 91 200
s 92 200
s 93 200
s 94 200
s 95 200
s 96 200
s 97 200
s 98 200
s 99 200
1 2 200
1 3 200
1 4 200
1 5 200
1 6 200
1 7 200
1 8 200
1 9 200
1 10 200
1 11 200
1 12 200
1 13 200
1 14 200
1 15 200
1 16 200
1 17 200
1 18 200
1 19 200
1 20 200
1 21 200
1 22 200
1 23 200
1 24 200
1 25 200
1 26 200
1 27 200
1 28 200
1 29 200
1 30 200
1 31 200
1 32 200
1 33 200
1 34 200
1 35 200
1 36 200
1 37 200
1 38 200
1 39 200
1 40 200
1 41 200
1 42 200
1 43 200
1 44 200
1 45 200
1 46 200
1 47 200
1 48 200
1 49 200
1 50 200
1 51 200
1 52 200
1 53 200
1 54 200
1 55 200
1 56 200
1 57 200
1 58 200
1 59 200
1 60 200
1 61 200
1 62 200
1 63 200
1 64 200
1 65 200
1 66 200
1 67 200
1 68 200
1 69 200
1 70 200
1 71 200
1 72 200
1 73 200
1 74 200
1 75 200
1 76 200
1 77 200
1 78 200
1 79 200
1 80 200
1 81 200
1 82 200
1 83 200
1 84 200
1 85 200
1 86 200
1 87 200
1 88 200
1 89 200
1 90 200
1 91 200
1 92 200
1 93 200
1 94 200
1 95 200
1 96 200
1 97 200
1 98 200
1 99 200
2 1 200
2 3 200
2 4 200
2 5 200
2 6 200
2 7 200
2 8 200
2 9 200
2 10 200
2 11 200
2 12 200
2 13 200
2 14 200
2 15 200
2 16 200
2 17 200
2 18 200
2 19 200
2 20 200
2 21 200
2 22 200
2 23 200
2 24 200
2 25 200
2 26 200
2 27 200
2 28 200
2 29 200
2 30 200
2 31 200
2 32 200
2 33 200
2 34 200
2 35 200
2 36 200
2 37 200
2 38 200
2 39 200
2 40 200
2 41 200
2 42 200
2 43 200
2 44 200
2 45 200
2 46 200
2 47 200
2 48 200
2 49 200
2 50 200
2 51 200
2 52 200
2 53 200
2 54 200
2 55 200
2 56 200
2 57 200
2 58 200
2 59 200
2 60 200
2 61 200
2 62 200
2 63 200
2 64 200
2 65 200
2 66 200
2 67 200
2 68 200
2 69 200
2 70 200
2 71 200
2 72 200
2 73 200
2 74 200
2 75 200
2 76 200
2 77 200
2 78 200
2 79 200
2 80 200
2 81 200
2 82 200
2 83 200
2 84 200
2 85 200
2 86 200
2 87 200
2 88 200
2 89 200
2 90 200
2 91 200
2 92 200
2 93 200
2 94 200
2 95 200
2 96 200
2 97 200
2 98 200
2 99 200
3 1 200
3 2 200
3 4 200
3 5 200
3 6 200
3 7 200
3 8 200
3 9 200
3 10 200
3 11 200
3 12 200
3 13 200
3 14 200
3 15 200
3 16 200
3 17 200
3 18 200
3 19 200
3 20 200
3 21 200
3 22 200
3 23 200
3 24 200
3 25 200
3 26 200
3 27 200
3 28 200
3 29 200
3 30 200
3 31 200
3 32 200
3 33 200
3 34 200
3 35 200
3 36 200
3 37 200
3 38 200
3 39 200
3 40 200
3 41 200
3 42 200
3 43 200
3 44 200
3 45 200
3 46 200
3 47 200
3 48 200
3 49 200
3 50 200
3 51 200
3 52 200
3 53 200
3 54 200
3 55 200
3 56 200
3 57 200
3 58 200
3 59 200
3 60 200
3 61 200
3 62 200
3 63 200
3 64 200
3 65 200
3 66 200
3 67 200
3 68 200
3 69 200
3 70 200
3 71 200
3 72 200
3 73 200
3 74 200
3 75 200
3 76 200
3 77 200
3 78 200
3 79 200
3 80 200
3 81 200
3 82 200
3 83 200
3 84 200
3 85 200
3 86 200
3 87 200
3 88 200
3 89 200
3 90 200
3 91 200
3 92 200
3 93 200
3 94 200
3 95 200
3 96 200
3 97 200
3 98 200
3 99 200
4 1 200
4 2 200
4 3 200
4 5 200
4 6 200
4 7 200
4 8 200
4 9 200
4 10 200
4 11 200
4 12 200
4 13 200
4 14 200
4 15 200
4 16 200
4 17 200
4 18 200
4 19 200
4 20 200
4 21 200
4 22 200
4 23 200
4 24 200
4 25 200
4 26 200
4 27 200
4 28 200
4 29 200
4 30 200
4 31 200
4 32 200
4 33 200
4 34 200
4 35 200
4 36 200
4 37 200
4 38 200
4 39 200
4 40 200
4 41 200
4 42 200
4 43 200
4 44 200
4 45 200
4 46 200
4 47 200
4 48 200
4 49 200
4 50 200
4 51 200
4 52 200
4 53 200
4 54 200
4 55 200
4 56 200
4 57 200
4 58 200
4 59 200
4 60 200
4 61 200
4 62 200
4 63 200
4 64 200
4 65 200
4 66 200
4 67 200
4 68 200
4 69 200
4 70 200
4 71 200
4 72 200
4 73 200
4 74 200
4 75 200
4 76 200
4 77 200
4 78 200
4 79 200
4 80 200
4 81 200
4 82 200
4 83 200
4 84 200
4 85 200
4 86 200
4 87 200
4 88 200
4 89 200
4 90 200
4 91 200
4 92 200
4 93 200
4 94 200
4 95 200
4 96 200
4 97 200
4 98 200
4 99 200
5 1 200
5 2 200
5 3 200
5 4 200
5 6 200
5 7 200
5 8 200
5 9 200
5 10 200
5 11 200
5 12 200
5 13 200
5 14 200
5 15 200
5 16 200
5 17 200
5 18 200
5 19 200
5 20 200
5 21 200
5 22 200
5 23 200
5 24 200
5 25 200
5 26 200
5 27 200
5 28 200
5 29 200
5 30 200
5 31 200
5 32 200
5 33 200
5 34 200
5 35 200
5 36 200
5 37 200
5 38 200
5 39 200
5 40 200
5 41 200
5 42 200
5 43 200
5 44 200
5 45 200
5 46 200
5 47 200
5 48 200
5 49 200
5 50 200
5 51 200
5 52 200
5 53 200
5 54 200
5 55 200
5 56 200
5 57 200
5 58 200
5 59 200
5 60 200
5 61 200
5 62 200
5 63 200
5 64 200
5 65 200
5 66 200
5 67 200
5 68 200
5 69 200
5 70 200
5 71 200
5 72 200
5 73 200
5 74 200
5 75 200
5 76 200
5 77 200
5 78 200
5 79 200
5 80 200
5 81 200
5 82 200
5 83 200
5 84 200
5 85 200
5 86 200
5 87 200
5 88 200
5 89 200
5 90 200
5 91 200
5 92 200
5 93 200
5 94 200
5 95 200
5 96 200
5 97 200
5 98 200
5 99 200
6 1 200
6 2 200
6 3 200
6 4 200
6 5 200
6 7 200
6 8 200
6 9 200
6 10 200
6 11 200
6 12 200
6 13 200
6 14 200
6 15 200
6 16 200
6 17 200
6 18 200
6 19 200
6 20 200
6 21 200
6 22 200
6 23 200
6 24 200
6 25 200
6 26 200
6 27 200
6 28 200
6 29 200
6 30 200
6 31 200
6 32 200
6 33 200
6 34 200
6 35 200
6 36 200
6 37 200
6 38 200
6 39 200
6 40 200
6 41 200
6 42 200
6 43 200
6 44 200
6 45 200
6 46 200
6 47 200
6 48 200
6 49 200
6 50 200
6 51 200
6 52 200
6 53 200
6 54 200
6 55 200
6 56 200
6 57 200
6 58 200
6 59 200
6 60 200
6 61 200
6 62 200
6 63 200
6 64 200
6 65 200
6 66 200
6 67 200
6 68 200
6 69 200
6 70 200
6 71 200
6 72 200
6 73 200
6 74 200
6 75 200
6 76 200
6 77 200
6 78 200
6 79 200
6 80 200
6 81 200
6 82 200
6 83 200
6 84 200
6 85 200
6 86 200
6 87 200
6 88 200
6 89 200
6 90 200
6 91 200
6 92 200
6 93 200
6 94 200
6 95 200
6 96 200
6 97 200
6 98 200
6 99 200
7 1 200
7 2 200
7 3 200
7 4 200
7 5 200
7 6 200
7 8 200
7 9 200
7 10 200
7 11 200
7 12 200
7 13 200
7 14 200
7 15 200
7 16 200
7 17 200
7 18 200
7 19 200
7 20 200
7 21 200
7 22 200
7 23 200
7 24 200
7 25 200
7 26 200
7 27 200
7 28 200
7 29 200
7 30 200
7 31 200
7 32 200
7 33 200
7 34 200
7 35 200
7 36 200
7 37 200
7 38 200
7 39 200
7 40 200
7 41 200
7 42 200
7 43 200
7 44 200
7 45 200
7 46 200
7 47 200
7 48 200
7 49 200
7 50 200
7 51 200
7 52 200
7 53 200
7 54 200
7 55 200
7 56 200
7 57 200
7 58 200
7 59 200
7 60 200
7 61 200
7 62 200
7 63 200
7 64 200
7 65 200
7 66 200
7 67 200
7 68 200
7 69 200
7 70 200
7 71 200
7 72 200
7 73 200
7 74 200
7 75 200
7 76 200
7 77 200
7 78 200
7 79 200
7 80 200
7 81 200
7 82 200
7 83 200
7 84 200
7 85 200
7 86 200
7 87 200
7 88 200
7 89 200
7 90 200
7 91 200
7 92 200
7 93 200
7 94 200
7 95 200
7 96 200
7 97 200
7 98 200
7 99 200
8 1 200
8 2 200
8 3 200
8 4 200
8 5 200
8 6 200
8 7 200
8 9 200
8 10 200
8 11 200
8 12 200
8 13 200
8 14 200
8 15 200
8 16 200
8 17 200
8 18 200
8 19 200
8 20 200
8 21 200
8 22 200
8 23 200
8 24 200
8 25 200
8 26 200
8 27 200
8 28 200
8 29 200
8 30 200
8 31 200
8 32 200
8 33 200
8 34 200
8 35 200
8 36 200
8 37 200
8 38 200
8 39 200
8 40 200
8 41 200
8 42 200
8 43 200
8 44 200
8 45 200
8 46 200
8 47 200
8 48 200
8 49 200
8 50 200
8 51 200
8 52 200
8 53 200
8 54 200
8 55 200
8 56 200
8 57 200
8 58 200
8 59 200
8 60 200
8 61 200
8 62 200
8 63 200
8 64 200
8 65 200
8 66 200
8 67 200
8 68 200
8 69 200
8 70 200
8 71 200
8 72 200
8 73 200
8 74 200
8 75 200
8 76 200
8 77 200
8 78 200
8 79 200
8 80 200
8 81 200
8 82 200
8 83 200
8 84 200
8 85 200
8 86 200
8 87 200
8 88 200
8 89 200
8 90 200
8 91 200
8 92 200
8 93 200
8 94 200
8 95 200
8 96 200
8 97 200
8 98 200
8 99 200
9 1 200
9 2 200
9 3 200
9 4 200
9 5 200
9 6 200
9 7 200
9 8 200
9 10 200
9 11 200
9 12 200
9 13 200
9 14 200
9 15 200
9 16 200
9 17 200
9 18 200
9 19 200
9 20 200
9 21 200
9 22 200
9 23 200
9 24 200
9 25 200
9 26 200
9 27 200
9 28 200
9 29 200
9 30 200
9 31 200
9 32 200
9 33 200
9 34 200
9 35 200
9 36 200
9 37 200
9 38 200
9 39 200
9 40 200
9 41 200
9 42 200
9 43 200
9 44 200
9 45 200
9 46 200
9 47 200
9 48 200
9 49 200
9 50 200
9 51 200
9 52 200
9 53 200
9 54 200
9 55 200
9 56 200
9 57 200
9 58 200
9 59 200
9 60 200
9 61 200
9 62 200
9 63 200
9 64 200
9 65 200
9 66 200
9 67 200
9 68 200
9 69 200
9 70 200
9 71 200
9 72 200
9 73 200
9 74 200
9 75 200
9 76 200
9 77 200
9 78 200
9 79 200
9 80 200
9 81 200
9 82 200
9 83 200
9 84 200
9 85 200
9 86 200
9 87 200
9 88 200
9 89 200
9 90 200
9 91 200
9 92 200
9 93 200
9 94 200
9 95 200
9 96 200
9 97 200
9 98 200
9 99 200
10 1 200
10 2 200
10 3 200
10 4 200
10 5 200
10 6 200
10 7 200
10 8 200
10 9 200
10 11 200
10 12 200
10 13 200
10 14 200
10 15 200
10 16 200
10 17 200
10 18 200
10 19 200
10 20 200
10 21 200
10 22 200
10 23 200
10 24 200
10 25 200
10 26 200
10 27 200
10 28 200
10 29 200
10 30 200
10 31 200
10 32 200
10 33 200
10 34 200
10 35 200
10 36 200
10 37 200
10 38 200
10 39 200
10 40 200
10 41 200
10 42 200
10 43 200
10 44 200
10 45 200
10 46 200
10 47 200
10 48 200
10 49 200
10 50 200
10 51 200
10 52 200
10 53 200
10 54 200
10 55 200
10 56 200
10 57 200
10 58 200
10 59 200
10 60 200
10 61 200
10 62 200
10 63 200
10 64 200
10 65 200
10 66 200
10 67 200
10 68 200
10 69 200
10 70 200
10 71 200
10 72 200
10 73 200
10 74 200
10 75 200
10 76 200
10 77 200
10 78 200
10 79 200
10 80 200
10 81 200
10 82 200
10 83 200
10 84 200
10 85 200
10 86 200
10 87 200
10 88 200
10 89 200
10 90 200
10 91 200
10 92 200
10 93 200
10 94 200
10 95 200
10 96 200
10 97 200
10 98 200
10 99 200
11 1 200
11 2 200
11 3 200
11 4 200
11 5 200
11 6 200
11 7 200
11 8 200
11 9 200
11 10 200
11 12 200
11 13 200
11 14 200
11 15 200
11 16 200
11 17 200
11 18 200
11 19 200
11 20 200
11 21 200
11 22 200
11 23 200
11 24 200
11 25 200
11 26 200
11 27 200
11 28 200
11 29 200
11 30 200
11 31 200
11 32 200
11 33 200
11 34 200
11 35 200
11 36 200
11 37 200
11 38 200
11 39 200
11 40 200
11 41 200
11 42 200
11 43 200
11 44 200
11 45 200
11 46 200
11 47 200
11 48 200
11 49 200
11 50 200
11 51 200
11 52 200
11 53 200
11 54 200
11 55 200
11 56 200
11 57 200
11 58 200
11 59 200
11 60 200
11 61 200
11 62 200
11 63 200
11 64 200
11 65 200
11 66 200
11 67 200
11 68 200
11 69 200
11 70 200
11 71 200
11 72 200
11 73 200
11 74 200
11 75 200
11 76 200
11 77 200
11 78 200
11 79 200
11 80 200
11 81 200
11 82 200
11 83 200
11 84 200
11 85 200
11 86 200
11 87 200
11 88 200
11 89 200
11 90 200
11 91 200
11 92 200
11 93 200
11 94 200
11 95 200
11 96 200
11 97 200
11 98 200
11 99 200
12 1 200
12 2 200
12 3 200
12 4 200
12 5 200
12 6 200
12 7 200
12 8 200
12 9 200
12 10 200
12 11 200
12 13 200
12 14 200
12 15 200
12 16 200
12 17 200
12 18 200
12 19 200
12 20 200
12 21 200
12 22 200
12 23 200
12 24 200
12 25 200
12 26 200
12 27 200
12 28 200
12 29 200
12 30 200
12 31 200
12 32 200
12 33 200
12 34 200
12 35 200
12 36 200
12 37 200
12 38 200
12 39 200
12 40 200
12 41 200
12 42 200
12 43 200
12 44 200
12 45 200
12 46 200
12 47 200
12 48 200
12 49 200
12 50 200
12 51 200
12 52 200
12 53 200
12 54 200
12 55 200
12 56 200
12 57 200
12 58 200
12 59 200
12 60 200
12 61 200
12 62 200
12 63 200
12 64 200
12 65 200
12 66 200
12 67 200
12 68 200
12 69 200
12 70 200
12 71 200
12 72 200
12 73 200
12 74 200
12 75 200
12 76 200
12 77 200
12 78 200
12 79 200
12 80 200
12 81 200
12 82 200
12 83 200
12 84 200
12 85 200
12 86 200
12 87 200
12 88 200
12 89 200
12 90 200
12 91 200
12 92 200
12 93 200
12 94 200
12 95 200
12 96 200
12 97 200
12 98 200
12 99 200
13 1 200
13 2 200
13 3 200
13 4 200
13 5 200
13 6 200
13 7 200
13 8 200
13 9 200
13 10 200
13 11 200
13 12 200
13 14 200
13 15 200
13 16 200
13 17 200
13 18 200
13 19 200
13 20 200
13 21 200
13 22 200
13 23 200
13 24 200
13 25 200
13 26 200
13 27 200
13 28 200
13 29 200
13 30 200
13 31 200
13 32 200
13 33 200
13 34 200
13 35 200
13 36 200
13 37 200
13 38 200
13 39 200
13 40 200
13 41 200
13 42 200
13 43 200
13 44 200
13 45 200
13 46 200
13 47 200
13 48 200
13 49 200
13 50 200
13 51 200
13 52 200
13 53 200
13 54 200
13 55 200
13 56 200
13 57 200
13 58 200
13 59 200
13 60 200
13 61 200
13 62 200
13 63 200
13 64 200
13 65 200
13 66 200
13 67 200
13 68 200
13 69 200
13 70 200
13 71 200
13 72 200
13 73 200
13 74 200
13 75 200
13 76 200
13 77 200
13 78 200
13 79 200
13 80 200
13 81 200
13 82 200
13 83 200
13 84 200
13 85 200
13 86 200
13 87 200
13 88 200
13 89 200
13 90 200
13 91 200
13 92 200
13 93 200
13 94 200
13 95 200
13 96 200
13 97 200
13 98 200
13 99 200
14 1 200
14 2 200
14 3 200
14 4 200
14 5 200
14 6 200
14 7 200
14 8 200
14 9 200
14 10 200
14 11 200
14 12 200
14 13 200
14 15 200
14 16 200
14 17 200
14 18 200
14 19 200
14 20 200
14 21 200
14 22 200
14 23 200
14 24 200
14 25 200
14 26 200
14 27 200
14 28 200
14 29 200
14 30 200
14 31 200
14 32 200
14 33 200
14 34 200
14 35 200
14 36 200
14 37 200
14 38 200
14 39 200
14 40 200
14 41 200
14 42 200
14 43 200
14 44 200
14 45 200
14 46 200
14 47 200
14 48 200
14 49 200
14 50 200
14 51 200
14 52 200
14 53 200
14 54 200
14 55 200
14 56 200
14 57 200
14 58 200
14 59 200
14 60 200
14 61 200
14 62 200
14 63 200
14 64 200
14 65 200
14 66 200
14 67 200
14 68 200
14 69 200
14 70 200
14 71 200
14 72 200
14 73 200
14 74 200
14 75 200
14 76 200
14 77 200
14 78 200
14 79 200
14 80 200
14 81 200
14 82 200
14 83 200
14 84 200
14 85 200
14 86 200
14 87 200
14 88 200
14 89 200
14 90 200
14 91 200
14 92 200
14 93 200
14 94 200
14 95 200
14 96 200
14 97 200
14 98 200
14 99 200
15 1 200
15 2 200
15 3 200
15 4 200
15 5 200
15 6 200
15 7 200
15 8 200
15 9 200
15 10 200
15 11 200
15 12 200
15 13 200
15 14 200
15 16 200
15 17 200
15 18 200
15 19 200
15 20 200
15 21 200
15 22 200
15 23 200
15 24 200
15 25 200
15 26 200
15 27 200
15 28 200
15 29 200
15 30 200
15 31 200
15 32 200
15 33 200
15 34 200
15 35 200
15 36 200
15 37 200
15 38 200
15 39 200
15 40 200
15 41 200
15 42 200
15 43 200
15 44 200
15 45 200
15 46 200
15 47 200
15 48 200
15 49 200
15 50 200
15 51 200
15 52 200
15 53 200
15 54 200
15 55 200
15 56 200
15 57 200
15 58 200
15 59 200
15 60 200
15 61 200
15 62 200
15 63 200
15 64 200
15 65 200
15 66 200
15 67 200
15 68 200
15 69 200
15 70 200
15 71 200
15 72 200
15 73 200
15 74 200
15 75 200
15 76 200
15 77 200
15 78 200
15 79 200
15 80 200
15 81 200
15 82 200
15 83 200
15 84 200
15 85 200
15 86 200
15 87 200
15 88 200
15 89 200
15 90 200
15 91 200
15 92 200
15 93 200
15 94 200
15 95 200
15 96 200
15 97 200
15 98 200
15 99 200
16 1 200
16 2 200
16 3 200
16 4 200
16 5 200
16 6 200
16 7 200
16 8 200
16 9 200
16 10 200
16 11 200
16 12 200
16 13 200
16 14 200
16 15 200
16 17 200
16 18 200
16 19 200
16 20 200
16 21 200
16 22 200
16 23 200
16 24 200
16 25 200
16 26 200
16 27 200
16 28 200
16 29 200
16 30 200
16 31 200
16 32 200
16 33 200
16 34 200
16 35 200
16 36 200
16 37 200
16 38 200
16 39 200
16 40 200
16 41 200
16 42 200
16 43 200
16 44 200
16 45 200
16 46 200
16 47 200
16 48 200
16 49 200
16 50 200
16 51 200
16 52 200
16 53 200
16 54 200
16 55 200
16 56 200
16 57 200
16 58 200
16 59 200
16 60 200
16 61 200
16 62 200
16 63 200
16 64 200
16 65 200
16 66 200
16 67 200
16 68 200
16 69 200
16 70 200
16 71 200
16 72 200
16 73 200
16 74 200
16 75 200
16 76 200
16 77 200
16 78 200
16 79 200
16 80 200
16 81 200
16 82 200
16 83 200
16 84 200
16 85 200
16 86 200
16 87 200
16 88 200
16 89 200
16 90 200
16 91 200
16 92 200
16 93 200
16 94 200
16 95 200
16 96 200
16 97 200
16 98 200
16 99 200
17 1 200
17 2 200
17 3 200
17 4 200
17 5 200
17 6 200
17 7 200
17 8 200
17 9 200
17 10 200
17 11 200
17 12 200
17 13 200
17 14 200
17 15 200
17 16 200
17 18 200
17 19 200
17 20 200
17 21 200
17 22 200
17 23 200
17 24 200
17 25 200
17 26 200
17 27 200
17 28 200
17 29 200
17 30 200
17 31 200
17 32 200
17 33 200
17 34 200
17 35 200
17 36 200
17 37 200
17 38 200
17 39 200
17 40 200
17 41 200
17 42 200
17 43 200
17 44 200
17 45 200
17 46 200
17 47 200
17 48 200
17 49 200
17 50 200
17 51 200
17 52 200
17 53 200
17 54 200
17 55 200
17 56 200
17 57 200
17 58 200
17 59 200
17 60 200
17 61 200
17 62 200
17 63 200
17 64 200
17 65 200
17 66 200
17 67 200
17 68 200
17 69 200
17 70 200
17 71 200
17 72 200
17 73 200
17 74 200
17 75 200
17 76 200
17 77 200
17 78 200
17 79 200
17 80 200
17 81 200
17 82 200
17 83 200
17 84 200
17 85 200
17 86 200
17 87 200
17 88 200
17 89 200
17 90 200
17 91 200
17 92 200
17 93 200
17 94 200
17 95 200
17 96 200
17 97 200
17 98 200
17 99 200
18 1 200
18 2 200
18 3 200
18 4 200
18 5 200
18 6 200
18 7 200
18 8 200
18 9 200
18 10 200
18 11 200
18 12 200
18 13 200
18 14 200
18 15 200
18 16 200
18 17 200
18 19 200
18 20 200
18 21 200
18 22 200
18 23 200
18 24 200
18 25 200
18 26 200
18 27 200
18 28 200
18 29 200
18 30 200
18 31 200
18 32 200
18 33 200
18 34 200
18 35 200
18 36 200
18 37 200
18 38 200
18 39 200
18 40 200
18 41 200
18 42 200
18 43 200
18 44 200
18 45 200
18 46 200
18 47 200
18 48 200
18 49 200
18 50 200
18 51 200
18 52 200
18 53 200
18 54 200
18 55 200
18 56 200
18 57 200
18 58 200
18 59 200
18 60 200
18 61 200
18 62 200
18 63 200
18 64 200
18 65 200
18 66 200
18 67 200
18 68 200
18 69 200
18 70 200
18 71 200
18 72 200
18 73 200
18 74 200
18 75 200
18 76 200
18 77 200
18 78 200
18 79 200
18 80 200
18 81 200
18 82 200
18 83 200
18 84 200
18 85 200
18 86 200
18 87 200
18 88 200
18 89 200
18 90 200
18 91 200
18 92 200
18 93 200
18 94 200
18 95 200
18 96 200
18 97 200
18 98 200
18 99 200
19 1 200
19 2 200
19 3 200
19 4 200
19 5 200
19 6 200
19 7 200
19 8 200
19 9 200
19 10 200
19 11 200
19 12 200
19 13 200
19 14 200
19 15 200
19 16 200
19 17 200
19 18 200
19 20 200
19 21 200
19 22 200
19 23 200
19 24 200
19 25 200
19 26 200
19 27 200
19 28 200
19 29 200
19 30 200
19 31 200
19 32 200
19 33 200
19 34 200
19 35 200
19 36 200
19 37 200
19 38 200
19 39 200
19 40 200
19 41 200
19 42 200
19 43 200
19 44 200
19 45 200
19 46 200
19 47 200
19 48 200
19 49 200
19 50 200
19 51 200
19 52 200
19 53 200
19 54 200
19 55 200
19 56 200
19 57 200
19 58 200
19 59 200
19 60 200
19 61 200
19 62 200
19 63 200
19 64 200
19 65 200
19 66 200
19 67 200
19 68 200
19 69 200
19 70 200
19 71 200
19 72 200
19 73 200
19 74 200
19 75 200
19 76 200
19 77 200
19 78 200
19 79 200
19 80 200
19 81 200
19 82 200
19 83 200
19 84 200
19 85 200
19 86 200
19 87 200
19 88 200
19 89 200
19 90 200
19 91 200
19 92 200
19 93 200
19 94 200
19 95 200
19 96 200
19 97 200
19 98 200
19 99 200
20 1 200
20 2 200
20 3 200
20 4 200
20 5 200
20 6 200
20 7 200
20 8 200
20 9 200
20 10 200
20 11 200
20 12 200
20 13 200
20 14 200
20 15 200
20 16 200
20 17 200
20 18 200
20 19 200
20 21 200
20 22 200
20 23 200
20 24 200
20 25 200
20 26 200
20 27 200
20 28 200
20 29 200
20 30 200
20 31 200
20 32 200
20 33 200
20 34 200
20 35 200
20 36 200
20 37 200
20 38 200
20 39 200
20 40 200
20 41 200
20 42 200
20 43 200
20 44 200
20 45 200
20 46 200
20 47 200
20 48 200
20 49 200
20 50 200
20 51 200
20 52 200
20 53 200
20 54 200
20 55 200
20 56 200
20 57 200
20 58 200
20 59 200
20 60 200
20 61 200
20 62 200
20 63 200
20 64 200
20 65 200
20 66 200
20 67 200
20 68 200
20 69 200
20 70 200
20 71 200
20 72 200
20 73 200
20 74 200
20 75 200
20 76 200
20 77 200
20 78 200
20 79 200
20 80 200
20 81 200
20 82 200
20 83 200
20 84 200
20 85 200
20 86 200
20 87 200
20 88 200
20 89 200
20 90 200
20 91 200
20 92 200
20 93 200
20 94 200
20 95 200
20 96 200
20 97 200
20 98 200
20 99 200
21 1 200
21 2 200
21 3 200
21 4 200
21 5 200
21 6 200
21 7 200
21 8 200
21 9 200
21 10 200
21 11 200
21 12 200
21 13 200
21 14 200
21 15 200
21 16 200
21 17 200
21 18 200
21 19 200
21 20 200
21 22 200
21 23 200
21 24 200
21 25 200
21 26 200
21 27 200
21 28 200
21 29 200
21 30 200
21 31 200
21 32 200
21 33 200
21 34 200
21 35 200
21 36 200
21 37 200
21 38 200
21 39 200
21 40 200
21 41 200
21 42 200
21 43 200
21 44 200
21 45 200
21 46 200
21 47 200
21 48 200
21 49 200
21 50 200
21 51 200
21 52 200
21 53 200
21 54 200
21 55 200
21 56 200
21 57 200
21 58 200
21 59 200
21 60 200
21 61 200
21 62 200
21 63 200
21 64 200
21 65 200
21 66 200
21 67 200
21 68 200
21 69 200
21 70 200
21 71 200
21 72 200
21 73 200
21 74 200
21 75 200
21 76 200
21 77 200
21 78 200
21 79 200
21 80 200
21 81 200
21 82 200
21 83 200
21 84 200
21 85 200
21 86 200
21 87 200
21 88 200
21 89 200
21 90 200
21 91 200
21 92 200
21 93 200
21 94 200
21 95 200
21 96 200
21 97 200
21 98 200
21 99 200
22 1 200
22 2 200
22 3 200
22 4 200
22 5 200
22 6 200
22 7 200
22 8 200
22 9 200
22 10 200
22 11 200
22 12 200
22 13 200
22 14 200
22 15 200
22 16 200
22 17 200
22 18 200
22 19 200
22 20 200
22 21 200
22 23 200
22 24 200
22 25 200
22 26 200
22 27 200
22 28 200
22 29 200
22 30 200
22 31 200
22 32 200
22 33 200
22 34 200
22 35 200
22 36 200
22 37 200
22 38 200
22 39 200
22 40 200
22 41 200
22 42 200
22 43 200
22 44 200
22 45 200
22 46 200
22 47 200
22 48 200
22 49 200
22 50 200
22 51 200
22 52 200
22 53 200
22 54 200
22 55 200
22 56 200
22 57 200
22 58 200
22 59 200
22 60 200
22 61 200
22 62 200
22 63 200
22 64 200
22 65 200
22 66 200
22 67 200
22 68 200
22 69 200
22 70 200
22 71 200
22 72 200
22 73 200
22 74 200
22 75 200
22 76 200
22 77 200
22 78 200
22 79 200
22 80 200
22 81 200
22 82 200
22 83 200
22 84 200
22 85 200
22 86 200
22 87 200
22 88 200
22 89 200
22 90 200
22 91 200
22 92 200
22 93 200
22 94 200
22 95 200
22 96 200
22 97 200
22 98 200
22 99 200
23 1 200
23 2 200
23 3 200
23 4 200
23 5 200
23 6 200
23 7 200
23 8 200
23 9 200
23 10 200
23 11 200
23 12 200
23 13 200
23 14 200
23 15 200
23 16 200
23 17 200
23 18 200
23 19 200
23 20 200
23 21 200
23 22 200
23 24 200
23 25 200
23 26 200
23 27 200
23 28 200
23 29 200
23 30 200
23 31 200
23 32 200
23 33 200
23 34 200
23 35 200
23 36 200
23 37 200
23 38 200
23 39 200
23 40 200
23 41 200
23 42 200
23 43 200
23 44 200
23 45 200
23 46 200
23 47 200
23 48 200
23 49 200
23 50 200
23 51 200
23 52 200
23 53 200
23 54 200
23 55 200
23 56 200
23 57 200
23 58 200
23 59 200
23 60 200
23 61 200
23 62 200
23 63 200
23 64 200
23 65 200
23 66 200
23 67 200
23 68 200
23 69 200
23 70 200
23 71 200
23 72 200
23 73 200
23 74 200
23 75 200
23 76 200
23 77 200
23 78 200
23 79 200
23 80 200
23 81 200
23 82 200
23 83 200
23 84 200
23 85 200
23 86 200
23 87 200
23 88 200
23 89 200
23 90 200
23 91 200
23 92 200
23 93 200
23 94 200
23 95 200
23 96 200
23 97 200
23 98 200
23 99 200
24 1 200
24 2 200
24 3 200
24 4 200
24 5 200
24 6 200
24 7 200
24 8 200
24 9 200
24 10 200
24 11 200
24 12 200
24 13 200
24 14 200
24 15 200
24 16 200
24 17 200
24 18 200
24 19 200
24 20 200
24 21 200
24 22 200
24 23 200
24 25 200
24 26 200
24 27 200
24 28 200
24 29 200
24 30 200
24 31 200
24 32 200
24 33 200
24 34 200
24 35 200
24 36 200
24 37 200
24 38 200
24 39 200
24 40 200
24 41 200
24 42 200
24 43 200
24 44 200
24 45 200
24 46 200
24 47 200
24 48 200
24 49 200
24 50 200
24 51 200
24 52 200
24 53 200
24 54 200
24 55 200
24 56 200
24 57 200
24 58 200
24 59 200
24 60 200
24 61 200
24 62 200
24 63 200
24 64 200
24 65 200
24 66 200
24 67 200
24 68 200
24 69 200
24 70 200
24 71 200
24 72 200
24 73 200
24 74 200
24 75 200
24 76 200
24 77 200
24 78 200
24 79 200
24 80 200
24 81 200
24 82 200
24 83 200
24 84 200
24 85 200
24 86 200
24 87 200
24 88 200
24 89 200
24 90 200
24 91 200
24 92 200
24 93 200
24 94 200
24 95 200
24 96 200
24 97 200
24 98 200
24 99 200
25 1 200
25 2 200
25 3 200
25 4 200
25 5 200
25 6 200
25 7 200
25 8 200
25 9 200
25 10 200
25 11 200
25 12 200
25 13 200
25 14 200
25 15 200
25 16 200
25 17 200
25 18 200
25 19 200
25 20 200
25 21 200
25 22 200
25 23 200
25 24 200
25 26 200
25 27 200
25 28 200
25 29 200
25 30 200
25 31 200
25 32 200
25 33 200
25 34 200
25 35 200
25 36 200
25 37 200
25 38 200
25 39 200
25 40 200
25 41 200
25 42 200
25 43 200
25 44 200
25 45 200
25 46 200
25 47 200
25 48 200
25 49 200
25 50 200
25 51 200
25 52 200
25 53 200
25 54 200
25 55 200
25 56 200
25 57 200
25 58 200
25 59 200
25 60 200
25 61 200
25 62 200
25 63 200
25 64 200
25 65 200
25 66 200
25 67 200
25 68 200
25 69 200
25 70 200
25 71 200
25 72 200
25 73 200
25 74 200
25 75 200
25 76 200
25 77 200
25 78 200
25 79 200
25 80 200
25 81 200
25 82 200
25 83 200
25 84 200
25 85 200
25 86 200
25 87 200
25 88 200
25 89 200
25 90 200
25 91 200
25 92 200
25 93 200
25 94 200
25 95 200
25 96 200
25 97 200
25 98 200
25 99 200
26 1 200
26 2 200
26 3 200
26 4 200
26 5 200
26 6 200
26 7 200
26 8 200
26 9 200
26 10 200
26 11 200
26 12 200
26 13 200
26 14 200
26 15 200
26 16 200
26 17 200
26 18 200
26 19 200
26 20 200
26 21 200
26 22 200
26 23 200
26 24 200
26 25 200
26 27 200
26 28 200
26 29 200
26 30 200
26 31 200
26 32 200
26 33 200
26 34 200
26 35 200
26 36 200
26 37 200
26 38 200
26 39 200
26 40 200
26 41 200
26 42 200
26 43 200
26 44 200
26 45 200
26 46 200
26 47 200
26 48 200
26 49 200
26 50 200
26 51 200
26 52 200
26 53 200
26 54 200
26 55 200
26 56 200
26 57 200
26 58 200
26 59 200
26 60 200
26 61 200
26 62 200
26 63 200
26 64 200
26 65 200
26 66 200
26 67 200
26 68 200
26 69 200
26 70 200
26 71 200
26 72 200
26 73 200
26 74 200
26 75 200
26 76 200
26 77 200
26 78 200
26 79 200
26 80 200
26 81 200
26 82 200
26 83 200
26 84 200
26 85 200
26 86 200
26 87 200
26 88 200
26 89 200
26 90 200
26 91 200
26 92 200
26 93 200
26 94 200
26 95 200
26 96 200
26 97 200
26 98 200
26 99 200
27 1 200
27 2 200
27 3 200
27 4 200
27 5 200
27 6 200
27 7 200
27 8 200
27 9 200
27 10 200
27 11 200
27 12 200
27 13 200
27 14 200
27 15 200
27 16 200
27 17 200
27 18 200
27 19 200
27 20 200
27 21 200
27 22 200
27 23 200
27 24 200
27 25 200
27 26 200
27 28 200
27 29 200
27 30 200
27 31 200
27 32 200
27 33 200
27 34 200
27 35 200
27 36 200
27 37 200
27 38 200
27 39 200
27 40 200
27 41 200
27 42 200
27 43 200
27 44 200
27 45 200
27 46 200
27 47 200
27 48 200
27 49 200
27 50 200
27 51 200
27 52 200
27 53 200
27 54 200
27 55 200
27 56 200
27 57 200
27 58 200
27 59 200
27 60 200
27 61 200
27 62 200
27 63 200
27 64 200
27 65 200
27 66 200
27 67 200
27 68 200
27 69 200
27 70 200
27 71 200
27 72 200
27 73 200
27 74 200
27 75 200
27 76 200
27 77 200
27 78 200
27 79 200
27 80 200
27 81 200
27 82 200
27 83 200
27 84 200
27 85 200
27 86 200
27 87 200
27 88 200
27 89 200
27 90 200
27 91 200
27 92 200
27 93 200
27 94 200
27 95 200
27 96 200
27 97 200
27 98 200
27 99 200
28 1 200
28 2 200
28 3 200
28 4 200
28 5 200
28 6 200
28 7 200
28 8 200
28 9 200
28 10 200
28 11 200
28 12 200
28 13 200
28 14 200
28 15 200
28 16 200
28 17 200
28 18 200
28 19 200
28 20 200
28 21 200
28 22 200
28 23 200
28 24 200
28 25 200
28 26 200
28 27 200
28 29 200
28 30 200
28 31 200
28 32 200
28 33 200
28 34 200
28 35 200
28 36 200
28 37 200
28 38 200
28 39 200
28 40 200
28 41 200
28 42 200
28 43 200
28 44 200
28 45 200
28 46 200
28 47 200
28 48 200
28 49 200
28 50 200
28 51 200
28 52 200
28 53 200
28 54 200
28 55 200
28 56 200
28 57 200
28 58 200
28 59 200
28 60 200
28 61 200
28 62 200
28 63 200
28 64 200
28 65 200
28 66 200
28 67 200
28 68 200
28 69 200
28 70 200
28 71 200
28 72 200
28 73 200
28 74 200
28 75 200
28 76 200
28 77 200
28 78 200
28 79 200
28 80 200
28 81 200
28 82 200
28 83 200
28 84 200
28 85 200
28 86 200
28 87 200
28 88 200
28 89 200
28 90 200
28 91 200
28 92 200
28 93 200
28 94 200
28 95 200
28 96 200
28 97 200
28 98 200
28 99 200
29 1 200
29 2 200
29 3 200
29 4 200
29 5 200
29 6 200
29 7 200
29 8 200
29 9 200
29 10 200
29 11 200
29 12 200
29 13 200
29 14 200
29 15 200
29 16 200
29 17 200
29 18 200
29 19 200
29 20 200
29 21 200
29 22 200
29 23 200
29 24 200
29 25 200
29 26 200
29 27 200
29 28 200
29 30 200
29 31 200
29 32 200
29 33 200
29 34 200
29 35 200
29 36 200
29 37 200
29 38 200
29 39 200
29 40 200
29 41 200
29 42 200
29 43 200
29 44 200
29 45 200
29 46 200
29 47 200
29 48 200
29 49 200
29 50 200
29 51 200
29 52 200
29 53 200
29 54 200
29 55 200
29 56 200
29 57 200
29 58 200
29 59 200
29 60 200
29 61 200
29 62 200
29 63 200
29 64 200
29 65 200
29 66 200
29 67 200
29 68 200
29 69 200
29 70 200
29 71 200
29 72 200
29 73 200
29 74 200
29 75 200
29 76 200
29 77 200
29 78 200
29 79 200
29 80 200
29 81 200
29 82 200
29 83 200
29 84 200
29 85 200
29 86 200
29 87 200
29 88 200
29 89 200
29 90 200
29 91 200
29 92 200
29 93 200
29 94 200
29 95 200
29 96 200
29 97 200
29 98 200
29 99 200
30 1 200
30 2 200
30 3 200
30 4 200
30 5 200
30 6 200
30 7 200
30 8 200
30 9 200
30 10 200
30 11 200
30 12 200
30 13 200
30 14 200
30 15 200
30 16 200
30 17 200
30 18 200
30 19 200
30 20 200
30 21 200
30 22 200
30 23 200
30 24 200
30 25 200
30 26 200
30 27 200
30 28 200
30 29 200
30 31 200
30 32 200
30 33 200
30 34 200
30 35 200
30 36 200
30 37 200
30 38 200
30 39 200
30 40 200
30 41 200
30 42 200
30 43 200
30 44 200
30 45 200
30 46 200
30 47 200
30 48 200
30 49 200
30 50 200
30 51 200
30 52 200
30 53 200
30 54 200
30 55 200
30 56 200
30 57 200
30 58 200
30 59 200
30 60 200
30 61 200
30 62 200
30 63 200
30 64 200
30 65 200
30 66 200
30 67 200
30 68 200
30 69 200
30 70 200
30 71 200
30 72 200
30 73 200
30 74 200
30 75 200
30 76 200
30 77 200
30 78 200
30 79 200
30 80 200
30 81 200
30 82 200
30 83 200
30 84 200
30 85 200
30 86 200
30 87 200
30 88 200
30 89 200
30 90 200
30 91 200
30 92 200
30 93 200
30 94 200
30 95 200
30 96 200
30 97 200
30 98 200
30 99 200
31 1 200
31 2 200
31 3 200
31 4 200
31 5 200
31 6 200
31 7 200
31 8 200
31 9 200
31 10 200
31 11 200
31 12 200
31 13 200
31 14 200
31 15 200
31 16 200
31 17 200
31 18 200
31 19 200
31 20 200
31 21 200
31 22 200
31 23 200
31 24 200
31 25 200
31 26 200
31 27 200
31 28 200
31 29 200
31 30 200
31 32 200
31 33 200
31 34 200
31 35 200
31 36 200
31 37 200
31 38 200
31 39 200
31 40 200
31 41 200
31 42 200
31 43 200
31 44 200
31 45 200
31 46 200
31 47 200
31 48 200
31 49 200
31 50 200
31 51 200
31 52 200
31 53 200
31 54 200
31 55 200
31 56 200
31 57 200
31 58 200
31 59 200
31 60 200
31 61 200
31 62 200
31 63 200
31 64 200
31 65 200
31 66 200
31 67 200
31 68 200
31 69 200
31 70 200
31 71 200
31 72 200
31 73 200
31 74 200
31 75 200
31 76 200
31 77 200
31 78 200
31 79 200
31 80 200
31 81 200
31 82 200
31 83 200
31 84 200
31 85 200
31 86 200
31 87 200
31 88 200
31 89 200
31 90 200
31 91 200
31 92 200
31 93 200
31 94 200
31 95 200
31 96 200
31 97 200
31 98 200
31 99 200
32 1 200
32 2 200
32 3 200
32 4 200
32 5 200
32 6 200
32 7 200
32 8 200
32 9 200
32 10 200
32 11 200
32 12 200
32 13 200
32 14 200
32 15 200
32 16 200
32 17 200
32 18 200
32 19 200
32 20 200
32 21 200
32 22 200
32 23 200
32 24 200
32 25 200
32 26 200
32 27 200
32 28 200
32 29 200
32 30 200
32 31 200
32 33 200
32 34 200
32 35 200
32 36 200
32 37 200
32 38 200
32 39 200
32 40 200
32 41 200
32 42 200
32 43 200
32 44 200
32 45 200
32 46 200
32 47 200
32 48 200
32 49 200
32 50 200
32 51 200
32 52 200
32 53 200
32 54 200
32 55 200
32 56 200
32 57 200
32 58 200
32 59 200
32 60 200
32 61 200
32 62 200
32 63 200
32 64 200
32 65 200
32 66 200
32 67 200
32 68 200
32 69 200
32 70 200
32 71 200
32 72 200
32 73 200
32 74 200
32 75 200
32 76 200
32 77 200
32 78 200
32 79 200
32 80 200
32 81 200
32 82 200
32 83 200
32 84 200
32 85 200
32 86 200
32 87 200
32 88 200
32 89 200
32 90 200
32 91 200
32 92 200
32 93 200
32 94 200
32 95 200
32 96 200
32 97 200
32 98 200
32 99 200
33 1 200
33 2 200
33 3 200
33 4 200
33 5 200
33 6 200
33 7 200
33 8 200
33 9 200
33 10 200
33 11 200
33 12 200
33 13 200
33 14 200
33 15 200
33 16 200
33 17 200
33 18 200
33 19 200
33 20 200
33 21 200
33 22 200
33 23 200
33 24 200
33 25 200
33 26 200
33 27 200
33 28 200
33 29 200
33 30 200
33 31 200
33 32 200
33 34 200
33 35 200
33 36 200
33 37 200
33 38 200
33 39 200
33 40 200
33 41 200
33 42 200
33 43 200
33 44 200
33 45 200
33 46 200
33 47 200
33 48 200
33 49 200
33 50 200
33 51 200
33 52 200
33 53 200
33 54 200
33 55 200
33 56 200
33 57 200
33 58 200
33 59 200
33 60 200
33 61 200
33 62 200
33 63 200
33 64 200
33 65 200
33 66 200
33 67 200
33 68 200
33 69 200
33 70 200
33 71 200
33 72 200
33 73 200
33 74 200
33 75 200
33 76 200
33 77 200
33 78 200
33 79 200
33 80 200
33 81 200
33 82 200
33 83 200
33 84 200
33 85 200
33 86 200
33 87 200
33 88 200
33 89 200
33 90 200
33 91 200
33 92 200
33 93 200
33 94 200
33 95 200
33 96 200
33 97 200
33 98 200
33 99 200
34 1 200
34 2 200
34 3 200
34 4 200
34 5 200
34 6 200
34 7 200
34 8 200
34 9 200
34 10 200
34 11 200
34 12 200
34 13 200
34 14 200
34 15 200
34 16 200
34 17 200
34 18 200
34 19 200
34 20 200
34 21 200
34 22 200
34 23 200
34 24 200
34 25 200
34 26 200
34 27 200
34 28 200
34 29 200
34 30 200
34 31 200
34 32 200
34 33 200
34 35 200
34 36 200
34 37 200
34 38 200
34 39 200
34 40 200
34 41 200
34 42 200
34 43 200
34 44 200
34 45 200
34 46 200
34 47 200
34 48 200
34 49 200
34 50 200
34 51 200
34 52 200
34 53 200
34 54 200
34 55 200
34 56 200
34 57 200
34 58 200
34 59 200
34 60 200
34 61 200
34 62 200
34 63 200
34 64 200
34 65 200
34 66 200
34 67 200
34 68 200
34 69 200
34 70 200
34 71 200
34 72 200
34 73 200
34 74 200
34 75 200
34 76 200
34 77 200
34 78 200
34 79 200
34 80 200
34 81 200
34 82 200
34 83 200
34 84 200
34 85 200
34 86 200
34 87 200
34 88 200
34 89 200
34 90 200
34 91 200
34 92 200
34 93 200
34 94 200
34 95 200
34 96 200
34 97 200
34 98 200
34 99 200
35 1 200
35 2 200
35 3 200
35 4 200
35 5 200
35 6 200
35 7 200
35 8 200
35 9 200
35 10 200
35 11 200
35 12 200
35 13 200
35 14 200
35 15 200
35 16 200
35 17 200
35 18 200
35 19 200
35 20 200
35 21 200
35 22 200
35 23 200
35 24 200
35 25 200
35 26 200
35 27 200
35 28 200
35 29 200
35 30 200
35 31 200
35 32 200
35 33 200
35 34 200
35 36 200
35 37 200
35 38 200
35 39 200
35 40 200
35 41 200
35 42 200
35 43 200
35 44 200
35 45 200
35 46 200
35 47 200
35 48 200
35 49 200
35 50 200
35 51 200
35 52 200
35 53 200
35 54 200
35 55 200
35 56 200
35 57 200
35 58 200
35 59 200
35 60 200
35 61 200
35 62 200
35 63 200
35 64 200
35 65 200
35 66 200
35 67 200
35 68 200
35 69 200
35 70 200
35 71 200
35 72 200
35 73 200
35 74 200
35 75 200
35 76 200
35 77 200
35 78 200
35 79 200
35 80 200
35 81 200
35 82 200
35 83 200
35 84 200
35 85 200
35 86 200
35 87 200
35 88 200
35 89 200
35 90 200
35 91 200
35 92 200
35 93 200
35 94 200
35 95 200
35 96 200
35 97 200
35 98 200
35 99 200
36 1 200
36 2 200
36 3 200
36 4 200
36 5 200
36 6 200
36 7 200
36 8 200
36 9 200
36 10 200
36 11 200
36 12 200
36 13 200
36 14 200
36 15 200
36 16 200
36 17 200
36 18 200
36 19 200
36 20 200
36 21 200
36 22 200
36 23 200
36 24 200
36 25 200
36 26 200
36 27 200
36 28 200
36 29 200
36 30 200
36 31 200
36 32 200
36 33 200
36 34 200
36 35 200
36 37 200
36 38 200
36 39 200
36 40 200
36 41 200
36 42 200
36 43 200
36 44 200
36 45 200
36 46 200
36 47 200
36 48 200
36 49 200
36 50 200
36 51 200
36 52 200
36 53 200
36 54 200
36 55 200
36 56 200
36 57 200
36 58 200
36 59 200
36 60 200
36 61 200
36 62 200
36 63 200
36 64 200
36 65 200
36 66 200
36 67 200
36 68 200
36 69 200
36 70 200
36 71 200
36 72 200
36 73 200
36 74 200
36 75 200
36 76 200
36 77 200
36 78 200
36 79 200
36 80 200
36 81 200
36 82 200
36 83 200
36 84 200
36 85 200
36 86 200
36 87 200
36 88 200
36 89 200
36 90 200
36 91 200
36 92 200
36 93 200
36 94 200
36 95 200
36 96 200
36 97 200
36 98 200
36 99 200
37 1 200
37 2 200
37 3 200
37 4 200
37 5 200
37 6 200
37 7 200
37 8 200
37 9 200
37 10 200
37 11 200
37 12 200
37 13 200
37 14 200
37 15 200
37 16 200
37 17 200
37 18 200
37 19 200
37 20 200
37 21 200
37 22 200
37 23 200
37 24 200
37 25 200
37 26 200
37 27 200
37 28 200
37 29 200
37 30 200
37 31 200
37 32 200
37 33 200
37 34 200
37 35 200
37 36 200
37 38 200
37 39 200
37 40 200
37 41 200
37 42 200
37 43 200
37 44 200
37 45 200
37 46 200
37 47 200
37 48 200
37 49 200
37 50 200
37 51 200
37 52 200
37 53 200
37 54 200
37 55 200
37 56 200
37 57 200
37 58 200
37 59 200
37 60 200
37 61 200
37 62 200
37 63 200
37 64 200
37 65 200
37 66 200
37 67 200
37 68 200
37 69 200
37 70 200
37 71 200
37 72 200
37 73 200
37 74 200
37 75 200
37 76 200
37 77 200
37 78 200
37 79 200
37 80 200
37 81 200
37 82 200
37 83 200
37 84 200
37 85 200
37 86 200
37 87 200
37 88 200
37 89 200
37 90 200
37 91 200
37 92 200
37 93 200
37 94 200
37 95 200
37 96 200
37 97 200
37 98 200
37 99 200
38 1 200
38 2 200
38 3 200
38 4 200
38 5 200
38 6 200
38 7 200
38 8 200
38 9 200
38 10 200
38 11 200
38 12 200
38 13 200
38 14 200
38 15 200
38 16 200
38 17 200
38 18 200
38 19 200
38 20 200
38 21 200
38 22 200
38 23 200
38 24 200
38 25 200
38 26 200
38 27 200
38 28 200
38 29 200
38 30 200
38 31 200
38 32 200
38 33 200
38 34 200
38 35 200
38 36 200
38 37 200
38 39 200
38 40 200
38 41 200
38 42 200
38 43 200
38 44 200
38 45 200
38 46 200
38 47 200
38 48 200
38 49 200
38 50 200
38 51 200
38 52 200
38 53 200
38 54 200
38 55 200
38 56 200
38 57 200
38 58 200
38 59 200
38 60 200
38 61 200
38 62 200
38 63 200
38 64 200
38 65 200
38 66 200
38 67 200
38 68 200
38 69 200
38 70 200
38 71 200
38 72 200
38 73 200
38 74 200
38 75 200
38 76 200
38 77 200
38 78 200
38 79 200
38 80 200
38 81 200
38 82 200
38 83 200
38 84 200
38 85 200
38 86 200
38 87 200
38 88 200
38 89 200
38 90 200
38 91 200
38 92 200
38 93 200
38 94 200
38 95 200
38 96 200
38 97 200
38 98 200
38 99 200
39 1 200
39 2 200
39 3 200
39 4 200
39 5 200
39 6 200
39 7 200
39 8 200
39 9 200
39 10 200
39 11 200
39 12 200
39 13 200
39 14 200
39 15 200
39 16 200
39 17 200
39 18 200
39 19 200
39 20 200
39 21 200
39 22 200
39 23 200
39 24 200
39 25 200
39 26 200
39 27 200
39 28 200
39 29 200
39 30 200
39 31 200
39 32 200
39 33 200
39 34 200
39 35 200
39 36 200
39 37 200
39 38 200
39 40 200
39 41 200
39 42 200
39 43 200
39 44 200
39 45 200
39 46 200
39 47 200
39 48 200
39 49 200
39 50 200
39 51 200
39 52 200
39 53 200
39 54 200
39 55 200
39 56 200
39 57 200
39 58 200
39 59 200
39 60 200
39 61 200
39 62 200
39 63 200
39 64 200
39 65 200
39 66 200
39 67 200
39 68 200
39 69 200
39 70 200
39 71 200
39 72 200
39 73 200
39 74 200
39 75 200
39 76 200
39 77 200
39 78 200
39 79 200
39 80 200
39 81 200
39 82 200
39 83 200
39 84 200
39 85 200
39 86 200
39 87 200
39 88 200
39 89 200
39 90 200
39 91 200
39 92 200
39 93 200
39 94 200
39 95 200
39 96 200
39 97 200
39 98 200
39 99 200
40 1 200
40 2 200
40 3 200
40 4 200
40 5 200
40 6 200
40 7 200
40 8 200
40 9 200
40 10 200
40 11 200
40 12 200
40 13 200
40 14 200
40 15 200
40 16 200
40 17 200
40 18 200
40 19 200
40 20 200
40 21 200
40 22 200
40 23 200
40 24 200
40 25 200
40 26 200
40 27 200
40 28 200
40 29 200
40 30 200
40 31 200
40 32 200
40 33 200
40 34 200
40 35 200
40 36 200
40 37 200
40 38 200
40 39 200
40 41 200
40 42 200
40 43 200
40 44 200
40 45 200
40 46 200
40 47 200
40 48 200
40 49 200
40 50 200
40 51 200
40 52 200
40 53 200
40 54 200
40 55 200
40 56 200
40 57 200
40 58 200
40 59 200
40 60 200
40 61 200
40 62 200
40 63 200
40 64 200
40 65 200
40 66 200
40 67 200
40 68 200
40 69 200
40 70 200
40 71 200
40 72 200
40 73 200
40 74 200
40 75 200
40 76 200
40 77 200
40 78 200
40 79 200
40 80 200
40 81 200
40 82 200
40 83 200
40 84 200
40 85 200
40 86 200
40 87 200
40 88 200
40 89 200
40 90 200
40 91 200
40 92 200
40 93 200
40 94 200
40 95 200
40 96 200
40 97 200
40 98 200
40 99 200
41 1 200
41 2 200
41 3 200
41 4 200
41 5 200
41 6 200
41 7 200
41 8 200
41 9 200
41 10 200
41 11 200
41 12 200
41 13 200
41 14 200
41 15 200
41 16 200
41 17 200
41 18 200
41 19 200
41 20 200
41 21 200
41 22 200
41 23 200
41 24 200
41 25 200
41 26 200
41 27 200
41 28 200
41 29 200
41 30 200
41 31 200
41 32 200
41 33 200
41 34 200
41 35 200
41 36 200
41 37 200
41 38 200
41 39 200
41 40 200
41 42 200
41 43 200
41 44 200
41 45 200
41 46 200
41 47 200
41 48 200
41 49 200
41 50 200
41 51 200
41 52 200
41 53 200
41 54 200
41 55 200
41 56 200
41 57 200
41 58 200
41 59 200
41 60 200
41 61 200
41 62 200
41 63 200
41 64 200
41 65 200
41 66 200
41 67 200
41 68 200
41 69 200
41 70 200
41 71 200
41 72 200
41 73 200
41 74 200
41 75 200
41 76 200
41 77 200
41 78 200
41 79 200
41 80 200
41 81 200
41 82 200
41 83 200
41 84 200
41 85 200
41 86 200
41 87 200
41 88 200
41 89 200
41 90 200
41 91 200
41 92 200
41 93 200
41 94 200
41 95 200
41 96 200
41 97 200
41 98 200
41 99 200
42 1 200
42 2 200
42 3 200
42 4 200
42 5 200
42 6 200
42 7 200
42 8 200
42 9 200
42 10 200
42 11 200
42 12 200
42 13 200
42 14 200
42 15 200
42 16 200
42 17 200
42 18 200
42 19 200
42 20 200
42 21 200
42 22 200
42 23 200
42 24 200
42 25 200
42 26 200
42 27 200
42 28 200
42 29 200
42 30 200
42 31 200
42 32 200
42 33 200
42 34 200
42 35 200
42 36 200
42 37 200
42 38 200
42 39 200
42 40 200
42 41 200
42 43 200
42 44 200
42 45 200
42 46 200
42 47 200
42 48 200
42 49 200
42 50 200
42 51 200
42 52 200
42 53 200
42 54 200
42 55 200
42 56 200
42 57 200
42 58 200
42 59 200
42 60 200
42 61 200
42 62 200
42 63 200
42 64 200
42 65 200
42 66 200
42 67 200
42 68 200
42 69 200
42 70 200
42 71 200
42 72 200
42 73 200
42 74 200
42 75 200
42 76 200
42 77 200
42 78 200
42 79 200
42 80 200
42 81 200
42 82 200
42 83 200
42 84 200
42 85 200
42 86 200
42 87 200
42 88 200
42 89 200
42 90 200
42 91 200
42 92 200
42 93 200
42 94 200
42 95 200
42 96 200
42 97 200
42 98 200
42 99 200
43 1 200
43 2 200
43 3 200
43 4 200
43 5 200
43 6 200
43 7 200
43 8 200
43 9 200
43 10 200
43 11 200
43 12 200
43 13 200
43 14 200
43 15 200
43 16 200
43 17 200
43 18 200
43 19 200
43 20 200
43 21 200
43 22 200
43 23 200
43 24 200
43 25 200
43 26 200
43 27 200
43 28 200
43 29 200
43 30 200
43 31 200
43 32 200
43 33 200
43 34 200
43 35 200
43 36 200
43 37 200
43 38 200
43 39 200
43 40 200
43 41 200
43 42 200
43 44 200
43 45 200
43 46 200
43 47 200
43 48 200
43 49 200
43 50 200
43 51 200
43 52 200
43 53 200
43 54 200
43 55 200
43 56 200
43 57 200
43 58 200
43 59 200
43 60 200
43 61 200
43 62 200
43 63 200
43 64 200
43 65 200
43 66 200
43 67 200
43 68 200
43 69 200
43 70 200
43 71 200
43 72 200
43 73 200
43 74 200
43 75 200
43 76 200
43 77 200
43 78 200
43 79 200
43 80 200
43 81 200
43 82 200
43 83 200
43 84 200
43 85 200
43 86 200
43 87 200
43 88 200
43 89 200
43 90 200
43 91 200
43 92 200
43 93 200
43 94 200
43 95 200
43 96 200
43 97 200
43 98 200
43 99 200
44 1 200
44 2 200
44 3 200
44 4 200
44 5 200
44 6 200
44 7 200
44 8 200
44 9 200
44 10 200
44 11 200
44 12 200
44 13 200
44 14 200
44 15 200
44 16 200
44 17 200
44 18 200
44 19 200
44 20 200
44 21 200
44 22 200
44 23 200
44 24 200
44 25 200
44 26 200
44 27 200
44 28 200
44 29 200
44 30 200
44 31 200
44 32 200
44 33 200
44 34 200
44 35 200
44 36 200
44 37 200
44 38 200
44 39 200
44 40 200
44 41 200
44 42 200
44 43 200
44 45 200
44 46 200
44 47 200
44 48 200
44 49 200
44 50 200
44 51 200
44 52 200
44 53 200
44 54 200
44 55 200
44 56 200
44 57 200
44 58 200
44 59 200
44 60 200
44 61 200
44 62 200
44 63 200
44 64 200
44 65 200
44 66 200
44 67 200
44 68 200
44 69 200
44 70 200
44 71 200
44 72 200
44 73 200
44 74 200
44 75 200
44 76 200
44 77 200
44 78 200
44 79 200
44 80 200
44 81 200
44 82 200
44 83 200
44 84 200
44 85 200
44 86 200
44 87 200
44 88 200
44 89 200
44 90 200
44 91 200
44 92 200
44 93 200
44 94 200
44 95 200
44 96 200
44 97 200
44 98 200
44 99 200
45 1 200
45 2 200
45 3 200
45 4 200
45 5 200
45 6 200
45 7 200
45 8 200
45 9 200
45 10 200
45 11 200
45 12 200
45 13 200
45 14 200
45 15 200
45 16 200
45 17 200
45 18 200
45 19 200
45 20 200
45 21 200
45 22 200
45 23 200
45 24 200
45 25 200
45 26 200
45 27 200
45 28 200
45 29 200
45 30 200
45 31 200
45 32 200
45 33 200
45 34 200
45 35 200
45 36 200
45 37 200
45 38 200
45 39 200
45 40 200
45 41 200
45 42 200
45 43 200
45 44 200
45 46 200
45 47 200
45 48 200
45 49 200
45 50 200
45 51 200
45 52 200
45 53 200
45 54 200
45 55 200
45 56 200
45 57 200
45 58 200
45 59 200
45 60 200
45 61 200
45 62 200
45 63 200
45 64 200
45 65 200
45 66 200
45 67 200
45 68 200
45 69 200
45 70 200
45 71 200
45 72 200
45 73 200
45 74 200
45 75 200
45 76 200
45 77 200
45 78 200
45 79 200
45 80 200
45 81 200
45 82 200
45 83 200
45 84 200
45 85 200
45 86 200
45 87 200
45 88 200
45 89 200
45 90 200
45 91 200
45 92 200
45 93 200
45 94 200
45 95 200
45 96 200
45 97 200
45 98 200
45 99 200
46 1 200
46 2 200
46 3 200
46 4 200
46 5 200
46 6 200
46 7 200
46 8 200
46 9 200
46 10 200
46 11 200
46 12 200
46 13 200
46 14 200
46 15 200
46 16 200
46 17 200
46 18 200
46 19 200
46 20 200
46 21 200
46 22 200
46 23 200
46 24 200
46 25 200
46 26 200
46 27 200
46 28 200
46 29 200
46 30 200
46 31 200
46 32 200
46 33 200
46 34 200
46 35 200
46 36 200
46 37 200
46 38 200
46 39 200
46 40 200
46 41 200
46 42 200
46 43 200
46 44 200
46 45 200
46 47 200
46 48 200
46 49 200
46 50 200
46 51 200
46 52 200
46 53 200
46 54 200
46 55 200
46 56 200
46 57 200
46 58 200
46 59 200
46 60 200
46 61 200
46 62 200
46 63 200
46 64 200
46 65 200
46 66 200
46 67 200
46 68 200
46 69 200
46 70 200
46 71 200
46 72 200
46 73 200
46 74 200
46 75 200
46 76 200
46 77 200
46 78 200
46 79 200
46 80 200
46 81 200
46 82 200
46 83 200
46 84 200
46 85 200
46 86 200
46 87 200
46 88 200
46 89 200
46 90 200
46 91 200
46 92 200
46 93 200
46 94 200
46 95 200
46 96 200
46 97 200
46 98 200
46 99 200
47 1 200
47 2 200
47 3 200
47 4 200
47 5 200
47 6 200
47 7 200
47 8 200
47 9 200
47 10 200
47 11 200
47 12 200
47 13 200
47 14 200
47 15 200
47 16 200
47 17 200
47 18 200
47 19 200
47 20 200
47 21 200
47 22 200
47 23 200
47 24 200
47 25 200
47 26 200
47 27 200
47 28 200
47 29 200
47 30 200
47 31 200
47 32 200
47 33 200
47 34 200
47 35 200
47 36 200
47 37 200
47 38 200
47 39 200
47 40 200
47 41 200
47 42 200
47 43 200
47 44 200
47 45 200
47 46 200
47 48 200
47 49 200
47 50 200
47 51 200
47 52 200
47 53 200
47 54 200
47 55 200
47 56 200
47 57 200
47 58 200
47 59 200
47 60 200
47 61 200
47 62 200
47 63 200
47 64 200
47 65 200
47 66 200
47 67 200
47 68 200
47 69 200
47 70 200
47 71 200
47 72 200
47 73 200
47 74 200
47 75 200
47 76 200
47 77 200
47 78 200
47 79 200
47 80 200
47 81 200
47 82 200
47 83 200
47 84 200
47 85 200
47 86 200
47 87 200
47 88 200
47 89 200
47 90 200
47 91 200
47 92 200
47 93 200
47 94 200
47 95 200
47 96 200
47 97 200
47 98 200
47 99 200
48 1 200
48 2 200
48 3 200
48 4 200
48 5 200
48 6 200
48 7 200
48 8 200
48 9 200
48 10 200
48 11 200
48 12 200
48 13 200
48 14 200
48 15 200
48 16 200
48 17 200
48 18 200
48 19 200
48 20 200
48 21 200
48 22 200
48 23 200
48 24 200
48 25 200
48 26 200
48 27 200
48 28 200
48 29 200
48 30 200
48 31 200
48 32 200
48 33 200
48 34 200
48 35 200
48 36 200
48 37 200
48 38 200
48 39 200
48 40 200
48 41 200
48 42 200
48 43 200
48 44 200
48 45 200
48 46 200
48 47 200
48 49 200
48 50 200
48 51 200
48 52 200
48 53 200
48 54 200
48 55 200
48 56 200
48 57 200
48 58 200
48 59 200
48 60 200
48 61 200
48 62 200
48 63 200
48 64 200
48 65 200
48 66 200
48 67 200
48 68 200
48 69 200
48 70 200
48 71 200
48 72 200
48 73 200
48 74 200
48 75 200
48 76 200
48 77 200
48 78 200
48 79 200
48 80 200
48 81 200
48 82 200
48 83 200
48 84 200
48 85 200
48 86 200
48 87 200
48 88 200
48 89 200
48 90 200
48 91 200
48 92 200
48 93 200
48 94 200
48 95 200
48 96 200
48 97 200
48 98 200
48 99 200
49 1 200
49 2 200
49 3 200
49 4 200
49 5 200
49 6 200
49 7 200
49 8 200
49 9 200
49 10 200
49 11 200
49 12 200
49 13 200
49 14 200
49 15 200
49 16 200
49 17 200
49 18 200
49 19 200
49 20 200
49 21 200
49 22 200
49 23 200
49 24 200
49 25 200
49 26 200
49 27 200
49 28 200
49 29 200
49 30 200
49 31 200
49 32 200
49 33 200
49 34 200
49 35 200
49 36 200
49 37 200
49 38 200
49 39 200
49 40 200
49 41 200
49 42 200
49 43 200
49 44 200
49 45 200
49 46 200
49 47 200
49 48 200
49 50 200
49 51 200
49 52 200
49 53 200
49 54 200
49 55 200
49 56 200
49 57 200
49 58 200
49 59 200
49 60 200
49 61 200
49 62 200
49 63 200
49 64 200
49 65 200
49 66 200
49 67 200
49 68 200
49 69 200
49 70 200
49 71 200
49 72 200
49 73 200
49 74 200
49 75 200
49 76 200
49 77 200
49 78 200
49 79 200
49 80 200
49 81 200
49 82 200
49 83 200
49 84 200
49 85 200
49 86 200
49 87 200
49 88 200
49 89 200
49 90 200
49 91 200
49 92 200
49 93 200
49 94 200
49 95 200
49 96 200
49 97 200
49 98 200
49 99 200
50 1 200
50 2 200
50 3 200
50 4 200
50 5 200
50 6 200
50 7 200
50 8 200
50 9 200
50 10 200
50 11 200
50 12 200
50 13 200
50 14 200
50 15 200
50 16 200
50 17 200
50 18 200
50 19 200
50 20 200
50 21 200
50 22 200
50 23 200
50 24 200
50 25 200
50 26 200
50 27 200
50 28 200
50 29 200
50 30 200
50 31 200
50 32 200
50 33 200
50 34 200
50 35 200
50 36 200
50 37 200
50 38 200
50 39 200
50 40 200
50 41 200
50 42 200
50 43 200
50 44 200
50 45 200
50 46 200
50 47 200
50 48 200
50 49 200
50 51 200
50 52 200
50 53 200
50 54 200
50 55 200
50 56 200
50 57 200
50 58 200
50 59 200
50 60 200
50 61 200
50 62 200
50 63 200
50 64 200
50 65 200
50 66 200
50 67 200
50 68 200
50 69 200
50 70 200
50 71 200
50 72 200
50 73 200
50 74 200
50 75 200
50 76 200
50 77 200
50 78 200
50 79 200
50 80 200
50 81 200
50 82 200
50 83 200
50 84 200
50 85 200
50 86 200
50 87 200
50 88 200
50 89 200
50 90 200
50 91 200
50 92 200
50 93 200
50 94 200
50 95 200
50 96 200
50 97 200
50 98 200
50 99 200
51 1 200
51 2 200
51 3 200
51 4 200
51 5 200
51 6 200
51 7 200
51 8 200
51 9 200
51 10 200
51 11 200
51 12 200
51 13 200
51 14 200
51 15 200
51 16 200
51 17 200
51 18 200
51 19 200
51 20 200
51 21 200
51 22 200
51 23 200
51 24 200
51 25 200
51 26 200
51 27 200
51 28 200
51 29 200
51 30 200
51 31 200
51 32 200
51 33 200
51 34 200
51 35 200
51 36 200
51 37 200
51 38 200
51 39 200
51 40 200
51 41 200
51 42 200
51 43 200
51 44 200
51 45 200
51 46 200
51 47 200
51 48 200
51 49 200
51 50 200
51 52 200
51 53 200
51 54 200
51 55 200
51 56 200
51 57 200
51 58 200
51 59 200
51 60 200
51 61 200
51 62 200
51 63 200
51 64 200
51 65 200
51 66 200
51 67 200
51 68 200
51 69 200
51 70 200
51 71 200
51 72 200
51 73 200
51 74 200
51 75 200
51 76 200
51 77 200
51 78 200
51 79 200
51 80 200
51 81 200
51 82 200
51 83 200
51 84 200
51 85 200
51 86 200
51 87 200
51 88 200
51 89 200
51 90 200
51 91 200
51 92 200
51 93 200
51 94 200
51 95 200
51 96 200
51 97 200
51 98 200
51 99 200
52 1 200
52 2 200
52 3 200
52 4 200
52 5 200
52 6 200
52 7 200
52 8 200
52 9 200
52 10 200
52 11 200
52 12 200
52 13 200
52 14 200
52 15 200
52 16 200
52 17 200
52 18 200
52 19 200
52 20 200
52 21 200
52 22 200
52 23 200
52 24 200
52 25 200
52 26 200
52 27 200
52 28 200
52 29 200
52 30 200
52 31 200
52 32 200
52 33 200
52 34 200
52 35 200
52 36 200
52 37 200
52 38 200
52 39 200
52 40 200
52 41 200
52 42 200
52 43 200
52 44 200
52 45 200
52 46 200
52 47 200
52 48 200
52 49 200
52 50 200
52 51 200
52 53 200
52 54 200
52 55 200
52 56 200
52 57 200
52 58 200
52 59 200
52 60 200
52 61 200
52 62 200
52 63 200
52 64 200
52 65 200
52 66 200
52 67 200
52 68 200
52 69 200
52 70 200
52 71 200
52 72 200
52 73 200
52 74 200
52 75 200
52 76 200
52 77 200
52 78 200
52 79 200
52 80 200
52 81 200
52 82 200
52 83 200
52 84 200
52 85 200
52 86 200
52 87 200
52 88 200
52 89 200
52 90 200
52 91 200
52 92 200
52 93 200
52 94 200
52 95 200
52 96 200
52 97 200
52 98 200
52 99 200
53 1 200
53 2 200
53 3 200
53 4 200
53 5 200
53 6 200
53 7 200
53 8 200
53 9 200
53 10 200
53 11 200
53 12 200
53 13 200
53 14 200
53 15 200
53 16 200
53 17 200
53 18 200
53 19 200
53 20 200
53 21 200
53 22 200
53 23 200
53 24 200
53 25 200
53 26 200
53 27 200
53 28 200
53 29 200
53 30 200
53 31 200
53 32 200
53 33 200
53 34 200
53 35 200
53 36 200
53 37 200
53 38 200
53 39 200
53 40 200
53 41 200
53 42 200
53 43 200
53 44 200
53 45 200
53 46 200
53 47 200
53 48 200
53 49 200
53 50 200
53 51 200
53 52 200
53 54 200
53 55 200
53 56 200
53 57 200
53 58 200
53 59 200
53 60 200
53 61 200
53 62 200
53 63 200
53 64 200
53 65 200
53 66 200
53 67 200
53 68 200
53 69 200
53 70 200
53 71 200
53 72 200
53 73 200
53 74 200
53 75 200
53 76 200
53 77 200
53 78 200
53 79 200
53 80 200
53 81 200
53 82 200
53 83 200
53 84 200
53 85 200
53 86 200
53 87 200
53 88 200
53 89 200
53 90 200
53 91 200
53 92 200
53 93 200
53 94 200
53 95 200
53 96 200
53 97 200
53 98 200
53 99 200
54 1 200
54 2 200
54 3 200
54 4 200
54 5 200
54 6 200
54 7 200
54 8 200
54 9 200
54 10 200
54 11 200
54 12 200
54 13 200
54 14 200
54 15 200
54 16 200
54 17 200
54 18 200
54 19 200
54 20 200
54 21 200
54 22 200
54 23 200
54 24 200
54 25 200
54 26 200
54 27 200
54 28 200
54 29 200
54 30 200
54 31 200
54 32 200
54 33 200
54 34 200
54 35 200
54 36 200
54 37 200
54 38 200
54 39 200
54 40 200
54 41 200
54 42 200
54 43 200
54 44 200
54 45 200
54 46 200
54 47 200
54 48 200
54 49 200
54 50 200
54 51 200
54 52 200
54 53 200
54 55 200
54 56 200
54 57 200
54 58 200
54 59 200
54 60 200
54 61 200
54 62 200
54 63 200
54 64 200
54 65 200
54 66 200
54 67 200
54 68 200
54 69 200
54 70 200
54 71 200
54 72 200
54 73 200
54 74 200
54 75 200
54 76 200
54 77 200
54 78 200
54 79 200
54 80 200
54 81 200
54 82 200
54 83 200
54 84 200
54 85 200
54 86 200
54 87 200
54 88 200
54 89 200
54 90 200
54 91 200
54 92 200
54 93 200
54 94 200
54 95 200
54 96 200
54 97 200
54 98 200
54 99 200
55 1 200
55 2 200
55 3 200
55 4 200
55 5 200
55 6 200
55 7 200
55 8 200
55 9 200
55 10 200
55 11 200
55 12 200
55 13 200
55 14 200
55 15 200
55 16 200
55 17 200
55 18 200
55 19 200
55 20 200
55 21 200
55 22 200
55 23 200
55 24 200
55 25 200
55 26 200
55 27 200
55 28 200
55 29 200
55 30 200
55 31 200
55 32 200
55 33 200
55 34 200
55 35 200
55 36 200
55 37 200
55 38 200
55 39 200
55 40 200
55 41 200
55 42 200
55 43 200
55 44 200
55 45 200
55 46 200
55 47 200
55 48 200
55 49 200
55 50 200
55 51 200
55 52 200
55 53 200
55 54 200
55 56 200
55 57 200
55 58 200
55 59 200
55 60 200
55 61 200
55 62 200
55 63 200
55 64 200
55 65 200
55 66 200
55 67 200
55 68 200
55 69 200
55 70 200
55 71 200
55 72 200
55 73 200
55 74 200
55 75 200
55 76 200
55 77 200
55 78 200
55 79 200
55 80 200
55 81 200
55 82 200
55 83 200
55 84 200
55 85 200
55 86 200
55 87 200
55 88 200
55 89 200
55 90 200
55 91 200
55 92 200
55 93 200
55 94 200
55 95 200
55 96 200
55 97 200
55 98 200
55 99 200
56 1 200
56 2 200
56 3 200
56 4 200
56 5 200
56 6 200
56 7 200
56 8 200
56 9 200
56 10 200
56 11 200
56 12 200
56 13 200
56 14 200
56 15 200
56 16 200
56 17 200
56 18 200
56 19 200
56 20 200
56 21 200
56 22 200
56 23 200
56 24 200
56 25 200
56 26 200
56 27 200
56 28 200
56 29 200
56 30 200
56 31 200
56 32 200
56 33 200
56 34 200
56 35 200
56 36 200
56 37 200
56 38 200
56 39 200
56 40 200
56 41 200
56 42 200
56 43 200
56 44 200
56 45 200
56 46 200
56 47 200
56 48 200
56 49 200
56 50 200
56 51 200
56 52 200
56 53 200
56 54 200
56 55 200
56 57 200
56 58 200
56 59 200
56 60 200
56 61 200
56 62 200
56 63 200
56 64 200
56 65 200
56 66 200
56 67 200
56 68 200
56 69 200
56 70 200
56 71 200
56 72 200
56 73 200
56 74 200
56 75 200
56 76 200
56 77 200
56 78 200
56 79 200
56 80 200
56 81 200
56 82 200
56 83 200
56 84 200
56 85 200
56 86 200
56 87 200
56 88 200
56 89 200
56 90 200
56 91 200
56 92 200
56 93 200
56 94 200
56 95 200
56 96 200
56 97 200
56 98 200
56 99 200
57 1 200
57 2 200
57 3 200
57 4 200
57 5 200
57 6 200
57 7 200
57 8 200
57 9 200
57 10 200
57 11 200
57 12 200
57 13 200
57 14 200
57 15 200
57 16 200
57 17 200
57 18 200
57 19 200
57 20 200
57 21 200
57 22 200
57 23 200
57 24 200
57 25 200
57 26 200
57 27 200
57 28 200
57 29 200
57 30 200
57 31 200
57 32 200
57 33 200
57 34 200
57 35 200
57 36 200
57 37 200
57 38 200
57 39 200
57 40 200
57 41 200
57 42 200
57 43 200
57 44 200
57 45 200
57 46 200
57 47 200
57 48 200
57 49 200
57 50 200
57 51 200
57 52 200
57 53 200
57 54 200
57 55 200
57 56 200
57 58 200
57 59 200
57 60 200
57 61 200
57 62 200
57 63 200
57 64 200
57 65 200
57 66 200
57 67 200
57 68 200
57 69 200
57 70 200
57 71 200
57 72 200
57 73 200
57 74 200
57 75 200
57 76 200
57 77 200
57 78 200
57 79 200
57 80 200
57 81 200
57 82 200
57 83 200
57 84 200
57 85 200
57 86 200
57 87 200
57 88 200
57 89 200
57 90 200
57 91 200
57 92 200
57 93 200
57 94 200
57 95 200
57 96 200
57 97 200
57 98 200
57 99 200
58 1 200
58 2 200
58 3 200
58 4 200
58 5 200
58 6 200
58 7 200
58 8 200
58 9 200
58 10 200
58 11 200
58 12 200
58 13 200
58 14 200
58 15 200
58 16 200
58 17 200
58 18 200
58 19 200
58 20 200
58 21 200
58 22 200
58 23 200
58 24 200
58 25 200
58 26 200
58 27 200
58 28 200
58 29 200
58 30 200
58 31 200
58 32 200
58 33 200
58 34 200
58 35 200
58 36 200
58 37 200
58 38 200
58 39 200
58 40 200
58 41 200
58 42 200
58 43 200
58 44 200
58 45 200
58 46 200
58 47 200
58 48 200
58 49 200
58 50 200
58 51 200
58 52 200
58 53 200
58 54 200
58 55 200
58 56 200
58 57 200
58 59 200
58 60 200
58 61 200
58 62 200
58 63 200
58 64 200
58 65 200
58 66 200
58 67 200
58 68 200
58 69 200
58 70 200
58 71 200
58 72 200
58 73 200
58 74 200
58 75 200
58 76 200
58 77 200
58 78 200
58 79 200
58 80 200
58 81 200
58 82 200
58 83 200
58 84 200
58 85 200
58 86 200
58 87 200
58 88 200
58 89 200
58 90 200
58 91 200
58 92 200
58 93 200
58 94 200
58 95 200
58 96 200
58 97 200
58 98 200
58 99 200
59 1 200
59 2 200
59 3 200
59 4 200
59 5 200
59 6 200
59 7 200
59 8 200
59 9 200
59 10 200
59 11 200
59 12 200
59 13 200
59 14 200
59 15 200
59 16 200
59 17 200
59 18 200
59 19 200
59 20 200
59 21 200
59 22 200
59 23 200
59 24 200
59 25 200
59 26 200
59 27 200
59 28 200
59 29 200
59 30 200
59 31 200
59 32 200
59 33 200
59 34 200
59 35 200
59 36 200
59 37 200
59 38 200
59 39 200
59 40 200
59 41 200
59 42 200
59 43 200
59 44 200
59 45 200
59 46 200
59 47 200
59 48 200
59 49 200
59 50 200
59 51 200
59 52 200
59 53 200
59 54 200
59 55 200
59 56 200
59 57 200
59 58 200
59 60 200
59 61 200
59 62 200
59 63 200
59 64 200
59 65 200
59 66 200
59 67 200
59 68 200
59 69 200
59 70 200
59 71 200
59 72 200
59 73 200
59 74 200
59 75 200
59 76 200
59 77 200
59 78 200
59 79 200
59 80 200
59 81 200
59 82 200
59 83 200
59 84 200
59 85 200
59 86 200
59 87 200
59 88 200
59 89 200
59 90 200
59 91 200
59 92 200
59 93 200
59 94 200
59 95 200
59 96 200
59 97 200
59 98 200
59 99 200
60 1 200
60 2 200
60 3 200
60 4 200
60 5 200
60 6 200
60 7 200
60 8 200
60 9 200
60 10 200
60 11 200
60 12 200
60 13 200
60 14 200
60 15 200
60 16 200
60 17 200
60 18 200
60 19 200
60 20 200
60 21 200
60 22 200
60 23 200
60 24 200
60 25 200
60 26 200
60 27 200
60 28 200
60 29 200
60 30 200
60 31 200
60 32 200
60 33 200
60 34 200
60 35 200
60 36 200
60 37 200
60 38 200
60 39 200
60 40 200
60 41 200
60 42 200
60 43 200
60 44 200
60 45 200
60 46 200
60 47 200
60 48 200
60 49 200
60 50 200
60 51 200
60 52 200
60 53 200
60 54 200
60 55 200
60 56 200
60 57 200
60 58 200
60 59 200
60 61 200
60 62 200
60 63 200
60 64 200
60 65 200
60 66 200
60 67 200
60 68 200
60 69 200
60 70 200
60 71 200
60 72 200
60 73 200
60 74 200
60 75 200
60 76 200
60 77 200
60 78 200
60 79 200
60 80 200
60 81 200
60 82 200
60 83 200
60 84 200
60 85 200
60 86 200
60 87 200
60 88 200
60 89 200
60 90 200
60 91 200
60 92 200
60 93 200
60 94 200
60 95 200
60 96 200
60 97 200
60 98 200
60 99 200
61 1 200
61 2 200
61 3 200
61 4 200
61 5 200
61 6 200
61 7 200
61 8 200
61 9 200
61 10 200
61 11 200
61 12 200
61 13 200
61 14 200
61 15 200
61 16 200
61 17 200
61 18 200
61 19 200
61 20 200
61 21 200
61 22 200
61 23 200
61 24 200
61 25 200
61 26 200
61 27 200
61 28 200
61 29 200
61 30 200
61 31 200
61 32 200
61 33 200
61 34 200
61 35 200
61 36 200
61 37 200
61 38 200
61 39 200
61 40 200
61 41 200
61 42 200
61 43 200
61 44 200
61 45 200
61 46 200
61 47 200
61 48 200
61 49 200
61 50 200
61 51 200
61 52 200
61 53 200
61 54 200
61 55 200
61 56 200
61 57 200
61 58 200
61 59 200
61 60 200
61 62 200
61 63 200
61 64 200
61 65 200
61 66 200
61 67 200
61 68 200
61 69 200
61 70 200
61 71 200
61 72 200
61 73 200
61 74 200
61 75 200
61 76 200
61 77 200
61 78 200
61 79 200
61 80 200
61 81 200
61 82 200
61 83 200
61 84 200
61 85 200
61 86 200
61 87 200
61 88 200
61 89 200
61 90 200
61 91 200
61 92 200
61 93 200
61 94 200
61 95 200
61 96 200
61 97 200
61 98 200
61 99 200
62 1 200
62 2 200
62 3 200
62 4 200
62 5 200
62 6 200
62 7 200
62 8 200
62 9 200
62 10 200
62 11 200
62 12 200
62 13 200
62 14 200
62 15 200
62 16 200
62 17 200
62 18 200
62 19 200
62 20 200
62 21 200
62 22 200
62 23 200
62 24 200
62 25 200
62 26 200
62 27 200
62 28 200
62 29 200
62 30 200
62 31 200
62 32 200
62 33 200
62 34 200
62 35 200
62 36 200
62 37 200
62 38 200
62 39 200
62 40 200
62 41 200
62 42 200
62 43 200
62 44 200
62 45 200
62 46 200
62 47 200
62 48 200
62 49 200
62 50 200
62 51 200
62 52 200
62 53 200
62 54 200
62 55 200
62 56 200
62 57 200
62 58 200
62 59 200
62 60 200
62 61 200
62 63 200
62 64 200
62 65 200
62 66 200
62 67 200
62 68 200
62 69 200
62 70 200
62 71 200
62 72 200
62 73 200
62 74 200
62 75 200
62 76 200
62 77 200
62 78 200
62 79 200
62 80 200
62 81 200
62 82 200
62 83 200
62 84 200
62 85 200
62 86 200
62 87 200
62 88 200
62 89 200
62 90 200
62 91 200
62 92 200
62 93 200
62 94 200
62 95 200
62 96 200
62 97 200
62 98 200
62 99 200
63 1 200
63 2 200
63 3 200
63 4 200
63 5 200
63 6 200
63 7 200
63 8 200
63 9 200
63 10 200
63 11 200
63 12 200
63 13 200
63 14 200
63 15 200
63 16 200
63 17 200
63 18 200
63 19 200
63 20 200
63 21 200
63 22 200
63 23 200
63 24 200
63 25 200
63 26 200
63 27 200
63 28 200
63 29 200
63 30 200
63 31 200
63 32 200
63 33 200
63 34 200
63 35 200
63 36 200
63 37 200
63 38 200
63 39 200
63 40 200
63 41 200
63 42 200
63 43 200
63 44 200
63 45 200
63 46 200
63 47 200
63 48 200
63 49 200
63 50 200
63 51 200
63 52 200
63 53 200
63 54 200
63 55 200
63 56 200
63 57 200
63 58 200
63 59 200
63 60 200
63 61 200
63 62 200
63 64 200
63 65 200
63 66 200
63 67 200
63 68 200
63 69 200
63 70 200
63 71 200
63 72 200
63 73 200
63 74 200
63 75 200
63 76 200
63 77 200
63 78 200
63 79 200
63 80 200
63 81 200
63 82 200
63 83 200
63 84 200
63 85 200
63 86 200
63 87 200
63 88 200
63 89 200
63 90 200
63 91 200
63 92 200
63 93 200
63 94 200
63 95 200
63 96 200
63 97 200
63 98 200
63 99 200
64 1 200
64 2 200
64 3 200
64 4 200
64 5 200
64 6 200
64 7 200
64 8 200
64 9 200
64 10 200
64 11 200
64 12 200
64 13 200
64 14 200
64 15 200
64 16 200
64 17 200
64 18 200
64 19 200
64 20 200
64 21 200
64 22 200
64 23 200
64 24 200
64 25 200
64 26 200
64 27 200
64 28 200
64 29 200
64 30 200
64 31 200
64 32 200
64 33 200
64 34 200
64 35 200
64 36 200
64 37 200
64 38 200
64 39 200
64 40 200
64 41 200
64 42 200
64 43 200
64 44 200
64 45 200
64 46 200
64 47 200
64 48 200
64 49 200
64 50 200
64 51 200
64 52 200
64 53 200
64 54 200
64 55 200
64 56 200
64 57 200
64 58 200
64 59 200
64 60 200
64 61 200
64 62 200
64 63 200
64 65 200
64 66 200
64 67 200
64 68 200
64 69 200
64 70 200
64 71 200
64 72 200
64 73 200
64 74 200
64 75 200
64 76 200
64 77 200
64 78 200
64 79 200
64 80 200
64 81 200
64 82 200
64 83 200
64 84 200
64 85 200
64 86 200
64 87 200
64 88 200
64 89 200
64 90 200
64 91 200
64 92 200
64 93 200
64 94 200
64 95 200
64 96 200
64 97 200
64 98 200
64 99 200
65 1 200
65 2 200
65 3 200
65 4 200
65 5 200
65 6 200
65 7 200
65 8 200
65 9 200
65 10 200
65 11 200
65 12 200
65 13 200
65 14 200
65 15 200
65 16 200
65 17 200
65 18 200
65 19 200
65 20 200
65 21 200
65 22 200
65 23 200
65 24 200
65 25 200
65 26 200
65 27 200
65 28 200
65 29 200
65 30 200
65 31 200
65 32 200
65 33 200
65 34 200
65 35 200
65 36 200
65 37 200
65 38 200
65 39 200
65 40 200
65 41 200
65 42 200
65 43 200
65 44 200
65 45 200
65 46 200
65 47 200
65 48 200
65 49 200
65 50 200
65 51 200
65 52 200
65 53 200
65 54 200
65 55 200
65 56 200
65 57 200
65 58 200
65 59 200
65 60 200
65 61 200
65 62 200
65 63 200
65 64 200
65 66 200
65 67 200
65 68 200
65 69 200
65 70 200
65 71 200
65 72 200
65 73 200
65 74 200
65 75 200
65 76 200
65 77 200
65 78 200
65 79 200
65 80 200
65 81 200
65 82 200
65 83 200
65 84 200
65 85 200
65 86 200
65 87 200
65 88 200
65 89 200
65 90 200
65 91 200
65 92 200
65 93 200
65 94 200
65 95 200
65 96 200
65 97 200
65 98 200
65 99 200
66 1 200
66 2 200
66 3 200
66 4 200
66 5 200
66 6 200
66 7 200
66 8 200
66 9 200
66 10 200
66 11 200
66 12 200
66 13 200
66 14 200
66 15 200
66 16 200
66 17 200
66 18 200
66 19 200
66 20 200
66 21 200
66 22 200
66 23 200
66 24 200
66 25 200
66 26 200
66 27 200
66 28 200
66 29 200
66 30 200
66 31 200
66 32 200
66 33 200
66 34 200
66 35 200
66 36 200
66 37 200
66 38 200
66 39 200
66 40 200
66 41 200
66 42 200
66 43 200
66 44 200
66 45 200
66 46 200
66 47 200
66 48 200
66 49 200
66 50 200
66 51 200
66 52 200
66 53 200
66 54 200
66 55 200
66 56 200
66 57 200
66 58 200
66 59 200
66 60 200
66 61 200
66 62 200
66 63 200
66 64 200
66 65 200
66 67 200
66 68 200
66 69 200
66 70 200
66 71 200
66 72 200
66 73 200
66 74 200
66 75 200
66 76 200
66 77 200
66 78 200
66 79 200
66 80 200
66 81 200
66 82 200
66 83 200
66 84 200
66 85 200
66 86 200
66 87 200
66 88 200
66 89 200
66 90 200
66 91 200
66 92 200
66 93 200
66 94 200
66 95 200
66 96 200
66 97 200
66 98 200
66 99 200
67 1 200
67 2 200
67 3 200
67 4 200
67 5 200
67 6 200
67 7 200
67 8 200
67 9 200
67 10 200
67 11 200
67 12 200
67 13 200
67 14 200
67 15 200
67 16 200
67 17 200
67 18 200
67 19 200
67 20 200
67 21 200
67 22 200
67 23 200
67 24 200
67 25 200
67 26 200
67 27 200
67 28 200
67 29 200
67 30 200
67 31 200
67 32 200
67 33 200
67 34 200
67 35 200
67 36 200
67 37 200
67 38 200
67 39 200
67 40 200
67 41 200
67 42 200
67 43 200
67 44 200
67 45 200
67 46 200
67 47 200
67 48 200
67 49 200
67 50 200
67 51 200
67 52 200
67 53 200
67 54 200
67 55 200
67 56 200
67 57 200
67 58 200
67 59 200
67 60 200
67 61 200
67 62 200
67 63 200
67 64 200
67 65 200
67 66 200
67 68 200
67 69 200
67 70 200
67 71 200
67 72 200
67 73 200
67 74 200
67 75 200
67 76 200
67 77 200
67 78 200
67 79 200
67 80 200
67 81 200
67 82 200
67 83 200
67 84 200
67 85 200
67 86 200
67 87 200
67 88 200
67 89 200
67 90 200
67 91 200
67 92 200
67 93 200
67 94 200
67 95 200
67 96 200
67 97 200
67 98 200
67 99 200
68 1 200
68 2 200
68 3 200
68 4 200
68 5 200
68 6 200
68 7 200
68 8 200
68 9 200
68 10 200
68 11 200
68 12 200
68 13 200
68 14 200
68 15 200
68 16 200
68 17 200
68 18 200
68 19 200
68 20 200
68 21 200
68 22 200
68 23 200
68 24 200
68 25 200
68 26 200
68 27 200
68 28 200
68 29 200
68 30 200
68 31 200
68 32 200
68 33 200
68 34 200
68 35 200
68 36 200
68 37 200
68 38 200
68 39 200
68 40 200
68 41 200
68 42 200
68 43 200
68 44 200
68 45 200
68 46 200
68 47 200
68 48 200
68 49 200
68 50 200
68 51 200
68 52 200
68 53 200
68 54 200
68 55 200
68 56 200
68 57 200
68 58 200
68 59 200
68 60 200
68 61 200
68 62 200
68 63 200
68 64 200
68 65 200
68 66 200
68 67 200
68 69 200
68 70 200
68 71 200
68 72 200
68 73 200
68 74 200
68 75 200
68 76 200
68 77 200
68 78 200
68 79 200
68 80 200
68 81 200
68 82 200
68 83 200
68 84 200
68 85 200
68 86 200
68 87 200
68 88 200
68 89 200
68 90 200
68 91 200
68 92 200
68 93 200
68 94 200
68 95 200
68 96 200
68 97 200
68 98 200
68 99 200
69 1 200
69 2 200
69 3 200
69 4 200
69 5 200
69 6 200
69 7 200
69 8 200
69 9 200
69 10 200
69 11 200
69 12 200
69 13 200
69 14 200
69 15 200
69 16 200
69 17 200
69 18 200
69 19 200
69 20 200
69 21 200
69 22 200
69 23 200
69 24 200
69 25 200
69 26 200
69 27 200
69 28 200
69 29 200
69 30 200
69 31 200
69 32 200
69 33 200
69 34 200
69 35 200
69 36 200
69 37 200
69 38 200
69 39 200
69 40 200
69 41 200
69 42 200
69 43 200
69 44 200
69 45 200
69 46 200
69 47 200
69 48 200
69 49 200
69 50 200
69 51 200
69 52 200
69 53 200
69 54 200
69 55 200
69 56 200
69 57 200
69 58 200
69 59 200
69 60 200
69 61 200
69 62 200
69 63 200
69 64 200
69 65 200
69 66 200
69 67 200
69 68 200
69 70 200
69 71 200
69 72 200
69 73 200
69 74 200
69 75 200
69 76 200
69 77 200
69 78 200
69 79 200
69 80 200
69 81 200
69 82 200
69 83 200
69 84 200
69 85 200
69 86 200
69 87 200
69 88 200
69 89 200
69 90 200
69 91 200
69 92 200
69 93 200
69 94 200
69 95 200
69 96 200
69 97 200
69 98 200
69 99 200
70 1 200
70 2 200
70 3 200
70 4 200
70 5 200
70 6 200
70 7 200
70 8 200
70 9 200
70 10 200
70 11 200
70 12 200
70 13 200
70 14 200
70 15 200
70 16 200
70 17 200
70 18 200
70 19 200
70 20 200
70 21 200
70 22 200
70 23 200
70 24 200
70 25 200
70 26 200
70 27 200
70 28 200
70 29 200
70 30 200
70 31 200
70 32 200
70 33 200
70 34 200
70 35 200
70 36 200
70 37 200
70 38 200
70 39 200
70 40 200
70 41 200
70 42 200
70 43 200
70 44 200
70 45 200
70 46 200
70 47 200
70 48 200
70 49 200
70 50 200
70 51 200
70 52 200
70 53 200
70 54 200
70 55 200
70 56 200
70 57 200
70 58 200
70 59 200
70 60 200
70 61 200
70 62 200
70 63 200
70 64 200
70 65 200
70 66 200
70 67 200
70 68 200
70 69 200
70 71 200
70 72 200
70 73 200
70 74 200
70 75 200
70 76 200
70 77 200
70 78 200
70 79 200
70 80 200
70 81 200
70 82 200
70 83 200
70 84 200
70 85 200
70 86 200
70 87 200
70 88 200
70 89 200
70 90 200
70 91 200
70 92 200
70 93 200
70 94 200
70 95 200
70 96 200
70 97 200
70 98 200
70 99 200
71 1 200
71 2 200
71 3 200
71 4 200
71 5 200
71 6 200
71 7 200
71 8 200
71 9 200
71 10 200
71 11 200
71 12 200
71 13 200
71 14 200
71 15 200
71 16 200
71 17 200
71 18 200
71 19 200
71 20 200
71 21 200
71 22 200
71 23 200
71 24 200
71 25 200
71 26 200
71 27 200
71 28 200
71 29 200
71 30 200
71 31 200
71 32 200
71 33 200
71 34 200
71 35 200
71 36 200
71 37 200
71 38 200
71 39 200
71 40 200
71 41 200
71 42 200
71 43 200
71 44 200
71 45 200
71 46 200
71 47 200
71 48 200
71 49 200
71 50 200
71 51 200
71 52 200
71 53 200
71 54 200
71 55 200
71 56 200
71 57 200
71 58 200
71 59 200
71 60 200
71 61 200
71 62 200
71 63 200
71 64 200
71 65 200
71 66 200
71 67 200
71 68 200
71 69 200
71 70 200
71 72 200
71 73 200
71 74 200
71 75 200
71 76 200
71 77 200
71 78 200
71 79 200
71 80 200
71 81 200
71 82 200
71 83 200
71 84 200
71 85 200
71 86 200
71 87 200
71 88 200
71 89 200
71 90 200
71 91 200
71 92 200
71 93 200
71 94 200
71 95 200
71 96 200
71 97 200
71 98 200
71 99 200
72 1 200
72 2 200
72 3 200
72 4 200
72 5 200
72 6 200
72 7 200
72 8 200
72 9 200
72 10 200
72 11 200
72 12 200
72 13 200
72 14 200
72 15 200
72 16 200
72 17 200
72 18 200
72 19 200
72 20 200
72 21 200
72 22 200
72 23 200
72 24 200
72 25 200
72 26 200
72 27 200
72 28 200
72 29 200
72 30 200
72 31 200
72 32 200
72 33 200
72 34 200
72 35 200
72 36 200
72 37 200
72 38 200
72 39 200
72 40 200
72 41 200
72 42 200
72 43 200
72 44 200
72 45 200
72 46 200
72 47 200
72 48 200
72 49 200
72 50 200
72 51 200
72 52 200
72 53 200
72 54 200
72 55 200
72 56 200
72 57 200
72 58 200
72 59 200
72 60 200
72 61 200
72 62 200
72 63 200
72 64 200
72 65 200
72 66 200
72 67 200
72 68 200
72 69 200
72 70 200
72 71 200
72 73 200
72 74 200
72 75 200
72 76 200
72 77 200
72 78 200
72 79 200
72 80 200
72 81 200
72 82 200
72 83 200
72 84 200
72 85 200
72 86 200
72 87 200
72 88 200
72 89 200
72 90 200
72 91 200
72 92 200
72 93 200
72 94 200
72 95 200
72 96 200
72 97 200
72 98 200
72 99 200
73 1 200
73 2 200
73 3 200
73 4 200
73 5 200
73 6 200
73 7 200
73 8 200
73 9 200
73 10 200
73 11 200
73 12 200
73 13 200
73 14 200
73 15 200
73 16 200
73 17 200
73 18 200
73 19 200
73 20 200
73 21 200
73 22 200
73 23 200
73 24 200
73 25 200
73 26 200
73 27 200
73 28 200
73 29 200
73 30 200
73 31 200
73 32 200
73 33 200
73 34 200
73 35 200
73 36 200
73 37 200
73 38 200
73 39 200
73 40 200
73 41 200
73 42 200
73 43 200
73 44 200
73 45 200
73 46 200
73 47 200
73 48 200
73 49 200
73 50 200
73 51 200
73 52 200
73 53 200
73 54 200
73 55 200
73 56 200
73 57 200
73 58 200
73 59 200
73 60 200
73 61 200
73 62 200
73 63 200
73 64 200
73 65 200
73 66 200
73 67 200
73 68 200
73 69 200
73 70 200
73 71 200
73 72 200
73 74 200
73 75 200
73 76 200
73 77 200
73 78 200
73 79 200
73 80 200
73 81 200
73 82 200
73 83 200
73 84 200
73 85 200
73 86 200
73 87 200
73 88 200
73 89 200
73 90 200
73 91 200
73 92 200
73 93 200
73 94 200
73 95 200
73 96 200
73 97 200
73 98 200
73 99 200
74 1 200
74 2 200
74 3 200
74 4 200
74 5 200
74 6 200
74 7 200
74 8 200
74 9 200
74 10 200
74 11 200
74 12 200
74 13 200
74 14 200
74 15 200
74 16 200
74 17 200
74 18 200
74 19 200
74 20 200
74 21 200
74 22 200
74 23 200
74 24 200
74 25 200
74 26 200
74 27 200
74 28 200
74 29 200
74 30 200
74 31 200
74 32 200
74 33 200
74 34 200
74 35 200
74 36 200
74 37 200
74 38 200
74 39 200
74 40 200
74 41 200
74 42 200
74 43 200
74 44 200
74 45 200
74 46 200
74 47 200
74 48 200
74 49 200
74 50 200
74 51 200
74 52 200
74 53 200
74 54 200
74 55 200
74 56 200
74 57 200
74 58 200
74 59 200
74 60 200
74 61 200
74 62 200
74 63 200
74 64 200
74 65 200
74 66 200
74 67 200
74 68 200
74 69 200
74 70 200
74 71 200
74 72 200
74 73 200
74 75 200
74 76 200
74 77 200
74 78 200
74 79 200
74 80 200
74 81 200
74 82 200
74 83 200
74 84 200
74 85 200
74 86 200
74 87 200
74 88 200
74 89 200
74 90 200
74 91 200
74 92 200
74 93 200
74 94 200
74 95 200
74 96 200
74 97 200
74 98 200
74 99 200
75 1 200
75 2 200
75 3 200
75 4 200
75 5 200
75 6 200
75 7 200
75 8 200
75 9 200
75 10 200
75 11 200
75 12 200
75 13 200
75 14 200
75 15 200
75 16 200
75 17 200
75 18 200
75 19 200
75 20 200
75 21 200
75 22 200
75 23 200
75 24 200
75 25 200
75 26 200
75 27 200
75 28 200
75 29 200
75 30 200
75 31 200
75 32 200
75 33 200
75 34 200
75 35 200
75 36 200
75 37 200
75 38 200
75 39 200
75 40 200
75 41 200
75 42 200
75 43 200
75 44 200
75 45 200
75 46 200
75 47 200
75 48 200
75 49 200
75 50 200
75 51 200
75 52 200
75 53 200
75 54 200
75 55 200
75 56 200
75 57 200
75 58 200
75 59 200
75 60 200
75 61 200
75 62 200
75 63 200
75 64 200
75 65 200
75 66 200
75 67 200
75 68 200
75 69 200
75 70 200
75 71 200
75 72 200
75 73 200
75 74 200
75 76 200
75 77 200
75 78 200
75 79 200
75 80 200
75 81 200
75 82 200
75 83 200
75 84 200
75 85 200
75 86 200
75 87 200
75 88 200
75 89 200
75 90 200
75 91 200
75 92 200
75 93 200
75 94 200
75 95 200
75 96 200
75 97 200
75 98 200
75 99 200
76 1 200
76 2 200
76 3 200
76 4 200
76 5 200
76 6 200
76 7 200
76 8 200
76 9 200
76 10 200
76 11 200
76 12 200
76 13 200
76 14 200
76 15 200
76 16 200
76 17 200
76 18 200
76 19 200
76 20 200
76 21 200
76 22 200
76 23 200
76 24 200
76 25 200
76 26 200
76 27 200
76 28 200
76 29 200
76 30 200
76 31 200
76 32 200
76 33 200
76 34 200
76 35 200
76 36 200
76 37 200
76 38 200
76 39 200
76 40 200
76 41 200
76 42 200
76 43 200
76 44 200
76 45 200
76 46 200
76 47 200
76 48 200
76 49 200
76 50 200
76 51 200
76 52 200
76 53 200
76 54 200
76 55 200
76 56 200
76 57 200
76 58 200
76 59 200
76 60 200
76 61 200
76 62 200
76 63 200
76 64 200
76 65 200
76 66 200
76 67 200
76 68 200
76 69 200
76 70 200
76 71 200
76 72 200
76 73 200
76 74 200
76 75 200
76 77 200
76 78 200
76 79 200
76 80 200
76 81 200
76 82 200
76 83 200
76 84 200
76 85 200
76 86 200
76 87 200
76 88 200
76 89 200
76 90 200
76 91 200
76 92 200
76 93 200
76 94 200
76 95 200
76 96 200
76 97 200
76 98 200
76 99 200
77 1 200
77 2 200
77 3 200
77 4 200
77 5 200
77 6 200
77 7 200
77 8 200
77 9 200
77 10 200
77 11 200
77 12 200
77 13 200
77 14 200
77 15 200
77 16 200
77 17 200
77 18 200
77 19 200
77 20 200
77 21 200
77 22 200
77 23 200
77 24 200
77 25 200
77 26 200
77 27 200
77 28 200
77 29 200
77 30 200
77 31 200
77 32 200
77 33 200
77 34 200
77 35 200
77 36 200
77 37 200
77 38 200
77 39 200
77 40 200
77 41 200
77 42 200
77 43 200
77 44 200
77 45 200
77 46 200
77 47 200
77 48 200
77 49 200
77 50 200
77 51 200
77 52 200
77 53 200
77 54 200
77 55 200
77 56 200
77 57 200
77 58 200
77 59 200
77 60 200
77 61 200
77 62 200
77 63 200
77 64 200
77 65 200
77 66 200
77 67 200
77 68 200
77 69 200
77 70 200
77 71 200
77 72 200
77 73 200
77 74 200
77 75 200
77 76 200
77 78 200
77 79 200
77 80 200
77 81 200
77 82 200
77 83 200
77 84 200
77 85 200
77 86 200
77 87 200
77 88 200
77 89 200
77 90 200
77 91 200
77 92 200
77 93 200
77 94 200
77 95 200
77 96 200
77 97 200
77 98 200
77 99 200
78 1 200
78 2 200
78 3 200
78 4 200
78 5 200
78 6 200
78 7 200
78 8 200
78 9 200
78 10 200
78 11 200
78 12 200
78 13 200
78 14 200
78 15 200
78 16 200
78 17 200
78 18 200
78 19 200
78 20 200
78 21 200
78 22 200
78 23 200
78 24 200
78 25 200
78 26 200
78 27 200
78 28 200
78 29 200
78 30 200
78 31 200
78 32 200
78 33 200
78 34 200
78 35 200
78 36 200
78 37 200
78 38 200
78 39 200
78 40 200
78 41 200
78 42 200
78 43 200
78 44 200
78 45 200
78 46 200
78 47 200
78 48 200
78 49 200
78 50 200
78 51 200
78 52 200
78 53 200
78 54 200
78 55 200
78 56 200
78 57 200
78 58 200
78 59 200
78 60 200
78 61 200
78 62 200
78 63 200
78 64 200
78 65 200
78 66 200
78 67 200
78 68 200
78 69 200
78 70 200
78 71 200
78 72 200
78 73 200
78 74 200
78 75 200
78 76 200
78 77 200
78 79 200
78 80 200
78 81 200
78 82 200
78 83 200
78 84 200
78 85 200
78 86 200
78 87 200
78 88 200
78 89 200
78 90 200
78 91 200
78 92 200
78 93 200
78 94 200
78 95 200
78 96 200
78 97 200
78 98 200
78 99 200
79 1 200
79 2 200
79 3 200
79 4 200
79 5 200
79 6 200
79 7 200
79 8 200
79 9 200
79 10 200
79 11 200
79 12 200
79 13 200
79 14 200
79 15 200
79 16 200
79 17 200
79 18 200
79 19 200
79 20 200
79 21 200
79 22 200
79 23 200
79 24 200
79 25 200
79 26 200
79 27 200
79 28 200
79 29 200
79 30 200
79 31 200
79 32 200
79 33 200
79 34 200
79 35 200
79 36 200
79 37 200
79 38 200
79 39 200
79 40 200
79 41 200
79 42 200
79 43 200
79 44 200
79 45 200
79 46 200
79 47 200
79 48 200
79 49 200
79 50 200
79 51 200
79 52 200
79 53 200
79 54 200
79 55 200
79 56 200
79 57 200
79 58 200
79 59 200
79 60 200
79 61 200
79 62 200
79 63 200
79 64 200
79 65 200
79 66 200
79 67 200
79 68 200
79 69 200
79 70 200
79 71 200
79 72 200
79 73 200
79 74 200
79 75 200
79 76 200
79 77 200
79 78 200
79 80 200
79 81 200
79 82 200
79 83 200
79 84 200
79 85 200
79 86 200
79 87 200
79 88 200
79 89 200
79 90 200
79 91 200
79 92 200
79 93 200
79 94 200
79 95 200
79 96 200
79 97 200
79 98 200
79 99 200
80 1 200
80 2 200
80 3 200
80 4 200
80 5 200
80 6 200
80 7 200
80 8 200
80 9 200
80 10 200
80 11 200
80 12 200
80 13 200
80 14 200
80 15 200
80 16 200
80 17 200
80 18 200
80 19 200
80 20 200
80 21 200
80 22 200
80 23 200
80 24 200
80 25 200
80 26 200
80 27 200
80 28 200
80 29 200
80 30 200
80 31 200
80 32 200
80 33 200
80 34 200
80 35 200
80 36 200
80 37 200
80 38 200
80 39 200
80 40 200
80 41 200
80 42 200
80 43 200
80 44 200
80 45 200
80 46 200
80 47 200
80 48 200
80 49 200
80 50 200
80 51 200
80 52 200
80 53 200
80 54 200
80 55 200
80 56 200
80 57 200
80 58 200
80 59 200
80 60 200
80 61 200
80 62 200
80 63 200
80 64 200
80 65 200
80 66 200
80 67 200
80 68 200
80 69 200
80 70 200
80 71 200
80 72 200
80 73 200
80 74 200
80 75 200
80 76 200
80 77 200
80 78 200
80 79 200
80 81 200
80 82 200
80 83 200
80 84 200
80 85 200
80 86 200
80 87 200
80 88 200
80 89 200
80 90 200
80 91 200
80 92 200
80 93 200
80 94 200
80 95 200
80 96 200
80 97 200
80 98 200
80 99 200
81 1 200
81 2 200
81 3 200
81 4 200
81 5 200
81 6 200
81 7 200
81 8 200
81 9 200
81 10 200
81 11 200
81 12 200
81 13 200
81 14 200
81 15 200
81 16 200
81 17 200
81 18 200
81 19 200
81 20 200
81 21 200
81 22 200
81 23 200
81 24 200
81 25 200
81 26 200
81 27 200
81 28 200
81 29 200
81 30 200
81 31 200
81 32 200
81 33 200
81 34 200
81 35 200
81 36 200
81 37 200
81 38 200
81 39 200
81 40 200
81 41 200
81 42 200
81 43 200
81 44 200
81 45 200
81 46 200
81 47 200
81 48 200
81 49 200
81 50 200
81 51 200
81 52 200
81 53 200
81 54 200
81 55 200
81 56 200
81 57 200
81 58 200
81 59 200
81 60 200
81 61 200
81 62 200
81 63 200
81 64 200
81 65 200
81 66 200
81 67 200
81 68 200
81 69 200
81 70 200
81 71 200
81 72 200
81 73 200
81 74 200
81 75 200
81 76 200
81 77 200
81 78 200
81 79 200
81 80 200
81 82 200
81 83 200
81 84 200
81 85 200
81 86 200
81 87 200
81 88 200
81 89 200
81 90 200
81 91 200
81 92 200
81 93 200
81 94 200
81 95 200
81 96 200
81 97 200
81 98 200
81 99 200
82 1 200
82 2 200
82 3 200
82 4 200
82 5 200
82 6 200
82 7 200
82 8 200
82 9 200
82 10 200
82 11 200
82 12 200
82 13 200
82 14 200
82 15 200
82 16 200
82 17 200
82 18 200
82 19 200
82 20 200
82 21 200
82 22 200
82 23 200
82 24 200
82 25 200
82 26 200
82 27 200
82 28 200
82 29 200
82 30 200
82 31 200
82 32 200
82 33 200
82 34 200
82 35 200
82 36 200
82 37 200
82 38 200
82 39 200
82 40 200
82 41 200
82 42 200
82 43 200
82 44 200
82 45 200
82 46 200
82 47 200
82 48 200
82 49 200
82 50 200
82 51 200
82 52 200
82 53 200
82 54 200
82 55 200
82 56 200
82 57 200
82 58 200
82 59 200
82 60 200
82 61 200
82 62 200
82 63 200
82 64 200
82 65 200
82 66 200
82 67 200
82 68 200
82 69 200
82 70 200
82 71 200
82 72 200
82 73 200
82 74 200
82 75 200
82 76 200
82 77 200
82 78 200
82 79 200
82 80 200
82 81 200
82 83 200
82 84 200
82 85 200
82 86 200
82 87 200
82 88 200
82 89 200
82 90 200
82 91 200
82 92 200
82 93 200
82 94 200
82 95 200
82 96 200
82 97 200
82 98 200
82 99 200
83 1 200
83 2 200
83 3 200
83 4 200
83 5 200
83 6 200
83 7 200
83 8 200
83 9 200
83 10 200
83 11 200
83 12 200
83 13 200
83 14 200
83 15 200
83 16 200
83 17 200
83 18 200
83 19 200
83 20 200
83 21 200
83 22 200
83 23 200
83 24 200
83 25 200
83 26 200
83 27 200
83 28 200
83 29 200
83 30 200
83 31 200
83 32 200
83 33 200
83 34 200
83 35 200
83 36 200
83 37 200
83 38 200
83 39 200
83 40 200
83 41 200
83 42 200
83 43 200
83 44 200
83 45 200
83 46 200
83 47 200
83 48 200
83 49 200
83 50 200
83 51 200
83 52 200
83 53 200
83 54 200
83 55 200
83 56 200
83 57 200
83 58 200
83 59 200
83 60 200
83 61 200
83 62 200
83 63 200
83 64 200
83 65 200
83 66 200
83 67 200
83 68 200
83 69 200
83 70 200
83 71 200
83 72 200
83 73 200
83 74 200
83 75 200
83 76 200
83 77 200
83 78 200
83 79 200
83 80 200
83 81 200
83 82 200
83 84 200
83 85 200
83 86 200
83 87 200
83 88 200
83 89 200
83 90 200
83 91 200
83 92 200
83 93 200
83 94 200
83 95 200
83 96 200
83 97 200
83 98 200
83 99 200
84 1 200
84 2 200
84 3 200
84 4 200
84 5 200
84 6 200
84 7 200
84 8 200
84 9 200
84 10 200
84 11 200
84 12 200
84 13 200
84 14 200
84 15 200
84 16 200
84 17 200
84 18 200
84 19 200
84 20 200
84 21 200
84 22 200
84 23 200
84 24 200
84 25 200
84 26 200
84 27 200
84 28 200
84 29 200
84 30 200
84 31 200
84 32 200
84 33 200
84 34 200
84 35 200
84 36 200
84 37 200
84 38 200
84 39 200
84 40 200
84 41 200
84 42 200
84 43 200
84 44 200
84 45 200
84 46 200
84 47 200
84 48 200
84 49 200
84 50 200
84 51 200
84 52 200
84 53 200
84 54 200
84 55 200
84 56 200
84 57 200
84 58 200
84 59 200
84 60 200
84 61 200
84 62 200
84 63 200
84 64 200
84 65 200
84 66 200
84 67 200
84 68 200
84 69 200
84 70 200
84 71 200
84 72 200
84 73 200
84 74 200
84 75 200
84 76 200
84 77 200
84 78 200
84 79 200
84 80 200
84 81 200
84 82 200
84 83 200
84 85 200
84 86 200
84 87 200
84 88 200
84 89 200
84 90 200
84 91 200
84 92 200
84 93 200
84 94 200
84 95 200
84 96 200
84 97 200
84 98 200
84 99 200
85 1 200
85 2 200
85 3 200
85 4 200
85 5 200
85 6 200
85 7 200
85 8 200
85 9 200
85 10 200
85 11 200
85 12 200
85 13 200
85 14 200
85 15 200
85 16 200
85 17 200
85 18 200
85 19 200
85 20 200
85 21 200
85 22 200
85 23 200
85 24 200
85 25 200
85 26 200
85 27 200
85 28 200
85 29 200
85 30 200
85 31 200
85 32 200
85 33 200
85 34 200
85 35 200
85 36 200
85 37 200
85 38 200
85 39 200
85 40 200
85 41 200
85 42 200
85 43 200
85 44 200
85 45 200
85 46 200
85 47 200
85 48 200
85 49 200
85 50 200
85 51 200
85 52 200
85 53 200
85 54 200
85 55 200
85 56 200
85 57 200
85 58 200
85 59 200
85 60 200
85 61 200
85 62 200
85 63 200
85 64 200
85 65 200
85 66 200
85 67 200
85 68 200
85 69 200
85 70 200
85 71 200
85 72 200
85 73 200
85 74 200
85 75 200
85 76 200
85 77 200
85 78 200
85 79 200
85 80 200
85 81 200
85 82 200
85 83 200
85 84 200
85 86 200
85 87 200
85 88 200
85 89 200
85 90 200
85 91 200
85 92 200
85 93 200
85 94 200
85 95 200
85 96 200
85 97 200
85 98 200
85 99 200
86 1 200
86 2 200
86 3 200
86 4 200
86 5 200
86 6 200
86 7 200
86 8 200
86 9 200
86 10 200
86 11 200
86 12 200
86 13 200
86 14 200
86 15 200
86 16 200
86 17 200
86 18 200
86 19 200
86 20 200
86 21 200
86 22 200
86 23 200
86 24 200
86 25 200
86 26 200
86 27 200
86 28 200
86 29 200
86 30 200
86 31 200
86 32 200
86 33 200
86 34 200
86 35 200
86 36 200
86 37 200
86 38 200
86 39 200
86 40 200
86 41 200
86 42 200
86 43 200
86 44 200
86 45 200
86 46 200
86 47 200
86 48 200
86 49 200
86 50 200
86 51 200
86 52 200
86 53 200
86 54 200
86 55 200
86 56 200
86 57 200
86 58 200
86 59 200
86 60 200
86 61 200
86 62 200
86 63 200
86 64 200
86 65 200
86 66 200
86 67 200
86 68 200
86 69 200
86 70 200
86 71 200
86 72 200
86 73 200
86 74 200
86 75 200
86 76 200
86 77 200
86 78 200
86 79 200
86 80 200
86 81 200
86 82 200
86 83 200
86 84 200
86 85 200
86 87 200
86 88 200
86 89 200
86 90 200
86 91 200
86 92 200
86 93 200
86 94 200
86 95 200
86 96 200
86 97 200
86 98 200
86 99 200
87 1 200
87 2 200
87 3 200
87 4 200
87 5 200
87 6 200
87 7 200
87 8 200
87 9 200
87 10 200
87 11 200
87 12 200
87 13 200
87 14 200
87 15 200
87 16 200
87 17 200
87 18 200
87 19 200
87 20 200
87 21 200
87 22 200
87 23 200
87 24 200
87 25 200
87 26 200
87 27 200
87 28 200
87 29 200
87 30 200
87 31 200
87 32 200
87 33 200
87 34 200
87 35 200
87 36 200
87 37 200
87 38 200
87 39 200
87 40 200
87 41 200
87 42 200
87 43 200
87 44 200
87 45 200
87 46 200
87 47 200
87 48 200
87 49 200
87 50 200
87 51 200
87 52 200
87 53 200
87 54 200
87 55 200
87 56 200
87 57 200
87 58 200
87 59 200
87 60 200
87 61 200
87 62 200
87 63 200
87 64 200
87 65 200
87 66 200
87 67 200
87 68 200
87 69 200
87 70 200
87 71 200
87 72 200
87 73 200
87 74 200
87 75 200
87 76 200
87 77 200
87 78 200
87 79 200
87 80 200
87 81 200
87 82 200
87 83 200
87 84 200
87 85 200
87 86 200
87 88 200
87 89 200
87 90 200
87 91 200
87 92 200
87 93 200
87 94 200
87 95 200
87 96 200
87 97 200
87 98 200
87 99 200
88 1 200
88 2 200
88 3 200
88 4 200
88 5 200
88 6 200
88 7 200
88 8 200
88 9 200
88 10 200
88 11 200
88 12 200
88 13 200
88 14 200
88 15 200
88 16 200
88 17 200
88 18 200
88 19 200
88 20 200
88 21 200
88 22 200
88 23 200
88 24 200
88 25 200
88 26 200
88 27 200
88 28 200
88 29 200
88 30 200
88 31 200
88 32 200
88 33 200
88 34 200
88 35 200
88 36 200
88 37 200
88 38 200
88 39 200
88 40 200
88 41 200
88 42 200
88 43 200
88 44 200
88 45 200
88 46 200
88 47 200
88 48 200
88 49 200
88 50 200
88 51 200
88 52 200
88 53 200
88 54 200
88 55 200
88 56 200
88 57 200
88 58 200
88 59 200
88 60 200
88 61 200
88 62 200
88 63 200
88 64 200
88 65 200
88 66 200
88 67 200
88 68 200
88 69 200
88 70 200
88 71 200
88 72 200
88 73 200
88 74 200
88 75 200
88 76 200
88 77 200
88 78 200
88 79 200
88 80 200
88 81 200
88 82 200
88 83 200
88 84 200
88 85 200
88 86 200
88 87 200
88 89 200
88 90 200
88 91 200
88 92 200
88 93 200
88 94 200
88 95 200
88 96 200
88 97 200
88 98 200
88 99 200
89 1 200
89 2 200
89 3 200
89 4 200
89 5 200
89 6 200
89 7 200
89 8 200
89 9 200
89 10 200
89 11 200
89 12 200
89 13 200
89 14 200
89 15 200
89 16 200
89 17 200
89 18 200
89 19 200
89 20 200
89 21 200
89 22 200
89 23 200
89 24 200
89 25 200
89 26 200
89 27 200
89 28 200
89 29 200
89 30 200
89 31 200
89 32 200
89 33 200
89 34 200
89 35 200
89 36 200
89 37 200
89 38 200
89 39 200
89 40 200
89 41 200
89 42 200
89 43 200
89 44 200
89 45 200
89 46 200
89 47 200
89 48 200
89 49 200
89 50 200
89 51 200
89 52 200
89 53 200
89 54 200
89 55 200
89 56 200
89 57 200
89 58 200
89 59 200
89 60 200
89 61 200
89 62 200
89 63 200
89 64 200
89 65 200
89 66 200
89 67 200
89 68 200
89 69 200
89 70 200
89 71 200
89 72 200
89 73 200
89 74 200
89 75 200
89 76 200
89 77 200
89 78 200
89 79 200
89 80 200
89 81 200
89 82 200
89 83 200
89 84 200
89 85 200
89 86 200
89 87 200
89 88 200
89 90 200
89 91 200
89 92 200
89 93 200
89 94 200
89 95 200
89 96 200
89 97 200
89 98 200
89 99 200
90 1 200
90 2 200
90 3 200
90 4 200
90 5 200
90 6 200
90 7 200
90 8 200
90 9 200
90 10 200
90 11 200
90 12 200
90 13 200
90 14 200
90 15 200
90 16 200
90 17 200
90 18 200
90 19 200
90 20 200
90 21 200
90 22 200
90 23 200
90 24 200
90 25 200
90 26 200
90 27 200
90 28 200
90 29 200
90 30 200
90 31 200
90 32 200
90 33 200
90 34 200
90 35 200
90 36 200
90 37 200
90 38 200
90 39 200
90 40 200
90 41 200
90 42 200
90 43 200
90 44 200
90 45 200
90 46 200
90 47 200
90 48 200
90 49 200
90 50 200
90 51 200
90 52 200
90 53 200
90 54 200
90 55 200
90 56 200
90 57 200
90 58 200
90 59 200
90 60 200
90 61 200
90 62 200
90 63 200
90 64 200
90 65 200
90 66 200
90 67 200
90 68 200
90 69 200
90 70 200
90 71 200
90 72 200
90 73 200
90 74 200
90 75 200
90 76 200
90 77 200
90 78 200
90 79 200
90 80 200
90 81 200
90 82 200
90 83 200
90 84 200
90 85 200
90 86 200
90 87 200
90 88 200
90 89 200
90 91 200
90 92 200
90 93 200
90 94 200
90 95 200
90 96 200
90 97 200
90 98 200
90 99 200
91 1 200
91 2 200
91 3 200
91 4 200
91 5 200
91 6 200
91 7 200
91 8 200
91 9 200
91 10 200
91 11 200
91 12 200
91 13 200
91 14 200
91 15 200
91 16 200
91 17 200
91 18 200
91 19 200
91 20 200
91 21 200
91 22 200
91 23 200
91 24 200
91 25 200
91 26 200
91 27 200
91 28 200
91 29 200
91 30 200
91 31 200
91 32 200
91 33 200
91 34 200
91 35 200
91 36 200
91 37 200
91 38 200
91 39 200
91 40 200
91 41 200
91 42 200
91 43 200
91 44 200
91 45 200
91 46 200
91 47 200
91 48 200
91 49 200
91 50 200
91 51 200
91 52 200
91 53 200
91 54 200
91 55 200
91 56 200
91 57 200
91 58 200
91 59 200
91 60 200
91 61 200
91 62 200
91 63 200
91 64 200
91 65 200
91 66 200
91 67 200
91 68 200
91 69 200
91 70 200
91 71 200
91 72 200
91 73 200
91 74 200
91 75 200
91 76 200
91 77 200
91 78 200
91 79 200
91 80 200
91 81 200
91 82 200
91 83 200
91 84 200
91 85 200
91 86 200
91 87 200
91 88 200
91 89 200
91 90 200
91 92 200
91 93 200
91 94 200
91 95 200
91 96 200
91 97 200
91 98 200
91 99 200
92 1 200
92 2 200
92 3 200
92 4 200
92 5 200
92 6 200
92 7 200
92 8 200
92 9 200
92 10 200
92 11 200
92 12 200
92 13 200
92 14 200
92 15 200
92 16 200
92 17 200
92 18 200
92 19 200
92 20 200
92 21 200
92 22 200
92 23 200
92 24 200
92 25 200
92 26 200
92 27 200
92 28 200
92 29 200
92 30 200
92 31 200
92 32 200
92 33 200
92 34 200
92 35 200
92 36 200
92 37 200
92 38 200
92 39 200
92 40 200
92 41 200
92 42 200
92 43 200
92 44 200
92 45 200
92 46 200
92 47 200
92 48 200
92 49 200
92 50 200
92 51 200
92 52 200
92 53 200
92 54 200
92 55 200
92 56 200
92 57 200
92 58 200
92 59 200
92 60 200
92 61 200
92 62 200
92 63 200
92 64 200
92 65 200
92 66 200
92 67 200
92 68 200
92 69 200
92 70 200
92 71 200
92 72 200
92 73 200
92 74 200
92 75 200
92 76 200
92 77 200
92 78 200
92 79 200
92 80 200
92 81 200
92 82 200
92 83 200
92 84 200
92 85 200
92 86 200
92 87 200
92 88 200
92 89 200
92 90 200
92 91 200
92 93 200
92 94 200
92 95 200
92 96 200
92 97 200
92 98 200
92 99 200
93 1 200
93 2 200
93 3 200
93 4 200
93 5 200
93 6 200
93 7 200
93 8 200
93 9 200
93 10 200
93 11 200
93 12 200
93 13 200
93 14 200
93 15 200
93 16 200
93 17 200
93 18 200
93 19 200
93 20 200
93 21 200
93 22 200
93 23 200
93 24 200
93 25 200
93 26 200
93 27 200
93 28 200
93 29 200
93 30 200
93 31 200
93 32 200
93 33 200
93 34 200
93 35 200
93 36 200
93 37 200
93 38 200
93 39 200
93 40 200
93 41 200
93 42 200
93 43 200
93 44 200
93 45 200
93 46 200
93 47 200
93 48 200
93 49 200
93 50 200
93 51 200
93 52 200
93 53 200
93 54 200
93 55 200
93 56 200
93 57 200
93 58 200
93 59 200
93 60 200
93 61 200
93 62 200
93 63 200
93 64 200
93 65 200
93 66 200
93 67 200
93 68 200
93 69 200
93 70 200
93 71 200
93 72 200
93 73 200
93 74 200
93 75 200
93 76 200
93 77 200
93 78 200
93 79 200
93 80 200
93 81 200
93 82 200
93 83 200
93 84 200
93 85 200
93 86 200
93 87 200
93 88 200
93 89 200
93 90 200
93 91 200
93 92 200
93 94 200
93 95 200
93 96 200
93 97 200
93 98 200
93 99 200
94 1 200
94 2 200
94 3 200
94 4 200
94 5 200
94 6 200
94 7 200
94 8 200
94 9 200
94 10 200
94 11 200
94 12 200
94 13 200
94 14 200
94 15 200
94 16 200
94 17 200
94 18 200
94 19 200
94 20 200
94 21 200
94 22 200
94 23 200
94 24 200
94 25 200
94 26 200
94 27 200
94 28 200
94 29 200
94 30 200
94 31 200
94 32 200
94 33 200
94 34 200
94 35 200
94 36 200
94 37 200
94 38 200
94 39 200
94 40 200
94 41 200
94 42 200
94 43 200
94 44 200
94 45 200
94 46 200
94 47 200
94 48 200
94 49 200
94 50 200
94 51 200
94 52 200
94 53 200
94 54 200
94 55 200
94 56 200
94 57 200
94 58 200
94 59 200
94 60 200
94 61 200
94 62 200
94 63 200
94 64 200
94 65 200
94 66 200
94 67 200
94 68 200
94 69 200
94 70 200
94 71 200
94 72 200
94 73 200
94 74 200
94 75 200
94 76 200
94 77 200
94 78 200
94 79 200
94 80 200
94 81 200
94 82 200
94 83 200
94 84 200
94 85 200
94 86 200
94 87 200
94 88 200
94 89 200
94 90 200
94 91 200
94 92 200
94 93 200
94 95 200
94 96 200
94 97 200
94 98 200
94 99 200
95 1 200
95 2 200
95 3 200
95 4 200
95 5 200
95 6 200
95 7 200
95 8 200
95 9 200
95 10 200
95 11 200
95 12 200
95 13 200
95 14 200
95 15 200
95 16 200
95 17 200
95 18 200
95 19 200
95 20 200
95 21 200
95 22 200
95 23 200
95 24 200
95 25 200
95 26 200
95 27 200
95 28 200
95 29 200
95 30 200
95 31 200
95 32 200
95 33 200
95 34 200
95 35 200
95 36 200
95 37 200
95 38 200
95 39 200
95 40 200
95 41 200
95 42 200
95 43 200
95 44 200
95 45 200
95 46 200
95 47 200
95 48 200
95 49 200
95 50 200
95 51 200
95 52 200
95 53 200
95 54 200
95 55 200
95 56 200
95 57 200
95 58 200
95 59 200
95 60 200
95 61 200
95 62 200
95 63 200
95 64 200
95 65 200
95 66 200
95 67 200
95 68 200
95 69 200
95 70 200
95 71 200
95 72 200
95 73 200
95 74 200
95 75 200
95 76 200
95 77 200
95 78 200
95 79 200
95 80 200
95 81 200
95 82 200
95 83 200
95 84 200
95 85 200
95 86 200
95 87 200
95 88 200
95 89 200
95 90 200
95 91 200
95 92 200
95 93 200
95 94 200
95 96 200
95 97 200
95 98 200
95 99 200
96 1 200
96 2 200
96 3 200
96 4 200
96 5 200
96 6 200
96 7 200
96 8 200
96 9 200
96 10 200
96 11 200
96 12 200
96 13 200
96 14 200
96 15 200
96 16 200
96 17 200
96 18 200
96 19 200
96 20 200
96 21 200
96 22 200
96 23 200
96 24 200
96 25 200
96 26 200
96 27 200
96 28 200
96 29 200
96 30 200
96 31 200
96 32 200
96 33 200
96 34 200
96 35 200
96 36 200
96 37 200
96 38 200
96 39 200
96 40 200
96 41 200
96 42 200
96 43 200
96 44 200
96 45 200
96 46 200
96 47 200
96 48 200
96 49 200
96 50 200
96 51 200
96 52 200
96 53 200
96 54 200
96 55 200
96 56 200
96 57 200
96 58 200
96 59 200
96 60 200
96 61 200
96 62 200
96 63 200
96 64 200
96 65 200
96 66 200
96 67 200
96 68 200
96 69 200
96 70 200
96 71 200
96 72 200
96 73 200
96 74 200
96 75 200
96 76 200
96 77 200
96 78 200
96 79 200
96 80 200
96 81 200
96 82 200
96 83 200
96 84 200
96 85 200
96 86 200
96 87 200
96 88 200
96 89 200
96 90 200
96 91 200
96 92 200
96 93 200
96 94 200
96 95 200
96 97 200
96 98 200
96 99 200
97 1 200
97 2 200
97 3 200
97 4 200
97 5 200
97 6 200
97 7 200
97 8 200
97 9 200
97 10 200
97 11 200
97 12 200
97 13 200
97 14 200
97 15 200
97 16 200
97 17 200
97 18 200
97 19 200
97 20 200
97 21 200
97 22 200
97 23 200
97 24 200
97 25 200
97 26 200
97 27 200
97 28 200
97 29 200
97 30 200
97 31 200
97 32 200
97 33 200
97 34 200
97 35 200
97 36 200
97 37 200
97 38 200
97 39 200
97 40 200
97 41 200
97 42 200
97 43 200
97 44 200
97 45 200
97 46 200
97 47 200
97 48 200
97 49 200
97 50 200
97 51 200
97 52 200
97 53 200
97 54 200
97 55 200
97 56 200
97 57 200
97 58 200
97 59 200
97 60 200
97 61 200
97 62 200
97 63 200
97 64 200
97 65 200
97 66 200
97 67 200
97 68 200
97 69 200
97 70 200
97 71 200
97 72 200
97 73 200
97 74 200
97 75 200
97 76 200
97 77 200
97 78 200
97 79 200
97 80 200
97 81 200
97 82 200
97 83 200
97 84 200
97 85 200
97 86 200
97 87 200
97 88 200
97 89 200
97 90 200
97 91 200
97 92 200
97 93 200
97 94 200
97 95 200
97 96 200
97 98 200
97 99 200
98 1 200
98 2 200
98 3 200
98 4 200
98 5 200
98 6 200
98 7 200
98 8 200
98 9 200
98 10 200
98 11 200
98 12 200
98 13 200
98 14 200
98 15 200
98 16 200
98 17 200
98 18 200
98 19 200
98 20 200
98 21 200
98 22 200
98 23 200
98 24 200
98 25 200
98 26 200
98 27 200
98 28 200
98 29 200
98 30 200
98 31 200
98 32 200
98 33 200
98 34 200
98 35 200
98 36 200
98 37 200
98 38 200
98 39 200
98 40 200
98 41 200
98 42 200
98 43 200
98 44 200
98 45 200
98 46 200
98 47 200
98 48 200
98 49 200
98 50 200
98 51 200
98 52 200
98 53 200
98 54 200
98 55 200
98 56 200
98 57 200
98 58 200
98 59 200
98 60 200
98 61 200
98 62 200
98 63 200
98 64 200
98 65 200
98 66 200
98 67 200
98 68 200
98 69 200
98 70 200
98 71 200
98 72 200
98 73 200
98 74 200
98 75 200
98 76 200
98 77 200
98 78 200
98 79 200
98 80 200
98 81 200
98 82 200
98 83 200
98 84 200
98 85 200
98 86 200
98 87 200
98 88 200
98 89 200
98 90 200
98 91 200
98 92 200
98 93 200
98 94 200
98 95 200
98 96 200
98 97 200
98 99 200
1 t 200
2 t 200
3 t 200
4 t 200
5 t 200
6 t 200
7 t 200
8 t 200
9 t 200
10 t 200
11 t 200
12 t 200
13 t 200
14 t 200
15 t 200
16 t 200
17 t 200
18 t 200
19 t 200
20 t 200
21 t 200
22 t 200
23 t 200
24 t 200
25 t 200
26 t 200
27 t 200
28 t 200
29 t 200
30 t 200
31 t 200
32 t 200
33 t 200
34 t 200
35 t 200
36 t 200
37 t 200
38 t 200
39 t 200
40 t 200
41 t 200
42 t 200
43 t 200
44 t 200
45 t 200
46 t 200
47 t 200
48 t 200
49 t 200
50 t 200
51 t 200
52 t 200
53 t 200
54 t 200
55 t 200
56 t 200
57 t 200
58 t 200
59 t 200
60 t 200
61 t 200
62 t 200
63 t 200
64 t 200
65 t 200
66 t 200
67 t 200
68 t 200
69 t 200
70 t 200
71 t 200
72 t 200
73 t 200
74 t 200
75 t 200
76 t 200
77 t 200
78 t 200
79 t 200
80 t 200
81 t 200
82 t 200
83 t 200
84 t 200
85 t 200
86 t 200
87 t 200
88 t 200
89 t 200
90 t 200
91 t 200
92 t 200
93 t 200
94 t 200
95 t 200
96 t 200
97 t 200
98 t 200
