s (1,1) 487
s (2,1) 443
s (3,1) 215
s (4,1) 473
s (5,1) 412
s (6,1) 229
s (7,1) 477
s (8,1) 54
s (9,1) 121
s (10,1) 314
s (11,1) 108
s (12,1) 213
s (13,1) 174
s (14,1) 114
s (15,1) 377
(1,1) (1,2) 313
(2,1) (2,2) 6
(3,1) (3,2) 185
(4,1) (4,2) 33
(5,1) (5,2) 145
(6,1) (6,2) 442
(7,1) (7,2) 2
(8,1) (8,2) 107
(9,1) (9,2) 275
(10,1) (10,2) 364
(11,1) (11,2) 168
(12,1) (12,2) 332
(13,1) (13,2) 71
(14,1) (14,2) 284
(15,1) (15,2) 208
(1,2) (1,3) 14
(2,2) (2,3) 131
(3,2) (3,3) 140
(4,2) (4,3) 488
(5,2) (5,3) 35
(6,2) (6,3) 43
(7,2) (7,3) 15
(8,2) (8,3) 148
(9,2) (9,3) 66
(10,2) (10,3) 116
(11,2) (11,3) 480
(12,2) (12,3) 464
(13,2) (13,3) 108
(14,2) (14,3) 478
(15,2) (15,3) 29
(1,3) (1,4) 286
(2,3) (2,4) 29
(3,3) (3,4) 8
(4,3) (4,4) 8
(5,3) (5,4) 278
(6,3) (6,4) 290
(7,3) (7,4) 297
(8,3) (8,4) 467
(9,3) (9,4) 20
(10,3) (10,4) 22
(11,3) (11,4) 77
(12,3) (12,4) 316
(13,3) (13,4) 197
(14,3) (14,4) 1
(15,3) (15,4) 141
(1,4) (1,5) 164
(2,4) (2,5) 346
(3,4) (3,5) 421
(4,4) (4,5) 68
(5,4) (5,5) 408
(6,4) (6,5) 94
(7,4) (7,5) 369
(8,4) (8,5) 214
(9,4) (9,5) 278
(10,4) (10,5) 358
(11,4) (11,5) 369
(12,4) (12,5) 383
(13,4) (13,5) 446
(14,4) (14,5) 364
(15,4) (15,5) 43
(1,5) (1,6) 374
(2,5) (2,6) 37
(3,5) (3,6) 266
(4,5) (4,6) 467
(5,5) (5,6) 16
(6,5) (6,6) 175
(7,5) (7,6) 189
(8,5) (8,6) 158
(9,5) (9,6) 21
(10,5) (10,6) 357
(11,5) (11,6) 134
(12,5) (12,6) 138
(13,5) (13,6) 470
(14,5) (14,6) 142
(15,5) (15,6) 460
(1,6) (1,7) 39
(2,6) (2,7) 76
(3,6) (3,7) 327
(4,6) (4,7) 300
(5,6) (5,7) 13
(6,6) (6,7) 496
(7,6) (7,7) 486
(8,6) (8,7) 223
(9,6) (9,7) 225
(10,6) (10,7) 60
(11,6) (11,7) 272
(12,6) (12,7) 266
(13,6) (13,7) 446
(14,6) (14,7) 351
(15,6) (15,7) 140
(1,7) (1,8) 428
(2,7) (2,8) 117
(3,7) (3,8) 49
(4,7) (4,8) 260
(5,7) (5,8) 61
(6,7) (6,8) 450
(7,7) (7,8) 234
(8,7) (8,8) 82
(9,7) (9,8) 374
(10,7) (10,8) 174
(11,7) (11,8) 218
(12,7) (12,8) 384
(13,7) (13,8) 1
(14,7) (14,8) 57
(15,7) (15,8) 241
(1,8) (1,9) 213
(2,8) (2,9) 338
(3,8) (3,9) 477
(4,8) (4,9) 40
(5,8) (5,9) 124
(6,8) (6,9) 369
(7,8) (7,9) 414
(8,8) (8,9) 8
(9,8) (9,9) 263
(10,8) (10,9) 60
(11,8) (11,9) 446
(12,8) (12,9) 180
(13,8) (13,9) 493
(14,8) (14,9) 237
(15,8) (15,9) 297
(1,9) (1,10) 187
(2,9) (2,10) 37
(3,9) (3,10) 109
(4,9) (4,10) 257
(5,9) (5,10) 156
(6,9) (6,10) 395
(7,9) (7,10) 367
(8,9) (8,10) 107
(9,9) (9,10) 298
(10,9) (10,10) 414
(11,9) (11,10) 248
(12,9) (12,10) 102
(13,9) (13,10) 290
(14,9) (14,10) 96
(15,9) (15,10) 372
(1,10) (1,11) 245
(2,10) (2,11) 115
(3,10) (3,11) 365
(4,10) (4,11) 64
(5,10) (5,11) 97
(6,10) (6,11) 462
(7,10) (7,11) 458
(8,10) (8,11) 166
(9,10) (9,11) 201
(10,10) (10,11) 400
(11,10) (11,11) 447
(12,10) (12,11) 161
(13,10) (13,11) 81
(14,10) (14,11) 238
(15,10) (15,11) 357
(1,11) (1,12) 342
(2,11) (2,12) 27
(3,11) (3,12) 196
(4,11) (4,12) 370
(5,11) (5,12) 84
(6,11) (6,12) 304
(7,11) (7,12) 178
(8,11) (8,12) 58
(9,11) (9,12) 69
(10,11) (10,12) 232
(11,11) (11,12) 399
(12,11) (12,12) 363
(13,11) (13,12) 65
(14,11) (14,12) 121
(15,11) (15,12) 315
(1,12) (1,13) 117
(2,12) (2,13) 24
(3,12) (3,13) 137
(4,12) (4,13) 32
(5,12) (5,13) 327
(6,12) (6,13) 140
(7,12) (7,13) 233
(8,12) (8,13) 33
(9,12) (9,13) 375
(10,12) (10,13) 333
(11,12) (11,13) 157
(12,12) (12,13) 136
(13,12) (13,13) 433
(14,12) (14,13) 350
(15,12) (15,13) 306
(1,13) (1,14) 6
(2,13) (2,14) 260
(3,13) (3,14) 153
(4,13) (4,14) 114
(5,13) (5,14) 6
(6,13) (6,14) 258
(7,13) (7,14) 331
(8,13) (8,14) 470
(9,13) (9,14) 326
(10,13) (10,14) 74
(11,13) (11,14) 298
(12,13) (12,14) 180
(13,13) (13,14) 494
(14,13) (14,14) 495
(15,13) (15,14) 459
(1,14) (1,15) 56
(2,14) (2,15) 407
(3,14) (3,15) 439
(4,14) (4,15) 100
(5,14) (5,15) 402
(6,14) (6,15) 79
(7,14) (7,15) 51
(8,14) (8,15) 143
(9,14) (9,15) 141
(10,14) (10,15) 485
(11,14) (11,15) 242
(12,14) (12,15) 397
(13,14) (13,15) 246
(14,14) (14,15) 135
(15,14) (15,15) 166
(1,15) (1,16) 479
(2,15) (2,16) 137
(3,15) (3,16) 133
(4,15) (4,16) 22
(5,15) (5,16) 455
(6,15) (6,16) 49
(7,15) (7,16) 304
(8,15) (8,16) 50
(9,15) (9,16) 323
(10,15) (10,16) 79
(11,15) (11,16) 331
(12,15) (12,16) 213
(13,15) (13,16) 158
(14,15) (14,16) 35
(15,15) (15,16) 394
(1,16) (1,17) 249
(2,16) (2,17) 36
(3,16) (3,17) 175
(4,16) (4,17) 116
(5,16) (5,17) 198
(6,16) (6,17) 437
(7,16) (7,17) 267
(8,16) (8,17) 258
(9,16) (9,17) 236
(10,16) (10,17) 409
(11,16) (11,17) 387
(12,16) (12,17) 374
(13,16) (13,17) 467
(14,16) (14,17) 47
(15,16) (15,17) 497
(1,17) (1,18) 154
(2,17) (2,18) 497
(3,17) (3,18) 356
(4,17) (4,18) 421
(5,17) (5,18) 493
(6,17) (6,18) 171
(7,17) (7,18) 15
(8,17) (8,18) 9
(9,17) (9,18) 447
(10,17) (10,18) 302
(11,17) (11,18) 364
(12,17) (12,18) 42
(13,17) (13,18) 234
(14,17) (14,18) 436
(15,17) (15,18) 234
(1,18) (1,19) 170
(2,18) (2,19) 477
(3,18) (3,19) 315
(4,18) (4,19) 86
(5,18) (5,19) 310
(6,18) (6,19) 457
(7,18) (7,19) 126
(8,18) (8,19) 42
(9,18) (9,19) 128
(10,18) (10,19) 470
(11,18) (11,19) 243
(12,18) (12,19) 214
(13,18) (13,19) 229
(14,18) (14,19) 120
(15,18) (15,19) 254
(1,19) (1,20) 190
(2,19) (2,20) 28
(3,19) (3,20) 285
(4,19) (4,20) 335
(5,19) (5,20) 388
(6,19) (6,20) 339
(7,19) (7,20) 340
(8,19) (8,20) 243
(9,19) (9,20) 370
(10,19) (10,20) 484
(11,19) (11,20) 22
(12,19) (12,20) 316
(13,19) (13,20) 425
(14,19) (14,20) 209
(15,19) (15,20) 384
(1,1) (2,1) 288
(2,1) (1,1) 445
(2,1) (3,1) 380
(3,1) (2,1) 49
(3,1) (4,1) 449
(4,1) (3,1) 86
(4,1) (5,1) 177
(5,1) (4,1) 327
(5,1) (6,1) 135
(6,1) (5,1) 223
(6,1) (7,1) 353
(7,1) (6,1) 34
(7,1) (8,1) 47
(8,1) (7,1) 341
(8,1) (9,1) 77
(9,1) (8,1) 280
(9,1) (10,1) 151
(10,1) (9,1) 35
(10,1) (11,1) 177
(11,1) (10,1) 47
(11,1) (12,1) 31
(12,1) (11,1) 9
(12,1) (13,1) 295
(13,1) (12,1) 201
(13,1) (14,1) 254
(14,1) (13,1) 55
(14,1) (15,1) 181
(15,1) (14,1) 139
(1,2) (2,2) 475
(2,2) (1,2) 136
(2,2) (3,2) 2
(3,2) (2,2) 46
(3,2) (4,2) 235
(4,2) (3,2) 20
(4,2) (5,2) 473
(5,2) (4,2) 38
(5,2) (6,2) 156
(6,2) (5,2) 476
(6,2) (7,2) 311
(7,2) (6,2) 296
(7,2) (8,2) 245
(8,2) (7,2) 465
(8,2) (9,2) 219
(9,2) (8,2) 172
(9,2) (10,2) 269
(10,2) (9,2) 384
(10,2) (11,2) 249
(11,2) (10,2) 424
(11,2) (12,2) 342
(12,2) (11,2) 216
(12,2) (13,2) 60
(13,2) (12,2) 249
(13,2) (14,2) 206
(14,2) (13,2) 201
(14,2) (15,2) 77
(15,2) (14,2) 20
(1,3) (2,3) 336
(2,3) (1,3) 222
(2,3) (3,3) 92
(3,3) (2,3) 500
(3,3) (4,3) 417
(4,3) (3,3) 172
(4,3) (5,3) 46
(5,3) (4,3) 382
(5,3) (6,3) 427
(6,3) (5,3) 58
(6,3) (7,3) 62
(7,3) (6,3) 417
(7,3) (8,3) 460
(8,3) (7,3) 124
(8,3) (9,3) 281
(9,3) (8,3) 46
(9,3) (10,3) 88
(10,3) (9,3) 99
(10,3) (11,3) 245
(11,3) (10,3) 121
(11,3) (12,3) 96
(12,3) (11,3) 42
(12,3) (13,3) 361
(13,3) (12,3) 178
(13,3) (14,3) 63
(14,3) (13,3) 280
(14,3) (15,3) 251
(15,3) (14,3) 86
(1,4) (2,4) 91
(2,4) (1,4) 274
(2,4) (3,4) 333
(3,4) (2,4) 345
(3,4) (4,4) 157
(4,4) (3,4) 36
(4,4) (5,4) 114
(5,4) (4,4) 113
(5,4) (6,4) 366
(6,4) (5,4) 448
(6,4) (7,4) 96
(7,4) (6,4) 86
(7,4) (8,4) 74
(8,4) (7,4) 376
(8,4) (9,4) 381
(9,4) (8,4) 166
(9,4) (10,4) 256
(10,4) (9,4) 222
(10,4) (11,4) 235
(11,4) (10,4) 383
(11,4) (12,4) 88
(12,4) (11,4) 225
(12,4) (13,4) 15
(13,4) (12,4) 368
(13,4) (14,4) 41
(14,4) (13,4) 450
(14,4) (15,4) 135
(15,4) (14,4) 381
(1,5) (2,5) 430
(2,5) (1,5) 113
(2,5) (3,5) 352
(3,5) (2,5) 419
(3,5) (4,5) 327
(4,5) (3,5) 270
(4,5) (5,5) 298
(5,5) (4,5) 220
(5,5) (6,5) 337
(6,5) (5,5) 64
(6,5) (7,5) 465
(7,5) (6,5) 159
(7,5) (8,5) 72
(8,5) (7,5) 458
(8,5) (9,5) 442
(9,5) (8,5) 413
(9,5) (10,5) 422
(10,5) (9,5) 145
(10,5) (11,5) 445
(11,5) (10,5) 473
(11,5) (12,5) 288
(12,5) (11,5) 162
(12,5) (13,5) 393
(13,5) (12,5) 437
(13,5) (14,5) 89
(14,5) (13,5) 76
(14,5) (15,5) 102
(15,5) (14,5) 262
(1,6) (2,6) 183
(2,6) (1,6) 157
(2,6) (3,6) 469
(3,6) (2,6) 169
(3,6) (4,6) 427
(4,6) (3,6) 347
(4,6) (5,6) 387
(5,6) (4,6) 84
(5,6) (6,6) 333
(6,6) (5,6) 126
(6,6) (7,6) 265
(7,6) (6,6) 310
(7,6) (8,6) 224
(8,6) (7,6) 339
(8,6) (9,6) 168
(9,6) (8,6) 414
(9,6) (10,6) 216
(10,6) (9,6) 424
(10,6) (11,6) 498
(11,6) (10,6) 455
(11,6) (12,6) 229
(12,6) (11,6) 185
(12,6) (13,6) 275
(13,6) (12,6) 401
(13,6) (14,6) 353
(14,6) (13,6) 399
(14,6) (15,6) 23
(15,6) (14,6) 343
(1,7) (2,7) 455
(2,7) (1,7) 295
(2,7) (3,7) 452
(3,7) (2,7) 199
(3,7) (4,7) 451
(4,7) (3,7) 72
(4,7) (5,7) 480
(5,7) (4,7) 50
(5,7) (6,7) 362
(6,7) (5,7) 434
(6,7) (7,7) 478
(7,7) (6,7) 325
(7,7) (8,7) 358
(8,7) (7,7) 431
(8,7) (9,7) 154
(9,7) (8,7) 133
(9,7) (10,7) 239
(10,7) (9,7) 24
(10,7) (11,7) 168
(11,7) (10,7) 334
(11,7) (12,7) 208
(12,7) (11,7) 27
(12,7) (13,7) 409
(13,7) (12,7) 452
(13,7) (14,7) 193
(14,7) (13,7) 181
(14,7) (15,7) 144
(15,7) (14,7) 219
(1,8) (2,8) 499
(2,8) (1,8) 39
(2,8) (3,8) 304
(3,8) (2,8) 13
(3,8) (4,8) 155
(4,8) (3,8) 235
(4,8) (5,8) 107
(5,8) (4,8) 382
(5,8) (6,8) 36
(6,8) (5,8) 225
(6,8) (7,8) 472
(7,8) (6,8) 268
(7,8) (8,8) 299
(8,8) (7,8) 467
(8,8) (9,8) 47
(9,8) (8,8) 373
(9,8) (10,8) 25
(10,8) (9,8) 19
(10,8) (11,8) 49
(11,8) (10,8) 183
(11,8) (12,8) 96
(12,8) (11,8) 47
(12,8) (13,8) 27
(13,8) (12,8) 10
(13,8) (14,8) 200
(14,8) (13,8) 23
(14,8) (15,8) 123
(15,8) (14,8) 301
(1,9) (2,9) 289
(2,9) (1,9) 252
(2,9) (3,9) 465
(3,9) (2,9) 102
(3,9) (4,9) 229
(4,9) (3,9) 312
(4,9) (5,9) 381
(5,9) (4,9) 84
(5,9) (6,9) 335
(6,9) (5,9) 131
(6,9) (7,9) 415
(7,9) (6,9) 404
(7,9) (8,9) 439
(8,9) (7,9) 45
(8,9) (9,9) 405
(9,9) (8,9) 276
(9,9) (10,9) 122
(10,9) (9,9) 266
(10,9) (11,9) 317
(11,9) (10,9) 185
(11,9) (12,9) 411
(12,9) (11,9) 471
(12,9) (13,9) 149
(13,9) (12,9) 299
(13,9) (14,9) 44
(14,9) (13,9) 229
(14,9) (15,9) 48
(15,9) (14,9) 175
(1,10) (2,10) 203
(2,10) (1,10) 264
(2,10) (3,10) 395
(3,10) (2,10) 472
(3,10) (4,10) 32
(4,10) (3,10) 7
(4,10) (5,10) 202
(5,10) (4,10) 499
(5,10) (6,10) 464
(6,10) (5,10) 336
(6,10) (7,10) 98
(7,10) (6,10) 442
(7,10) (8,10) 68
(8,10) (7,10) 56
(8,10) (9,10) 426
(9,10) (8,10) 9
(9,10) (10,10) 20
(10,10) (9,10) 184
(10,10) (11,10) 410
(11,10) (10,10) 453
(11,10) (12,10) 151
(12,10) (11,10) 485
(12,10) (13,10) 420
(13,10) (12,10) 84
(13,10) (14,10) 288
(14,10) (13,10) 238
(14,10) (15,10) 23
(15,10) (14,10) 185
(1,11) (2,11) 367
(2,11) (1,11) 98
(2,11) (3,11) 319
(3,11) (2,11) 336
(3,11) (4,11) 478
(4,11) (3,11) 318
(4,11) (5,11) 474
(5,11) (4,11) 391
(5,11) (6,11) 92
(6,11) (5,11) 449
(6,11) (7,11) 177
(7,11) (6,11) 222
(7,11) (8,11) 115
(8,11) (7,11) 297
(8,11) (9,11) 386
(9,11) (8,11) 365
(9,11) (10,11) 494
(10,11) (9,11) 433
(10,11) (11,11) 350
(11,11) (10,11) 268
(11,11) (12,11) 362
(12,11) (11,11) 338
(12,11) (13,11) 396
(13,11) (12,11) 418
(13,11) (14,11) 151
(14,11) (13,11) 91
(14,11) (15,11) 33
(15,11) (14,11) 267
(1,12) (2,12) 227
(2,12) (1,12) 46
(2,12) (3,12) 403
(3,12) (2,12) 425
(3,12) (4,12) 330
(4,12) (3,12) 32
(4,12) (5,12) 404
(5,12) (4,12) 351
(5,12) (6,12) 384
(6,12) (5,12) 101
(6,12) (7,12) 177
(7,12) (6,12) 497
(7,12) (8,12) 500
(8,12) (7,12) 162
(8,12) (9,12) 404
(9,12) (8,12) 199
(9,12) (10,12) 491
(10,12) (9,12) 124
(10,12) (11,12) 467
(11,12) (10,12) 100
(11,12) (12,12) 78
(12,12) (11,12) 182
(12,12) (13,12) 422
(13,12) (12,12) 146
(13,12) (14,12) 33
(14,12) (13,12) 343
(14,12) (15,12) 143
(15,12) (14,12) 297
(1,13) (2,13) 200
(2,13) (1,13) 157
(2,13) (3,13) 35
(3,13) (2,13) 250
(3,13) (4,13) 132
(4,13) (3,13) 50
(4,13) (5,13) 281
(5,13) (4,13) 232
(5,13) (6,13) 311
(6,13) (5,13) 97
(6,13) (7,13) 388
(7,13) (6,13) 125
(7,13) (8,13) 210
(8,13) (7,13) 33
(8,13) (9,13) 381
(9,13) (8,13) 230
(9,13) (10,13) 307
(10,13) (9,13) 351
(10,13) (11,13) 214
(11,13) (10,13) 193
(11,13) (12,13) 483
(12,13) (11,13) 345
(12,13) (13,13) 15
(13,13) (12,13) 411
(13,13) (14,13) 22
(14,13) (13,13) 132
(14,13) (15,13) 151
(15,13) (14,13) 475
(1,14) (2,14) 86
(2,14) (1,14) 58
(2,14) (3,14) 7
(3,14) (2,14) 441
(3,14) (4,14) 443
(4,14) (3,14) 245
(4,14) (5,14) 442
(5,14) (4,14) 233
(5,14) (6,14) 280
(6,14) (5,14) 473
(6,14) (7,14) 125
(7,14) (6,14) 120
(7,14) (8,14) 88
(8,14) (7,14) 313
(8,14) (9,14) 126
(9,14) (8,14) 133
(9,14) (10,14) 391
(10,14) (9,14) 486
(10,14) (11,14) 13
(11,14) (10,14) 442
(11,14) (12,14) 455
(12,14) (11,14) 247
(12,14) (13,14) 207
(13,14) (12,14) 56
(13,14) (14,14) 344
(14,14) (13,14) 464
(14,14) (15,14) 291
(15,14) (14,14) 146
(1,15) (2,15) 392
(2,15) (1,15) 466
(2,15) (3,15) 256
(3,15) (2,15) 114
(3,15) (4,15) 489
(4,15) (3,15) 13
(4,15) (5,15) 448
(5,15) (4,15) 423
(5,15) (6,15) 292
(6,15) (5,15) 327
(6,15) (7,15) 102
(7,15) (6,15) 315
(7,15) (8,15) 379
(8,15) (7,15) 117
(8,15) (9,15) 354
(9,15) (8,15) 39
(9,15) (10,15) 63
(10,15) (9,15) 3
(10,15) (11,15) 387
(11,15) (10,15) 477
(11,15) (12,15) 20
(12,15) (11,15) 235
(12,15) (13,15) 108
(13,15) (12,15) 398
(13,15) (14,15) 287
(14,15) (13,15) 7
(14,15) (15,15) 152
(15,15) (14,15) 78
(1,16) (2,16) 169
(2,16) (1,16) 437
(2,16) (3,16) 179
(3,16) (2,16) 393
(3,16) (4,16) 94
(4,16) (3,16) 125
(4,16) (5,16) 353
(5,16) (4,16) 80
(5,16) (6,16) 389
(6,16) (5,16) 203
(6,16) (7,16) 221
(7,16) (6,16) 153
(7,16) (8,16) 248
(8,16) (7,16) 353
(8,16) (9,16) 424
(9,16) (8,16) 164
(9,16) (10,16) 100
(10,16) (9,16) 172
(10,16) (11,16) 161
(11,16) (10,16) 388
(11,16) (12,16) 145
(12,16) (11,16) 287
(12,16) (13,16) 329
(13,16) (12,16) 122
(13,16) (14,16) 264
(14,16) (13,16) 262
(14,16) (15,16) 457
(15,16) (14,16) 292
(1,17) (2,17) 371
(2,17) (1,17) 82
(2,17) (3,17) 347
(3,17) (2,17) 65
(3,17) (4,17) 139
(4,17) (3,17) 16
(4,17) (5,17) 186
(5,17) (4,17) 13
(5,17) (6,17) 14
(6,17) (5,17) 352
(6,17) (7,17) 222
(7,17) (6,17) 153
(7,17) (8,17) 479
(8,17) (7,17) 411
(8,17) (9,17) 43
(9,17) (8,17) 49
(9,17) (10,17) 81
(10,17) (9,17) 254
(10,17) (11,17) 219
(11,17) (10,17) 2
(11,17) (12,17) 20
(12,17) (11,17) 80
(12,17) (13,17) 146
(13,17) (12,17) 251
(13,17) (14,17) 463
(14,17) (13,17) 354
(14,17) (15,17) 278
(15,17) (14,17) 103
(1,18) (2,18) 484
(2,18) (1,18) 257
(2,18) (3,18) 81
(3,18) (2,18) 342
(3,18) (4,18) 467
(4,18) (3,18) 452
(4,18) (5,18) 147
(5,18) (4,18) 286
(5,18) (6,18) 22
(6,18) (5,18) 433
(6,18) (7,18) 118
(7,18) (6,18) 164
(7,18) (8,18) 154
(8,18) (7,18) 287
(8,18) (9,18) 227
(9,18) (8,18) 100
(9,18) (10,18) 22
(10,18) (9,18) 242
(10,18) (11,18) 474
(11,18) (10,18) 378
(11,18) (12,18) 432
(12,18) (11,18) 47
(12,18) (13,18) 467
(13,18) (12,18) 275
(13,18) (14,18) 290
(14,18) (13,18) 227
(14,18) (15,18) 185
(15,18) (14,18) 92
(1,19) (2,19) 483
(2,19) (1,19) 23
(2,19) (3,19) 374
(3,19) (2,19) 65
(3,19) (4,19) 184
(4,19) (3,19) 17
(4,19) (5,19) 388
(5,19) (4,19) 319
(5,19) (6,19) 243
(6,19) (5,19) 38
(6,19) (7,19) 493
(7,19) (6,19) 496
(7,19) (8,19) 357
(8,19) (7,19) 268
(8,19) (9,19) 445
(9,19) (8,19) 304
(9,19) (10,19) 304
(10,19) (9,19) 59
(10,19) (11,19) 265
(11,19) (10,19) 438
(11,19) (12,19) 95
(12,19) (11,19) 413
(12,19) (13,19) 366
(13,19) (12,19) 59
(13,19) (14,19) 30
(14,19) (13,19) 410
(14,19) (15,19) 69
(15,19) (14,19) 356
(1,20) (2,20) 458
(2,20) (1,20) 98
(2,20) (3,20) 206
(3,20) (2,20) 387
(3,20) (4,20) 123
(4,20) (3,20) 34
(4,20) (5,20) 347
(5,20) (4,20) 392
(5,20) (6,20) 31
(6,20) (5,20) 63
(6,20) (7,20) 365
(7,20) (6,20) 247
(7,20) (8,20) 307
(8,20) (7,20) 7
(8,20) (9,20) 303
(9,20) (8,20) 452
(9,20) (10,20) 424
(10,20) (9,20) 136
(10,20) (11,20) 260
(11,20) (10,20) 232
(11,20) (12,20) 338
(12,20) (11,20) 383
(12,20) (13,20) 363
(13,20) (12,20) 454
(13,20) (14,20) 433
(14,20) (13,20) 14
(14,20) (15,20) 142
(15,20) (14,20) 335
(1,20) t 357
(2,20) t 43
(3,20) t 292
(4,20) t 428
(5,20) t 226
(6,20) t 265
(7,20) t 68
(8,20) t 165
(9,20) t 350
(10,20) t 480
(11,20) t 179
(12,20) t 239
(13,20) t 65
(14,20) t 381
(15,20) t 498
