s (1,1) 334
s (2,1) 24
s (3,1) 166
s (4,1) 190
s (5,1) 232
s (6,1) 441
s (7,1) 112
s (8,1) 328
s (9,1) 476
s (10,1) 457
s (11,1) 474
s (12,1) 161
s (13,1) 27
s (14,1) 305
s (15,1) 454
s (16,1) 301
s (17,1) 116
s (18,1) 32
s (19,1) 44
s (20,1) 270
s (21,1) 303
s (22,1) 362
s (23,1) 216
s (24,1) 158
s (25,1) 456
(1,1) (1,2) 241
(2,1) (2,2) 70
(3,1) (3,2) 228
(4,1) (4,2) 438
(5,1) (5,2) 344
(6,1) (6,2) 183
(7,1) (7,2) 81
(8,1) (8,2) 256
(9,1) (9,2) 219
(10,1) (10,2) 301
(11,1) (11,2) 255
(12,1) (12,2) 114
(13,1) (13,2) 351
(14,1) (14,2) 470
(15,1) (15,2) 120
(16,1) (16,2) 450
(17,1) (17,2) 480
(18,1) (18,2) 182
(19,1) (19,2) 348
(20,1) (20,2) 57
(21,1) (21,2) 315
(22,1) (22,2) 199
(23,1) (23,2) 173
(24,1) (24,2) 304
(25,1) (25,2) 165
(1,2) (1,3) 158
(2,2) (2,3) 457
(3,2) (3,3) 301
(4,2) (4,3) 222
(5,2) (5,3) 493
(6,2) (6,3) 419
(7,2) (7,3) 175
(8,2) (8,3) 289
(9,2) (9,3) 295
(10,2) (10,3) 139
(11,2) (11,3) 411
(12,2) (12,3) 84
(13,2) (13,3) 89
(14,2) (14,3) 82
(15,2) (15,3) 415
(16,2) (16,3) 30
(17,2) (17,3) 467
(18,2) (18,3) 417
(19,2) (19,3) 337
(20,2) (20,3) 82
(21,2) (21,3) 26
(22,2) (22,3) 199
(23,2) (23,3) 58
(24,2) (24,3) 264
(25,2) (25,3) 353
(1,3) (1,4) 455
(2,3) (2,4) 445
(3,3) (3,4) 242
(4,3) (4,4) 242
(5,3) (5,4) 29
(6,3) (6,4) 412
(7,3) (7,4) 127
(8,3) (8,4) 33
(9,3) (9,4) 124
(10,3) (10,4) 462
(11,3) (11,4) 243
(12,3) (12,4) 360
(13,3) (13,4) 21
(14,3) (14,4) 482
(15,3) (15,4) 332
(16,3) (16,4) 346
(17,3) (17,4) 315
(18,3) (18,4) 407
(19,3) (19,4) 427
(20,3) (20,4) 114
(21,3) (21,4) 54
(22,3) (22,4) 245
(23,3) (23,4) 200
(24,3) (24,4) 55
(25,3) (25,4) 466
(1,4) (1,5) 49
(2,4) (2,5) 67
(3,4) (3,5) 90
(4,4) (4,5) 81
(5,4) (5,5) 453
(6,4) (6,5) 339
(7,4) (7,5) 368
(8,4) (8,5) 57
(9,4) (9,5) 167
(10,4) (10,5) 425
(11,4) (11,5) 207
(12,4) (12,5) 329
(13,4) (13,5) 108
(14,4) (14,5) 382
(15,4) (15,5) 496
(16,4) (16,5) 304
(17,4) (17,5) 173
(18,4) (18,5) 150
(19,4) (19,5) 79
(20,4) (20,5) 371
(21,4) (21,5) 322
(22,4) (22,5) 9
(23,4) (23,5) 494
(24,4) (24,5) 376
(25,4) (25,5) 196
(1,5) (1,6) 100
(2,5) (2,6) 159
(3,5) (3,6) 43
(4,5) (4,6) 277
(5,5) (5,6) 185
(6,5) (6,6) 10
(7,5) (7,6) 334
(8,5) (8,6) 445
(9,5) (9,6) 69
(10,5) (10,6) 256
(11,5) (11,6) 417
(12,5) (12,6) 176
(13,5) (13,6) 54
(14,5) (14,6) 18
(15,5) (15,6) 59
(16,5) (16,6) 239
(17,5) (17,6) 417
(18,5) (18,6) 345
(19,5) (19,6) 217
(20,5) (20,6) 353
(21,5) (21,6) 46
(22,5) (22,6) 303
(23,5) (23,6) 236
(24,5) (24,6) 484
(25,5) (25,6) 131
(1,6) (1,7) 128
(2,6) (2,7) 459
(3,6) (3,7) 80
(4,6) (4,7) 283
(5,6) (5,7) 180
(6,6) (6,7) 435
(7,6) (7,7) 264
(8,6) (8,7) 196
(9,6) (9,7) 380
(10,6) (10,7) 382
(11,6) (11,7) 483
(12,6) (12,7) 473
(13,6) (13,7) 107
(14,6) (14,7) 27
(15,6) (15,7) 150
(16,6) (16,7) 133
(17,6) (17,7) 478
(18,6) (18,7) 44
(19,6) (19,7) 397
(20,6) (20,7) 185
(21,6) (21,7) 164
(22,6) (22,7) 244
(23,6) (23,7) 484
(24,6) (24,7) 205
(25,6) (25,7) 402
(1,7) (1,8) 160
(2,7) (2,8) 205
(3,7) (3,8) 307
(4,7) (4,8) 299
(5,7) (5,8) 340
(6,7) (6,8) 220
(7,7) (7,8) 33
(8,7) (8,8) 360
(9,7) (9,8) 151
(10,7) (10,8) 439
(11,7) (11,8) 448
(12,7) (12,8) 446
(13,7) (13,8) 471
(14,7) (14,8) 71
(15,7) (15,8) 306
(16,7) (16,8) 21
(17,7) (17,8) 435
(18,7) (18,8) 311
(19,7) (19,8) 264
(20,7) (20,8) 162
(21,7) (21,8) 191
(22,7) (22,8) 80
(23,7) (23,8) 350
(24,7) (24,8) 57
(25,7) (25,8) 118
(1,8) (1,9) 198
(2,8) (2,9) 289
(3,8) (3,9) 137
(4,8) (4,9) 208
(5,8) (5,9) 87
(6,8) (6,9) 442
(7,8) (7,9) 264
(8,8) (8,9) 468
(9,8) (9,9) 462
(10,8) (10,9) 449
(11,8) (11,9) 323
(12,8) (12,9) 413
(13,8) (13,9) 176
(14,8) (14,9) 372
(15,8) (15,9) 159
(16,8) (16,9) 104
(17,8) (17,9) 95
(18,8) (18,9) 187
(19,8) (19,9) 131
(20,8) (20,9) 72
(21,8) (21,9) 163
(22,8) (22,9) 58
(23,8) (23,9) 386
(24,8) (24,9) 98
(25,8) (25,9) 165
(1,9) (1,10) 442
(2,9) (2,10) 180
(3,9) (3,10) 449
(4,9) (4,10) 58
(5,9) (5,10) 418
(6,9) (6,10) 37
(7,9) (7,10) 383
(8,9) (8,10) 326
(9,9) (9,10) 376
(10,9) (10,10) 326
(11,9) (11,10) 291
(12,9) (12,10) 248
(13,9) (13,10) 243
(14,9) (14,10) 113
(15,9) (15,10) 411
(16,9) (16,10) 75
(17,9) (17,10) 44
(18,9) (18,10) 119
(19,9) (19,10) 73
(20,9) (20,10) 434
(21,9) (21,10) 386
(22,9) (22,10) 65
(23,9) (23,10) 309
(24,9) (24,10) 400
(25,9) (25,10) 412
(1,10) (1,11) 253
(2,10) (2,11) 254
(3,10) (3,11) 313
(4,10) (4,11) 357
(5,10) (5,11) 443
(6,10) (6,11) 390
(7,10) (7,11) 138
(8,10) (8,11) 443
(9,10) (9,11) 392
(10,10) (10,11) 322
(11,10) (11,11) 193
(12,10) (12,11) 157
(13,10) (13,11) 278
(14,10) (14,11) 119
(15,10) (15,11) 26
(16,10) (16,11) 479
(17,10) (17,11) 62
(18,10) (18,11) 426
(19,10) (19,11) 214
(20,10) (20,11) 269
(21,10) (21,11) 259
(22,10) (22,11) 169
(23,10) (23,11) 308
(24,10) (24,11) 284
(25,10) (25,11) 436
(1,11) (1,12) 107
(2,11) (2,12) 39
(3,11) (3,12) 412
(4,11) (4,12) 222
(5,11) (5,12) 140
(6,11) (6,12) 394
(7,11) (7,12) 307
(8,11) (8,12) 252
(9,11) (9,12) 110
(10,11) (10,12) 468
(11,11) (11,12) 95
(12,11) (12,12) 51
(13,11) (13,12) 4
(14,11) (14,12) 333
(15,11) (15,12) 359
(16,11) (16,12) 366
(17,11) (17,12) 72
(18,11) (18,12) 173
(19,11) (19,12) 464
(20,11) (20,12) 355
(21,11) (21,12) 369
(22,11) (22,12) 348
(23,11) (23,12) 167
(24,11) (24,12) 153
(25,11) (25,12) 336
(1,12) (1,13) 86
(2,12) (2,13) 172
(3,12) (3,13) 23
(4,12) (4,13) 272
(5,12) (5,13) 30
(6,12) (6,13) 241
(7,12) (7,13) 477
(8,12) (8,13) 124
(9,12) (9,13) 382
(10,12) (10,13) 380
(11,12) (11,13) 381
(12,12) (12,13) 123
(13,12) (13,13) 141
(14,12) (14,13) 236
(15,12) (15,13) 152
(16,12) (16,13) 51
(17,12) (17,13) 190
(18,12) (18,13) 327
(19,12) (19,13) 304
(20,12) (20,13) 260
(21,12) (21,13) 89
(22,12) (22,13) 310
(23,12) (23,13) 471
(24,12) (24,13) 73
(25,12) (25,13) 469
(1,13) (1,14) 18
(2,13) (2,14) 190
(3,13) (3,14) 406
(4,13) (4,14) 89
(5,13) (5,14) 58
(6,13) (6,14) 236
(7,13) (7,14) 5
(8,13) (8,14) 67
(9,13) (9,14) 455
(10,13) (10,14) 393
(11,13) (11,14) 170
(12,13) (12,14) 35
(13,13) (13,14) 267
(14,13) (14,14) 363
(15,13) (15,14) 142
(16,13) (16,14) 468
(17,13) (17,14) 454
(18,13) (18,14) 268
(19,13) (19,14) 87
(20,13) (20,14) 138
(21,13) (21,14) 267
(22,13) (22,14) 50
(23,13) (23,14) 14
(24,13) (24,14) 16
(25,13) (25,14) 366
(1,14) (1,15) 137
(2,14) (2,15) 90
(3,14) (3,15) 300
(4,14) (4,15) 236
(5,14) (5,15) 111
(6,14) (6,15) 473
(7,14) (7,15) 146
(8,14) (8,15) 496
(9,14) (9,15) 150
(10,14) (10,15) 66
(11,14) (11,15) 302
(12,14) (12,15) 110
(13,14) (13,15) 198
(14,14) (14,15) 441
(15,14) (15,15) 475
(16,14) (16,15) 422
(17,14) (17,15) 257
(18,14) (18,15) 53
(19,14) (19,15) 193
(20,14) (20,15) 322
(21,14) (21,15) 309
(22,14) (22,15) 36
(23,14) (23,15) 489
(24,14) (24,15) 337
(25,14) (25,15) 54
(1,15) (1,16) 424
(2,15) (2,16) 376
(3,15) (3,16) 412
(4,15) (4,16) 85
(5,15) (5,16) 145
(6,15) (6,16) 266
(7,15) (7,16) 243
(8,15) (8,16) 461
(9,15) (9,16) 246
(10,15) (10,16) 218
(11,15) (11,16) 197
(12,15) (12,16) 297
(13,15) (13,16) 414
(14,15) (14,16) 96
(15,15) (15,16) 366
(16,15) (16,16) 474
(17,15) (17,16) 228
(18,15) (18,16) 190
(19,15) (19,16) 173
(20,15) (20,16) 219
(21,15) (21,16) 25
(22,15) (22,16) 59
(23,15) (23,16) 242
(24,15) (24,16) 475
(25,15) (25,16) 495
(1,16) (1,17) 102
(2,16) (2,17) 386
(3,16) (3,17) 244
(4,16) (4,17) 38
(5,16) (5,17) 204
(6,16) (6,17) 354
(7,16) (7,17) 418
(8,16) (8,17) 313
(9,16) (9,17) 127
(10,16) (10,17) 279
(11,16) (11,17) 238
(12,16) (12,17) 398
(13,16) (13,17) 199
(14,16) (14,17) 147
(15,16) (15,17) 421
(16,16) (16,17) 147
(17,16) (17,17) 281
(18,16) (18,17) 225
(19,16) (19,17) 13
(20,16) (20,17) 6
(21,16) (21,17) 470
(22,16) (22,17) 391
(23,16) (23,17) 436
(24,16) (24,17) 374
(25,16) (25,17) 229
(1,17) (1,18) 233
(2,17) (2,18) 364
(3,17) (3,18) 484
(4,17) (4,18) 406
(5,17) (5,18) 63
(6,17) (6,18) 431
(7,17) (7,18) 200
(8,17) (8,18) 204
(9,17) (9,18) 355
(10,17) (10,18) 31
(11,17) (11,18) 224
(12,17) (12,18) 114
(13,17) (13,18) 369
(14,17) (14,18) 442
(15,17) (15,18) 271
(16,17) (16,18) 199
(17,17) (17,18) 236
(18,17) (18,18) 460
(19,17) (19,18) 420
(20,17) (20,18) 4
(21,17) (21,18) 301
(22,17) (22,18) 58
(23,17) (23,18) 26
(24,17) (24,18) 454
(25,17) (25,18) 200
(1,18) (1,19) 212
(2,18) (2,19) 44
(3,18) (3,19) 393
(4,18) (4,19) 148
(5,18) (5,19) 466
(6,18) (6,19) 410
(7,18) (7,19) 411
(8,18) (8,19) 120
(9,18) (9,19) 421
(10,18) (10,19) 455
(11,18) (11,19) 106
(12,18) (12,19) 188
(13,18) (13,19) 220
(14,18) (14,19) 26
(15,18) (15,19) 346
(16,18) (16,19) 317
(17,18) (17,19) 426
(18,18) (18,19) 451
(19,18) (19,19) 119
(20,18) (20,19) 128
(21,18) (21,19) 340
(22,18) (22,19) 178
(23,18) (23,19) 392
(24,18) (24,19) 247
(25,18) (25,19) 428
(1,19) (1,20) 184
(2,19) (2,20) 52
(3,19) (3,20) 154
(4,19) (4,20) 206
(5,19) (5,20) 323
(6,19) (6,20) 342
(7,19) (7,20) 355
(8,19) (8,20) 285
(9,19) (9,20) 97
(10,19) (10,20) 404
(11,19) (11,20) 152
(12,19) (12,20) 113
(13,19) (13,20) 153
(14,19) (14,20) 120
(15,19) (15,20) 408
(16,19) (16,20) 420
(17,19) (17,20) 40
(18,19) (18,20) 172
(19,19) (19,20) 341
(20,19) (20,20) 264
(21,19) (21,20) 499
(22,19) (22,20) 468
(23,19) (23,20) 165
(24,19) (24,20) 310
(25,19) (25,20) 170
(1,20) (1,21) 10
(2,20) (2,21) 174
(3,20) (3,21) 89
(4,20) (4,21) 406
(5,20) (5,21) 130
(6,20) (6,21) 164
(7,20) (7,21) 481
(8,20) (8,21) 468
(9,20) (9,21) 248
(10,20) (10,21) 434
(11,20) (11,21) 306
(12,20) (12,21) 46
(13,20) (13,21) 36
(14,20) (14,21) 336
(15,20) (15,21) 244
(16,20) (16,21) 231
(17,20) (17,21) 56
(18,20) (18,21) 427
(19,20) (19,21) 225
(20,20) (20,21) 467
(21,20) (21,21) 337
(22,20) (22,21) 76
(23,20) (23,21) 352
(24,20) (24,21) 437
(25,20) (25,21) 359
(1,21) (1,22) 364
(2,21) (2,22) 109
(3,21) (3,22) 12
(4,21) (4,22) 339
(5,21) (5,22) 141
(6,21) (6,22) 222
(7,21) (7,22) 137
(8,21) (8,22) 80
(9,21) (9,22) 149
(10,21) (10,22) 77
(11,21) (11,22) 279
(12,21) (12,22) 110
(13,21) (13,22) 487
(14,21) (14,22) 91
(15,21) (15,22) 194
(16,21) (16,22) 404
(17,21) (17,22) 420
(18,21) (18,22) 130
(19,21) (19,22) 158
(20,21) (20,22) 408
(21,21) (21,22) 344
(22,21) (22,22) 210
(23,21) (23,22) 48
(24,21) (24,22) 185
(25,21) (25,22) 95
(1,22) (1,23) 259
(2,22) (2,23) 499
(3,22) (3,23) 416
(4,22) (4,23) 3
(5,22) (5,23) 330
(6,22) (6,23) 57
(7,22) (7,23) 209
(8,22) (8,23) 234
(9,22) (9,23) 309
(10,22) (10,23) 121
(11,22) (11,23) 201
(12,22) (12,23) 114
(13,22) (13,23) 102
(14,22) (14,23) 77
(15,22) (15,23) 97
(16,22) (16,23) 325
(17,22) (17,23) 16
(18,22) (18,23) 392
(19,22) (19,23) 102
(20,22) (20,23) 488
(21,22) (21,23) 499
(22,22) (22,23) 294
(23,22) (23,23) 300
(24,22) (24,23) 344
(25,22) (25,23) 234
(1,23) (1,24) 137
(2,23) (2,24) 450
(3,23) (3,24) 495
(4,23) (4,24) 14
(5,23) (5,24) 432
(6,23) (6,24) 19
(7,23) (7,24) 321
(8,23) (8,24) 108
(9,23) (9,24) 43
(10,23) (10,24) 495
(11,23) (11,24) 147
(12,23) (12,24) 480
(13,23) (13,24) 125
(14,23) (14,24) 15
(15,23) (15,24) 122
(16,23) (16,24) 190
(17,23) (17,24) 18
(18,23) (18,24) 124
(19,23) (19,24) 488
(20,23) (20,24) 371
(21,23) (21,24) 161
(22,23) (22,24) 416
(23,23) (23,24) 439
(24,23) (24,24) 326
(25,23) (25,24) 119
(1,24) (1,25) 184
(2,24) (2,25) 100
(3,24) (3,25) 396
(4,24) (4,25) 134
(5,24) (5,25) 307
(6,24) (6,25) 431
(7,24) (7,25) 329
(8,24) (8,25) 461
(9,24) (9,25) 374
(10,24) (10,25) 54
(11,24) (11,25) 149
(12,24) (12,25) 417
(13,24) (13,25) 277
(14,24) (14,25) 464
(15,24) (15,25) 475
(16,24) (16,25) 81
(17,24) (17,25) 377
(18,24) (18,25) 131
(19,24) (19,25) 294
(20,24) (20,25) 271
(21,24) (21,25) 500
(22,24) (22,25) 73
(23,24) (23,25) 293
(24,24) (24,25) 146
(25,24) (25,25) 483
(1,25) (1,26) 248
(2,25) (2,26) 157
(3,25) (3,26) 353
(4,25) (4,26) 370
(5,25) (5,26) 239
(6,25) (6,26) 55
(7,25) (7,26) 154
(8,25) (8,26) 119
(9,25) (9,26) 313
(10,25) (10,26) 167
(11,25) (11,26) 40
(12,25) (12,26) 69
(13,25) (13,26) 401
(14,25) (14,26) 325
(15,25) (15,26) 274
(16,25) (16,26) 332
(17,25) (17,26) 223
(18,25) (18,26) 146
(19,25) (19,26) 117
(20,25) (20,26) 256
(21,25) (21,26) 217
(22,25) (22,26) 251
(23,25) (23,26) 258
(24,25) (24,26) 46
(25,25) (25,26) 430
(1,26) (1,27) 402
(2,26) (2,27) 49
(3,26) (3,27) 314
(4,26) (4,27) 270
(5,26) (5,27) 203
(6,26) (6,27) 454
(7,26) (7,27) 310
(8,26) (8,27) 436
(9,26) (9,27) 179
(10,26) (10,27) 330
(11,26) (11,27) 363
(12,26) (12,27) 48
(13,26) (13,27) 255
(14,26) (14,27) 65
(15,26) (15,27) 223
(16,26) (16,27) 104
(17,26) (17,27) 231
(18,26) (18,27) 11
(19,26) (19,27) 248
(20,26) (20,27) 333
(21,26) (21,27) 137
(22,26) (22,27) 426
(23,26) (23,27) 157
(24,26) (24,27) 476
(25,26) (25,27) 209
(1,27) (1,28) 239
(2,27) (2,28) 403
(3,27) (3,28) 495
(4,27) (4,28) 124
(5,27) (5,28) 145
(6,27) (6,28) 254
(7,27) (7,28) 66
(8,27) (8,28) 255
(9,27) (9,28) 295
(10,27) (10,28) 302
(11,27) (11,28) 474
(12,27) (12,28) 62
(13,27) (13,28) 86
(14,27) (14,28) 93
(15,27) (15,28) 454
(16,27) (16,28) 169
(17,27) (17,28) 94
(18,27) (18,28) 410
(19,27) (19,28) 226
(20,27) (20,28) 373
(21,27) (21,28) 182
(22,27) (22,28) 477
(23,27) (23,28) 53
(24,27) (24,28) 500
(25,27) (25,28) 484
(1,28) (1,29) 242
(2,28) (2,29) 403
(3,28) (3,29) 260
(4,28) (4,29) 471
(5,28) (5,29) 332
(6,28) (6,29) 291
(7,28) (7,29) 147
(8,28) (8,29) 16
(9,28) (9,29) 175
(10,28) (10,29) 388
(11,28) (11,29) 225
(12,28) (12,29) 468
(13,28) (13,29) 493
(14,28) (14,29) 90
(15,28) (15,29) 482
(16,28) (16,29) 463
(17,28) (17,29) 487
(18,28) (18,29) 252
(19,28) (19,29) 207
(20,28) (20,29) 62
(21,28) (21,29) 164
(22,28) (22,29) 420
(23,28) (23,29) 151
(24,28) (24,29) 487
(25,28) (25,29) 240
(1,29) (1,30) 111
(2,29) (2,30) 307
(3,29) (3,30) 367
(4,29) (4,30) 355
(5,29) (5,30) 249
(6,29) (6,30) 419
(7,29) (7,30) 290
(8,29) (8,30) 408
(9,29) (9,30) 92
(10,29) (10,30) 23
(11,29) (11,30) 227
(12,29) (12,30) 20
(13,29) (13,30) 117
(14,29) (14,30) 427
(15,29) (15,30) 430
(16,29) (16,30) 32
(17,29) (17,30) 336
(18,29) (18,30) 292
(19,29) (19,30) 385
(20,29) (20,30) 488
(21,29) (21,30) 230
(22,29) (22,30) 61
(23,29) (23,30) 59
(24,29) (24,30) 74
(25,29) (25,30) 474
(1,1) (2,1) 297
(2,1) (1,1) 286
(2,1) (3,1) 443
(3,1) (2,1) 76
(3,1) (4,1) 258
(4,1) (3,1) 481
(4,1) (5,1) 225
(5,1) (4,1) 496
(5,1) (6,1) 375
(6,1) (5,1) 157
(6,1) (7,1) 487
(7,1) (6,1) 294
(7,1) (8,1) 227
(8,1) (7,1) 473
(8,1) (9,1) 141
(9,1) (8,1) 96
(9,1) (10,1) 267
(10,1) (9,1) 116
(10,1) (11,1) 383
(11,1) (10,1) 355
(11,1) (12,1) 90
(12,1) (11,1) 207
(12,1) (13,1) 66
(13,1) (12,1) 384
(13,1) (14,1) 199
(14,1) (13,1) 381
(14,1) (15,1) 14
(15,1) (14,1) 34
(15,1) (16,1) 200
(16,1) (15,1) 442
(16,1) (17,1) 119
(17,1) (16,1) 148
(17,1) (18,1) 326
(18,1) (17,1) 209
(18,1) (19,1) 199
(19,1) (18,1) 360
(19,1) (20,1) 258
(20,1) (19,1) 366
(20,1) (21,1) 132
(21,1) (20,1) 103
(21,1) (22,1) 291
(22,1) (21,1) 468
(22,1) (23,1) 119
(23,1) (22,1) 173
(23,1) (24,1) 69
(24,1) (23,1) 137
(24,1) (25,1) 102
(25,1) (24,1) 174
(1,2) (2,2) 14
(2,2) (1,2) 66
(2,2) (3,2) 449
(3,2) (2,2) 59
(3,2) (4,2) 23
(4,2) (3,2) 394
(4,2) (5,2) 380
(5,2) (4,2) 399
(5,2) (6,2) 440
(6,2) (5,2) 8
(6,2) (7,2) 406
(7,2) (6,2) 374
(7,2) (8,2) 297
(8,2) (7,2) 377
(8,2) (9,2) 121
(9,2) (8,2) 39
(9,2) (10,2) 49
(10,2) (9,2) 416
(10,2) (11,2) 219
(11,2) (10,2) 494
(11,2) (12,2) 209
(12,2) (11,2) 288
(12,2) (13,2) 62
(13,2) (12,2) 176
(13,2) (14,2) 13
(14,2) (13,2) 72
(14,2) (15,2) 485
(15,2) (14,2) 55
(15,2) (16,2) 64
(16,2) (15,2) 354
(16,2) (17,2) 419
(17,2) (16,2) 351
(17,2) (18,2) 389
(18,2) (17,2) 427
(18,2) (19,2) 160
(19,2) (18,2) 263
(19,2) (20,2) 131
(20,2) (19,2) 300
(20,2) (21,2) 286
(21,2) (20,2) 326
(21,2) (22,2) 157
(22,2) (21,2) 345
(22,2) (23,2) 230
(23,2) (22,2) 78
(23,2) (24,2) 207
(24,2) (23,2) 402
(24,2) (25,2) 177
(25,2) (24,2) 494
(1,3) (2,3) 165
(2,3) (1,3) 103
(2,3) (3,3) 35
(3,3) (2,3) 252
(3,3) (4,3) 242
(4,3) (3,3) 258
(4,3) (5,3) 239
(5,3) (4,3) 322
(5,3) (6,3) 154
(6,3) (5,3) 349
(6,3) (7,3) 312
(7,3) (6,3) 430
(7,3) (8,3) 112
(8,3) (7,3) 105
(8,3) (9,3) 307
(9,3) (8,3) 438
(9,3) (10,3) 100
(10,3) (9,3) 93
(10,3) (11,3) 353
(11,3) (10,3) 70
(11,3) (12,3) 293
(12,3) (11,3) 44
(12,3) (13,3) 458
(13,3) (12,3) 457
(13,3) (14,3) 363
(14,3) (13,3) 242
(14,3) (15,3) 42
(15,3) (14,3) 294
(15,3) (16,3) 323
(16,3) (15,3) 263
(16,3) (17,3) 107
(17,3) (16,3) 438
(17,3) (18,3) 164
(18,3) (17,3) 498
(18,3) (19,3) 151
(19,3) (18,3) 376
(19,3) (20,3) 10
(20,3) (19,3) 369
(20,3) (21,3) 246
(21,3) (20,3) 194
(21,3) (22,3) 454
(22,3) (21,3) 138
(22,3) (23,3) 121
(23,3) (22,3) 84
(23,3) (24,3) 182
(24,3) (23,3) 389
(24,3) (25,3) 451
(25,3) (24,3) 172
(1,4) (2,4) 275
(2,4) (1,4) 381
(2,4) (3,4) 205
(3,4) (2,4) 219
(3,4) (4,4) 253
(4,4) (3,4) 442
(4,4) (5,4) 450
(5,4) (4,4) 271
(5,4) (6,4) 142
(6,4) (5,4) 345
(6,4) (7,4) 16
(7,4) (6,4) 38
(7,4) (8,4) 295
(8,4) (7,4) 436
(8,4) (9,4) 198
(9,4) (8,4) 51
(9,4) (10,4) 468
(10,4) (9,4) 360
(10,4) (11,4) 399
(11,4) (10,4) 208
(11,4) (12,4) 259
(12,4) (11,4) 191
(12,4) (13,4) 380
(13,4) (12,4) 479
(13,4) (14,4) 453
(14,4) (13,4) 332
(14,4) (15,4) 462
(15,4) (14,4) 27
(15,4) (16,4) 329
(16,4) (15,4) 203
(16,4) (17,4) 131
(17,4) (16,4) 80
(17,4) (18,4) 238
(18,4) (17,4) 167
(18,4) (19,4) 475
(19,4) (18,4) 76
(19,4) (20,4) 448
(20,4) (19,4) 378
(20,4) (21,4) 275
(21,4) (20,4) 464
(21,4) (22,4) 458
(22,4) (21,4) 119
(22,4) (23,4) 61
(23,4) (22,4) 194
(23,4) (24,4) 283
(24,4) (23,4) 175
(24,4) (25,4) 167
(25,4) (24,4) 168
(1,5) (2,5) 194
(2,5) (1,5) 330
(2,5) (3,5) 131
(3,5) (2,5) 26
(3,5) (4,5) 325
(4,5) (3,5) 226
(4,5) (5,5) 164
(5,5) (4,5) 274
(5,5) (6,5) 15
(6,5) (5,5) 475
(6,5) (7,5) 93
(7,5) (6,5) 189
(7,5) (8,5) 478
(8,5) (7,5) 93
(8,5) (9,5) 406
(9,5) (8,5) 295
(9,5) (10,5) 397
(10,5) (9,5) 343
(10,5) (11,5) 115
(11,5) (10,5) 28
(11,5) (12,5) 113
(12,5) (11,5) 377
(12,5) (13,5) 48
(13,5) (12,5) 229
(13,5) (14,5) 7
(14,5) (13,5) 464
(14,5) (15,5) 54
(15,5) (14,5) 422
(15,5) (16,5) 298
(16,5) (15,5) 334
(16,5) (17,5) 438
(17,5) (16,5) 334
(17,5) (18,5) 359
(18,5) (17,5) 448
(18,5) (19,5) 336
(19,5) (18,5) 133
(19,5) (20,5) 259
(20,5) (19,5) 426
(20,5) (21,5) 468
(21,5) (20,5) 191
(21,5) (22,5) 212
(22,5) (21,5) 434
(22,5) (23,5) 88
(23,5) (22,5) 328
(23,5) (24,5) 360
(24,5) (23,5) 341
(24,5) (25,5) 161
(25,5) (24,5) 356
(1,6) (2,6) 143
(2,6) (1,6) 116
(2,6) (3,6) 209
(3,6) (2,6) 366
(3,6) (4,6) 332
(4,6) (3,6) 238
(4,6) (5,6) 38
(5,6) (4,6) 334
(5,6) (6,6) 44
(6,6) (5,6) 7
(6,6) (7,6) 58
(7,6) (6,6) 314
(7,6) (8,6) 412
(8,6) (7,6) 304
(8,6) (9,6) 194
(9,6) (8,6) 496
(9,6) (10,6) 9
(10,6) (9,6) 282
(10,6) (11,6) 53
(11,6) (10,6) 109
(11,6) (12,6) 413
(12,6) (11,6) 377
(12,6) (13,6) 113
(13,6) (12,6) 344
(13,6) (14,6) 319
(14,6) (13,6) 343
(14,6) (15,6) 61
(15,6) (14,6) 206
(15,6) (16,6) 251
(16,6) (15,6) 143
(16,6) (17,6) 204
(17,6) (16,6) 164
(17,6) (18,6) 386
(18,6) (17,6) 459
(18,6) (19,6) 257
(19,6) (18,6) 432
(19,6) (20,6) 70
(20,6) (19,6) 429
(20,6) (21,6) 289
(21,6) (20,6) 250
(21,6) (22,6) 423
(22,6) (21,6) 93
(22,6) (23,6) 261
(23,6) (22,6) 50
(23,6) (24,6) 469
(24,6) (23,6) 362
(24,6) (25,6) 288
(25,6) (24,6) 226
(1,7) (2,7) 233
(2,7) (1,7) 376
(2,7) (3,7) 361
(3,7) (2,7) 233
(3,7) (4,7) 403
(4,7) (3,7) 157
(4,7) (5,7) 242
(5,7) (4,7) 396
(5,7) (6,7) 194
(6,7) (5,7) 52
(6,7) (7,7) 3
(7,7) (6,7) 422
(7,7) (8,7) 164
(8,7) (7,7) 345
(8,7) (9,7) 318
(9,7) (8,7) 311
(9,7) (10,7) 92
(10,7) (9,7) 68
(10,7) (11,7) 424
(11,7) (10,7) 385
(11,7) (12,7) 235
(12,7) (11,7) 58
(12,7) (13,7) 88
(13,7) (12,7) 230
(13,7) (14,7) 327
(14,7) (13,7) 478
(14,7) (15,7) 451
(15,7) (14,7) 470
(15,7) (16,7) 427
(16,7) (15,7) 286
(16,7) (17,7) 32
(17,7) (16,7) 122
(17,7) (18,7) 19
(18,7) (17,7) 397
(18,7) (19,7) 58
(19,7) (18,7) 79
(19,7) (20,7) 462
(20,7) (19,7) 101
(20,7) (21,7) 73
(21,7) (20,7) 153
(21,7) (22,7) 387
(22,7) (21,7) 414
(22,7) (23,7) 414
(23,7) (22,7) 267
(23,7) (24,7) 299
(24,7) (23,7) 225
(24,7) (25,7) 316
(25,7) (24,7) 116
(1,8) (2,8) 467
(2,8) (1,8) 63
(2,8) (3,8) 108
(3,8) (2,8) 185
(3,8) (4,8) 337
(4,8) (3,8) 234
(4,8) (5,8) 364
(5,8) (4,8) 225
(5,8) (6,8) 307
(6,8) (5,8) 334
(6,8) (7,8) 60
(7,8) (6,8) 366
(7,8) (8,8) 307
(8,8) (7,8) 362
(8,8) (9,8) 197
(9,8) (8,8) 281
(9,8) (10,8) 266
(10,8) (9,8) 310
(10,8) (11,8) 108
(11,8) (10,8) 466
(11,8) (12,8) 278
(12,8) (11,8) 134
(12,8) (13,8) 67
(13,8) (12,8) 135
(13,8) (14,8) 52
(14,8) (13,8) 484
(14,8) (15,8) 247
(15,8) (14,8) 491
(15,8) (16,8) 42
(16,8) (15,8) 166
(16,8) (17,8) 266
(17,8) (16,8) 303
(17,8) (18,8) 413
(18,8) (17,8) 31
(18,8) (19,8) 483
(19,8) (18,8) 403
(19,8) (20,8) 75
(20,8) (19,8) 40
(20,8) (21,8) 481
(21,8) (20,8) 368
(21,8) (22,8) 428
(22,8) (21,8) 405
(22,8) (23,8) 100
(23,8) (22,8) 119
(23,8) (24,8) 359
(24,8) (23,8) 25
(24,8) (25,8) 436
(25,8) (24,8) 82
(1,9) (2,9) 468
(2,9) (1,9) 155
(2,9) (3,9) 301
(3,9) (2,9) 270
(3,9) (4,9) 446
(4,9) (3,9) 70
(4,9) (5,9) 283
(5,9) (4,9) 351
(5,9) (6,9) 27
(6,9) (5,9) 124
(6,9) (7,9) 408
(7,9) (6,9) 129
(7,9) (8,9) 175
(8,9) (7,9) 29
(8,9) (9,9) 199
(9,9) (8,9) 417
(9,9) (10,9) 319
(10,9) (9,9) 298
(10,9) (11,9) 260
(11,9) (10,9) 5
(11,9) (12,9) 206
(12,9) (11,9) 104
(12,9) (13,9) 258
(13,9) (12,9) 442
(13,9) (14,9) 155
(14,9) (13,9) 378
(14,9) (15,9) 148
(15,9) (14,9) 439
(15,9) (16,9) 162
(16,9) (15,9) 484
(16,9) (17,9) 317
(17,9) (16,9) 98
(17,9) (18,9) 188
(18,9) (17,9) 296
(18,9) (19,9) 6
(19,9) (18,9) 187
(19,9) (20,9) 114
(20,9) (19,9) 387
(20,9) (21,9) 139
(21,9) (20,9) 237
(21,9) (22,9) 477
(22,9) (21,9) 448
(22,9) (23,9) 323
(23,9) (22,9) 453
(23,9) (24,9) 382
(24,9) (23,9) 272
(24,9) (25,9) 200
(25,9) (24,9) 378
(1,10) (2,10) 405
(2,10) (1,10) 310
(2,10) (3,10) 71
(3,10) (2,10) 290
(3,10) (4,10) 4
(4,10) (3,10) 283
(4,10) (5,10) 40
(5,10) (4,10) 192
(5,10) (6,10) 234
(6,10) (5,10) 354
(6,10) (7,10) 443
(7,10) (6,10) 311
(7,10) (8,10) 9
(8,10) (7,10) 78
(8,10) (9,10) 187
(9,10) (8,10) 196
(9,10) (10,10) 189
(10,10) (9,10) 312
(10,10) (11,10) 164
(11,10) (10,10) 109
(11,10) (12,10) 127
(12,10) (11,10) 240
(12,10) (13,10) 324
(13,10) (12,10) 196
(13,10) (14,10) 7
(14,10) (13,10) 121
(14,10) (15,10) 238
(15,10) (14,10) 374
(15,10) (16,10) 410
(16,10) (15,10) 121
(16,10) (17,10) 269
(17,10) (16,10) 37
(17,10) (18,10) 391
(18,10) (17,10) 104
(18,10) (19,10) 80
(19,10) (18,10) 474
(19,10) (20,10) 260
(20,10) (19,10) 176
(20,10) (21,10) 135
(21,10) (20,10) 457
(21,10) (22,10) 346
(22,10) (21,10) 177
(22,10) (23,10) 185
(23,10) (22,10) 391
(23,10) (24,10) 291
(24,10) (23,10) 427
(24,10) (25,10) 43
(25,10) (24,10) 414
(1,11) (2,11) 53
(2,11) (1,11) 141
(2,11) (3,11) 294
(3,11) (2,11) 160
(3,11) (4,11) 452
(4,11) (3,11) 26
(4,11) (5,11) 253
(5,11) (4,11) 269
(5,11) (6,11) 415
(6,11) (5,11) 183
(6,11) (7,11) 495
(7,11) (6,11) 170
(7,11) (8,11) 447
(8,11) (7,11) 131
(8,11) (9,11) 233
(9,11) (8,11) 467
(9,11) (10,11) 45
(10,11) (9,11) 295
(10,11) (11,11) 299
(11,11) (10,11) 265
(11,11) (12,11) 455
(12,11) (11,11) 279
(12,11) (13,11) 414
(13,11) (12,11) 34
(13,11) (14,11) 247
(14,11) (13,11) 215
(14,11) (15,11) 426
(15,11) (14,11) 288
(15,11) (16,11) 217
(16,11) (15,11) 151
(16,11) (17,11) 281
(17,11) (16,11) 204
(17,11) (18,11) 306
(18,11) (17,11) 133
(18,11) (19,11) 456
(19,11) (18,11) 232
(19,11) (20,11) 185
(20,11) (19,11) 136
(20,11) (21,11) 480
(21,11) (20,11) 491
(21,11) (22,11) 102
(22,11) (21,11) 238
(22,11) (23,11) 26
(23,11) (22,11) 68
(23,11) (24,11) 238
(24,11) (23,11) 151
(24,11) (25,11) 65
(25,11) (24,11) 155
(1,12) (2,12) 31
(2,12) (1,12) 149
(2,12) (3,12) 45
(3,12) (2,12) 131
(3,12) (4,12) 428
(4,12) (3,12) 5
(4,12) (5,12) 174
(5,12) (4,12) 491
(5,12) (6,12) 157
(6,12) (5,12) 59
(6,12) (7,12) 178
(7,12) (6,12) 80
(7,12) (8,12) 385
(8,12) (7,12) 195
(8,12) (9,12) 192
(9,12) (8,12) 191
(9,12) (10,12) 101
(10,12) (9,12) 69
(10,12) (11,12) 334
(11,12) (10,12) 385
(11,12) (12,12) 375
(12,12) (11,12) 438
(12,12) (13,12) 98
(13,12) (12,12) 494
(13,12) (14,12) 91
(14,12) (13,12) 121
(14,12) (15,12) 405
(15,12) (14,12) 100
(15,12) (16,12) 358
(16,12) (15,12) 276
(16,12) (17,12) 152
(17,12) (16,12) 173
(17,12) (18,12) 248
(18,12) (17,12) 116
(18,12) (19,12) 301
(19,12) (18,12) 84
(19,12) (20,12) 472
(20,12) (19,12) 280
(20,12) (21,12) 154
(21,12) (20,12) 431
(21,12) (22,12) 404
(22,12) (21,12) 415
(22,12) (23,12) 413
(23,12) (22,12) 405
(23,12) (24,12) 286
(24,12) (23,12) 314
(24,12) (25,12) 13
(25,12) (24,12) 314
(1,13) (2,13) 370
(2,13) (1,13) 348
(2,13) (3,13) 252
(3,13) (2,13) 211
(3,13) (4,13) 309
(4,13) (3,13) 324
(4,13) (5,13) 402
(5,13) (4,13) 372
(5,13) (6,13) 112
(6,13) (5,13) 373
(6,13) (7,13) 413
(7,13) (6,13) 170
(7,13) (8,13) 47
(8,13) (7,13) 14
(8,13) (9,13) 88
(9,13) (8,13) 255
(9,13) (10,13) 122
(10,13) (9,13) 453
(10,13) (11,13) 18
(11,13) (10,13) 228
(11,13) (12,13) 426
(12,13) (11,13) 334
(12,13) (13,13) 432
(13,13) (12,13) 362
(13,13) (14,13) 127
(14,13) (13,13) 313
(14,13) (15,13) 168
(15,13) (14,13) 257
(15,13) (16,13) 297
(16,13) (15,13) 112
(16,13) (17,13) 11
(17,13) (16,13) 442
(17,13) (18,13) 358
(18,13) (17,13) 24
(18,13) (19,13) 38
(19,13) (18,13) 486
(19,13) (20,13) 292
(20,13) (19,13) 315
(20,13) (21,13) 141
(21,13) (20,13) 410
(21,13) (22,13) 56
(22,13) (21,13) 486
(22,13) (23,13) 39
(23,13) (22,13) 182
(23,13) (24,13) 146
(24,13) (23,13) 73
(24,13) (25,13) 334
(25,13) (24,13) 6
(1,14) (2,14) 288
(2,14) (1,14) 160
(2,14) (3,14) 214
(3,14) (2,14) 175
(3,14) (4,14) 286
(4,14) (3,14) 355
(4,14) (5,14) 154
(5,14) (4,14) 253
(5,14) (6,14) 164
(6,14) (5,14) 18
(6,14) (7,14) 1
(7,14) (6,14) 49
(7,14) (8,14) 229
(8,14) (7,14) 261
(8,14) (9,14) 51
(9,14) (8,14) 183
(9,14) (10,14) 446
(10,14) (9,14) 123
(10,14) (11,14) 5
(11,14) (10,14) 454
(11,14) (12,14) 31
(12,14) (11,14) 286
(12,14) (13,14) 131
(13,14) (12,14) 279
(13,14) (14,14) 326
(14,14) (13,14) 328
(14,14) (15,14) 61
(15,14) (14,14) 384
(15,14) (16,14) 383
(16,14) (15,14) 26
(16,14) (17,14) 45
(17,14) (16,14) 313
(17,14) (18,14) 301
(18,14) (17,14) 348
(18,14) (19,14) 465
(19,14) (18,14) 153
(19,14) (20,14) 225
(20,14) (19,14) 73
(20,14) (21,14) 260
(21,14) (20,14) 304
(21,14) (22,14) 305
(22,14) (21,14) 89
(22,14) (23,14) 62
(23,14) (22,14) 14
(23,14) (24,14) 99
(24,14) (23,14) 46
(24,14) (25,14) 329
(25,14) (24,14) 348
(1,15) (2,15) 401
(2,15) (1,15) 498
(2,15) (3,15) 424
(3,15) (2,15) 455
(3,15) (4,15) 459
(4,15) (3,15) 69
(4,15) (5,15) 395
(5,15) (4,15) 376
(5,15) (6,15) 32
(6,15) (5,15) 378
(6,15) (7,15) 377
(7,15) (6,15) 476
(7,15) (8,15) 412
(8,15) (7,15) 448
(8,15) (9,15) 475
(9,15) (8,15) 189
(9,15) (10,15) 82
(10,15) (9,15) 287
(10,15) (11,15) 105
(11,15) (10,15) 351
(11,15) (12,15) 418
(12,15) (11,15) 134
(12,15) (13,15) 491
(13,15) (12,15) 90
(13,15) (14,15) 240
(14,15) (13,15) 120
(14,15) (15,15) 394
(15,15) (14,15) 154
(15,15) (16,15) 365
(16,15) (15,15) 110
(16,15) (17,15) 437
(17,15) (16,15) 286
(17,15) (18,15) 162
(18,15) (17,15) 132
(18,15) (19,15) 175
(19,15) (18,15) 109
(19,15) (20,15) 255
(20,15) (19,15) 248
(20,15) (21,15) 490
(21,15) (20,15) 156
(21,15) (22,15) 8
(22,15) (21,15) 326
(22,15) (23,15) 126
(23,15) (22,15) 286
(23,15) (24,15) 268
(24,15) (23,15) 415
(24,15) (25,15) 217
(25,15) (24,15) 65
(1,16) (2,16) 359
(2,16) (1,16) 111
(2,16) (3,16) 107
(3,16) (2,16) 267
(3,16) (4,16) 434
(4,16) (3,16) 33
(4,16) (5,16) 83
(5,16) (4,16) 387
(5,16) (6,16) 51
(6,16) (5,16) 201
(6,16) (7,16) 461
(7,16) (6,16) 67
(7,16) (8,16) 278
(8,16) (7,16) 362
(8,16) (9,16) 58
(9,16) (8,16) 196
(9,16) (10,16) 201
(10,16) (9,16) 215
(10,16) (11,16) 150
(11,16) (10,16) 272
(11,16) (12,16) 175
(12,16) (11,16) 292
(12,16) (13,16) 36
(13,16) (12,16) 273
(13,16) (14,16) 188
(14,16) (13,16) 402
(14,16) (15,16) 189
(15,16) (14,16) 6
(15,16) (16,16) 112
(16,16) (15,16) 87
(16,16) (17,16) 178
(17,16) (16,16) 71
(17,16) (18,16) 497
(18,16) (17,16) 177
(18,16) (19,16) 272
(19,16) (18,16) 154
(19,16) (20,16) 132
(20,16) (19,16) 46
(20,16) (21,16) 400
(21,16) (20,16) 16
(21,16) (22,16) 271
(22,16) (21,16) 473
(22,16) (23,16) 303
(23,16) (22,16) 232
(23,16) (24,16) 447
(24,16) (23,16) 192
(24,16) (25,16) 181
(25,16) (24,16) 18
(1,17) (2,17) 173
(2,17) (1,17) 261
(2,17) (3,17) 161
(3,17) (2,17) 85
(3,17) (4,17) 268
(4,17) (3,17) 288
(4,17) (5,17) 341
(5,17) (4,17) 303
(5,17) (6,17) 298
(6,17) (5,17) 467
(6,17) (7,17) 40
(7,17) (6,17) 144
(7,17) (8,17) 238
(8,17) (7,17) 113
(8,17) (9,17) 324
(9,17) (8,17) 315
(9,17) (10,17) 434
(10,17) (9,17) 265
(10,17) (11,17) 3
(11,17) (10,17) 148
(11,17) (12,17) 329
(12,17) (11,17) 378
(12,17) (13,17) 345
(13,17) (12,17) 309
(13,17) (14,17) 233
(14,17) (13,17) 256
(14,17) (15,17) 21
(15,17) (14,17) 340
(15,17) (16,17) 179
(16,17) (15,17) 206
(16,17) (17,17) 293
(17,17) (16,17) 325
(17,17) (18,17) 356
(18,17) (17,17) 375
(18,17) (19,17) 252
(19,17) (18,17) 30
(19,17) (20,17) 393
(20,17) (19,17) 201
(20,17) (21,17) 436
(21,17) (20,17) 455
(21,17) (22,17) 407
(22,17) (21,17) 276
(22,17) (23,17) 236
(23,17) (22,17) 36
(23,17) (24,17) 277
(24,17) (23,17) 192
(24,17) (25,17) 364
(25,17) (24,17) 202
(1,18) (2,18) 251
(2,18) (1,18) 330
(2,18) (3,18) 196
(3,18) (2,18) 214
(3,18) (4,18) 7
(4,18) (3,18) 240
(4,18) (5,18) 231
(5,18) (4,18) 245
(5,18) (6,18) 471
(6,18) (5,18) 205
(6,18) (7,18) 389
(7,18) (6,18) 301
(7,18) (8,18) 27
(8,18) (7,18) 59
(8,18) (9,18) 407
(9,18) (8,18) 97
(9,18) (10,18) 244
(10,18) (9,18) 97
(10,18) (11,18) 296
(11,18) (10,18) 72
(11,18) (12,18) 334
(12,18) (11,18) 489
(12,18) (13,18) 389
(13,18) (12,18) 252
(13,18) (14,18) 207
(14,18) (13,18) 463
(14,18) (15,18) 498
(15,18) (14,18) 131
(15,18) (16,18) 26
(16,18) (15,18) 276
(16,18) (17,18) 65
(17,18) (16,18) 435
(17,18) (18,18) 195
(18,18) (17,18) 73
(18,18) (19,18) 191
(19,18) (18,18) 406
(19,18) (20,18) 113
(20,18) (19,18) 300
(20,18) (21,18) 109
(21,18) (20,18) 381
(21,18) (22,18) 374
(22,18) (21,18) 426
(22,18) (23,18) 341
(23,18) (22,18) 462
(23,18) (24,18) 114
(24,18) (23,18) 196
(24,18) (25,18) 403
(25,18) (24,18) 41
(1,19) (2,19) 15
(2,19) (1,19) 127
(2,19) (3,19) 211
(3,19) (2,19) 115
(3,19) (4,19) 124
(4,19) (3,19) 250
(4,19) (5,19) 458
(5,19) (4,19) 235
(5,19) (6,19) 382
(6,19) (5,19) 234
(6,19) (7,19) 69
(7,19) (6,19) 35
(7,19) (8,19) 240
(8,19) (7,19) 42
(8,19) (9,19) 237
(9,19) (8,19) 479
(9,19) (10,19) 40
(10,19) (9,19) 478
(10,19) (11,19) 264
(11,19) (10,19) 209
(11,19) (12,19) 424
(12,19) (11,19) 435
(12,19) (13,19) 356
(13,19) (12,19) 72
(13,19) (14,19) 234
(14,19) (13,19) 269
(14,19) (15,19) 336
(15,19) (14,19) 362
(15,19) (16,19) 108
(16,19) (15,19) 11
(16,19) (17,19) 349
(17,19) (16,19) 426
(17,19) (18,19) 331
(18,19) (17,19) 156
(18,19) (19,19) 119
(19,19) (18,19) 356
(19,19) (20,19) 291
(20,19) (19,19) 367
(20,19) (21,19) 29
(21,19) (20,19) 148
(21,19) (22,19) 12
(22,19) (21,19) 138
(22,19) (23,19) 177
(23,19) (22,19) 113
(23,19) (24,19) 232
(24,19) (23,19) 13
(24,19) (25,19) 165
(25,19) (24,19) 498
(1,20) (2,20) 253
(2,20) (1,20) 281
(2,20) (3,20) 331
(3,20) (2,20) 396
(3,20) (4,20) 478
(4,20) (3,20) 180
(4,20) (5,20) 184
(5,20) (4,20) 47
(5,20) (6,20) 266
(6,20) (5,20) 463
(6,20) (7,20) 6
(7,20) (6,20) 375
(7,20) (8,20) 238
(8,20) (7,20) 174
(8,20) (9,20) 64
(9,20) (8,20) 47
(9,20) (10,20) 329
(10,20) (9,20) 21
(10,20) (11,20) 247
(11,20) (10,20) 13
(11,20) (12,20) 282
(12,20) (11,20) 129
(12,20) (13,20) 426
(13,20) (12,20) 422
(13,20) (14,20) 172
(14,20) (13,20) 11
(14,20) (15,20) 290
(15,20) (14,20) 273
(15,20) (16,20) 121
(16,20) (15,20) 237
(16,20) (17,20) 108
(17,20) (16,20) 343
(17,20) (18,20) 329
(18,20) (17,20) 114
(18,20) (19,20) 209
(19,20) (18,20) 197
(19,20) (20,20) 459
(20,20) (19,20) 375
(20,20) (21,20) 405
(21,20) (20,20) 293
(21,20) (22,20) 200
(22,20) (21,20) 483
(22,20) (23,20) 23
(23,20) (22,20) 204
(23,20) (24,20) 43
(24,20) (23,20) 333
(24,20) (25,20) 385
(25,20) (24,20) 433
(1,21) (2,21) 133
(2,21) (1,21) 258
(2,21) (3,21) 139
(3,21) (2,21) 252
(3,21) (4,21) 461
(4,21) (3,21) 411
(4,21) (5,21) 62
(5,21) (4,21) 185
(5,21) (6,21) 368
(6,21) (5,21) 376
(6,21) (7,21) 44
(7,21) (6,21) 192
(7,21) (8,21) 183
(8,21) (7,21) 58
(8,21) (9,21) 235
(9,21) (8,21) 191
(9,21) (10,21) 18
(10,21) (9,21) 224
(10,21) (11,21) 329
(11,21) (10,21) 57
(11,21) (12,21) 134
(12,21) (11,21) 288
(12,21) (13,21) 102
(13,21) (12,21) 107
(13,21) (14,21) 443
(14,21) (13,21) 439
(14,21) (15,21) 204
(15,21) (14,21) 69
(15,21) (16,21) 80
(16,21) (15,21) 370
(16,21) (17,21) 59
(17,21) (16,21) 368
(17,21) (18,21) 251
(18,21) (17,21) 71
(18,21) (19,21) 379
(19,21) (18,21) 71
(19,21) (20,21) 168
(20,21) (19,21) 85
(20,21) (21,21) 281
(21,21) (20,21) 67
(21,21) (22,21) 10
(22,21) (21,21) 419
(22,21) (23,21) 376
(23,21) (22,21) 24
(23,21) (24,21) 23
(24,21) (23,21) 33
(24,21) (25,21) 42
(25,21) (24,21) 297
(1,22) (2,22) 238
(2,22) (1,22) 372
(2,22) (3,22) 490
(3,22) (2,22) 49
(3,22) (4,22) 487
(4,22) (3,22) 60
(4,22) (5,22) 428
(5,22) (4,22) 88
(5,22) (6,22) 338
(6,22) (5,22) 457
(6,22) (7,22) 75
(7,22) (6,22) 178
(7,22) (8,22) 452
(8,22) (7,22) 31
(8,22) (9,22) 455
(9,22) (8,22) 354
(9,22) (10,22) 263
(10,22) (9,22) 20
(10,22) (11,22) 376
(11,22) (10,22) 239
(11,22) (12,22) 224
(12,22) (11,22) 475
(12,22) (13,22) 367
(13,22) (12,22) 225
(13,22) (14,22) 120
(14,22) (13,22) 390
(14,22) (15,22) 492
(15,22) (14,22) 462
(15,22) (16,22) 468
(16,22) (15,22) 441
(16,22) (17,22) 144
(17,22) (16,22) 385
(17,22) (18,22) 339
(18,22) (17,22) 42
(18,22) (19,22) 310
(19,22) (18,22) 163
(19,22) (20,22) 299
(20,22) (19,22) 34
(20,22) (21,22) 454
(21,22) (20,22) 93
(21,22) (22,22) 222
(22,22) (21,22) 382
(22,22) (23,22) 442
(23,22) (22,22) 102
(23,22) (24,22) 443
(24,22) (23,22) 91
(24,22) (25,22) 141
(25,22) (24,22) 254
(1,23) (2,23) 221
(2,23) (1,23) 324
(2,23) (3,23) 141
(3,23) (2,23) 217
(3,23) (4,23) 329
(4,23) (3,23) 445
(4,23) (5,23) 427
(5,23) (4,23) 329
(5,23) (6,23) 36
(6,23) (5,23) 310
(6,23) (7,23) 326
(7,23) (6,23) 223
(7,23) (8,23) 107
(8,23) (7,23) 202
(8,23) (9,23) 411
(9,23) (8,23) 81
(9,23) (10,23) 215
(10,23) (9,23) 442
(10,23) (11,23) 169
(11,23) (10,23) 65
(11,23) (12,23) 313
(12,23) (11,23) 410
(12,23) (13,23) 277
(13,23) (12,23) 262
(13,23) (14,23) 440
(14,23) (13,23) 418
(14,23) (15,23) 208
(15,23) (14,23) 203
(15,23) (16,23) 498
(16,23) (15,23) 307
(16,23) (17,23) 368
(17,23) (16,23) 450
(17,23) (18,23) 212
(18,23) (17,23) 312
(18,23) (19,23) 205
(19,23) (18,23) 340
(19,23) (20,23) 109
(20,23) (19,23) 92
(20,23) (21,23) 54
(21,23) (20,23) 111
(21,23) (22,23) 351
(22,23) (21,23) 306
(22,23) (23,23) 85
(23,23) (22,23) 285
(23,23) (24,23) 287
(24,23) (23,23) 185
(24,23) (25,23) 408
(25,23) (24,23) 26
(1,24) (2,24) 43
(2,24) (1,24) 23
(2,24) (3,24) 205
(3,24) (2,24) 477
(3,24) (4,24) 93
(4,24) (3,24) 229
(4,24) (5,24) 457
(5,24) (4,24) 78
(5,24) (6,24) 398
(6,24) (5,24) 248
(6,24) (7,24) 85
(7,24) (6,24) 12
(7,24) (8,24) 168
(8,24) (7,24) 445
(8,24) (9,24) 209
(9,24) (8,24) 98
(9,24) (10,24) 322
(10,24) (9,24) 448
(10,24) (11,24) 106
(11,24) (10,24) 459
(11,24) (12,24) 123
(12,24) (11,24) 419
(12,24) (13,24) 416
(13,24) (12,24) 106
(13,24) (14,24) 186
(14,24) (13,24) 268
(14,24) (15,24) 341
(15,24) (14,24) 398
(15,24) (16,24) 461
(16,24) (15,24) 157
(16,24) (17,24) 306
(17,24) (16,24) 162
(17,24) (18,24) 451
(18,24) (17,24) 123
(18,24) (19,24) 111
(19,24) (18,24) 477
(19,24) (20,24) 448
(20,24) (19,24) 285
(20,24) (21,24) 189
(21,24) (20,24) 393
(21,24) (22,24) 29
(22,24) (21,24) 142
(22,24) (23,24) 341
(23,24) (22,24) 313
(23,24) (24,24) 486
(24,24) (23,24) 115
(24,24) (25,24) 56
(25,24) (24,24) 463
(1,25) (2,25) 105
(2,25) (1,25) 468
(2,25) (3,25) 23
(3,25) (2,25) 104
(3,25) (4,25) 92
(4,25) (3,25) 451
(4,25) (5,25) 252
(5,25) (4,25) 347
(5,25) (6,25) 463
(6,25) (5,25) 410
(6,25) (7,25) 458
(7,25) (6,25) 464
(7,25) (8,25) 195
(8,25) (7,25) 390
(8,25) (9,25) 31
(9,25) (8,25) 21
(9,25) (10,25) 487
(10,25) (9,25) 84
(10,25) (11,25) 8
(11,25) (10,25) 272
(11,25) (12,25) 266
(12,25) (11,25) 64
(12,25) (13,25) 18
(13,25) (12,25) 280
(13,25) (14,25) 161
(14,25) (13,25) 178
(14,25) (15,25) 300
(15,25) (14,25) 422
(15,25) (16,25) 395
(16,25) (15,25) 213
(16,25) (17,25) 404
(17,25) (16,25) 109
(17,25) (18,25) 463
(18,25) (17,25) 279
(18,25) (19,25) 284
(19,25) (18,25) 73
(19,25) (20,25) 454
(20,25) (19,25) 143
(20,25) (21,25) 119
(21,25) (20,25) 13
(21,25) (22,25) 47
(22,25) (21,25) 213
(22,25) (23,25) 113
(23,25) (22,25) 213
(23,25) (24,25) 32
(24,25) (23,25) 316
(24,25) (25,25) 475
(25,25) (24,25) 291
(1,26) (2,26) 175
(2,26) (1,26) 3
(2,26) (3,26) 339
(3,26) (2,26) 33
(3,26) (4,26) 9
(4,26) (3,26) 270
(4,26) (5,26) 336
(5,26) (4,26) 255
(5,26) (6,26) 274
(6,26) (5,26) 221
(6,26) (7,26) 291
(7,26) (6,26) 71
(7,26) (8,26) 255
(8,26) (7,26) 165
(8,26) (9,26) 38
(9,26) (8,26) 107
(9,26) (10,26) 138
(10,26) (9,26) 470
(10,26) (11,26) 470
(11,26) (10,26) 224
(11,26) (12,26) 49
(12,26) (11,26) 379
(12,26) (13,26) 389
(13,26) (12,26) 149
(13,26) (14,26) 454
(14,26) (13,26) 89
(14,26) (15,26) 448
(15,26) (14,26) 155
(15,26) (16,26) 189
(16,26) (15,26) 168
(16,26) (17,26) 72
(17,26) (16,26) 398
(17,26) (18,26) 126
(18,26) (17,26) 195
(18,26) (19,26) 36
(19,26) (18,26) 70
(19,26) (20,26) 15
(20,26) (19,26) 205
(20,26) (21,26) 163
(21,26) (20,26) 33
(21,26) (22,26) 464
(22,26) (21,26) 402
(22,26) (23,26) 364
(23,26) (22,26) 308
(23,26) (24,26) 259
(24,26) (23,26) 445
(24,26) (25,26) 498
(25,26) (24,26) 490
(1,27) (2,27) 95
(2,27) (1,27) 433
(2,27) (3,27) 231
(3,27) (2,27) 224
(3,27) (4,27) 208
(4,27) (3,27) 211
(4,27) (5,27) 237
(5,27) (4,27) 339
(5,27) (6,27) 219
(6,27) (5,27) 454
(6,27) (7,27) 325
(7,27) (6,27) 404
(7,27) (8,27) 288
(8,27) (7,27) 21
(8,27) (9,27) 60
(9,27) (8,27) 161
(9,27) (10,27) 390
(10,27) (9,27) 398
(10,27) (11,27) 259
(11,27) (10,27) 494
(11,27) (12,27) 172
(12,27) (11,27) 15
(12,27) (13,27) 30
(13,27) (12,27) 343
(13,27) (14,27) 219
(14,27) (13,27) 315
(14,27) (15,27) 93
(15,27) (14,27) 461
(15,27) (16,27) 11
(16,27) (15,27) 248
(16,27) (17,27) 355
(17,27) (16,27) 105
(17,27) (18,27) 42
(18,27) (17,27) 244
(18,27) (19,27) 213
(19,27) (18,27) 52
(19,27) (20,27) 139
(20,27) (19,27) 91
(20,27) (21,27) 148
(21,27) (20,27) 297
(21,27) (22,27) 472
(22,27) (21,27) 419
(22,27) (23,27) 463
(23,27) (22,27) 202
(23,27) (24,27) 273
(24,27) (23,27) 343
(24,27) (25,27) 367
(25,27) (24,27) 190
(1,28) (2,28) 446
(2,28) (1,28) 430
(2,28) (3,28) 404
(3,28) (2,28) 136
(3,28) (4,28) 379
(4,28) (3,28) 32
(4,28) (5,28) 329
(5,28) (4,28) 28
(5,28) (6,28) 122
(6,28) (5,28) 10
(6,28) (7,28) 193
(7,28) (6,28) 251
(7,28) (8,28) 333
(8,28) (7,28) 15
(8,28) (9,28) 14
(9,28) (8,28) 292
(9,28) (10,28) 219
(10,28) (9,28) 179
(10,28) (11,28) 3
(11,28) (10,28) 30
(11,28) (12,28) 114
(12,28) (11,28) 236
(12,28) (13,28) 293
(13,28) (12,28) 462
(13,28) (14,28) 496
(14,28) (13,28) 169
(14,28) (15,28) 214
(15,28) (14,28) 463
(15,28) (16,28) 327
(16,28) (15,28) 223
(16,28) (17,28) 147
(17,28) (16,28) 89
(17,28) (18,28) 493
(18,28) (17,28) 352
(18,28) (19,28) 132
(19,28) (18,28) 18
(19,28) (20,28) 448
(20,28) (19,28) 202
(20,28) (21,28) 62
(21,28) (20,28) 264
(21,28) (22,28) 483
(22,28) (21,28) 392
(22,28) (23,28) 372
(23,28) (22,28) 316
(23,28) (24,28) 335
(24,28) (23,28) 320
(24,28) (25,28) 23
(25,28) (24,28) 445
(1,29) (2,29) 426
(2,29) (1,29) 205
(2,29) (3,29) 201
(3,29) (2,29) 181
(3,29) (4,29) 342
(4,29) (3,29) 353
(4,29) (5,29) 337
(5,29) (4,29) 160
(5,29) (6,29) 218
(6,29) (5,29) 84
(6,29) (7,29) 434
(7,29) (6,29) 482
(7,29) (8,29) 14
(8,29) (7,29) 416
(8,29) (9,29) 162
(9,29) (8,29) 95
(9,29) (10,29) 296
(10,29) (9,29) 120
(10,29) (11,29) 273
(11,29) (10,29) 191
(11,29) (12,29) 488
(12,29) (11,29) 111
(12,29) (13,29) 475
(13,29) (12,29) 105
(13,29) (14,29) 296
(14,29) (13,29) 437
(14,29) (15,29) 118
(15,29) (14,29) 317
(15,29) (16,29) 441
(16,29) (15,29) 129
(16,29) (17,29) 57
(17,29) (16,29) 33
(17,29) (18,29) 187
(18,29) (17,29) 19
(18,29) (19,29) 151
(19,29) (18,29) 69
(19,29) (20,29) 311
(20,29) (19,29) 371
(20,29) (21,29) 172
(21,29) (20,29) 223
(21,29) (22,29) 304
(22,29) (21,29) 196
(22,29) (23,29) 391
(23,29) (22,29) 102
(23,29) (24,29) 299
(24,29) (23,29) 314
(24,29) (25,29) 36
(25,29) (24,29) 4
(1,30) (2,30) 448
(2,30) (1,30) 401
(2,30) (3,30) 93
(3,30) (2,30) 451
(3,30) (4,30) 170
(4,30) (3,30) 58
(4,30) (5,30) 176
(5,30) (4,30) 448
(5,30) (6,30) 467
(6,30) (5,30) 157
(6,30) (7,30) 248
(7,30) (6,30) 378
(7,30) (8,30) 142
(8,30) (7,30) 249
(8,30) (9,30) 177
(9,30) (8,30) 247
(9,30) (10,30) 394
(10,30) (9,30) 77
(10,30) (11,30) 269
(11,30) (10,30) 286
(11,30) (12,30) 352
(12,30) (11,30) 104
(12,30) (13,30) 262
(13,30) (12,30) 220
(13,30) (14,30) 20
(14,30) (13,30) 116
(14,30) (15,30) 218
(15,30) (14,30) 265
(15,30) (16,30) 345
(16,30) (15,30) 437
(16,30) (17,30) 58
(17,30) (16,30) 247
(17,30) (18,30) 59
(18,30) (17,30) 76
(18,30) (19,30) 243
(19,30) (18,30) 278
(19,30) (20,30) 131
(20,30) (19,30) 379
(20,30) (21,30) 47
(21,30) (20,30) 120
(21,30) (22,30) 326
(22,30) (21,30) 463
(22,30) (23,30) 40
(23,30) (22,30) 83
(23,30) (24,30) 422
(24,30) (23,30) 261
(24,30) (25,30) 439
(25,30) (24,30) 164
(1,30) t 474
(2,30) t 299
(3,30) t 352
(4,30) t 356
(5,30) t 177
(6,30) t 426
(7,30) t 382
(8,30) t 259
(9,30) t 155
(10,30) t 74
(11,30) t 489
(12,30) t 446
(13,30) t 196
(14,30) t 50
(15,30) t 28
(16,30) t 200
(17,30) t 114
(18,30) t 454
(19,30) t 423
(20,30) t 384
(21,30) t 274
(22,30) t 143
(23,30) t 178
(24,30) t 3
(25,30) t 410
