s (1,1) 268
s (2,1) 458
s (3,1) 5
s (4,1) 270
s (5,1) 331
s (6,1) 167
s (7,1) 184
s (8,1) 377
s (9,1) 425
s (10,1) 457
s (11,1) 36
s (12,1) 299
s (13,1) 109
s (14,1) 427
s (15,1) 272
s (16,1) 483
s (17,1) 392
s (18,1) 123
s (19,1) 345
s (20,1) 366
s (21,1) 261
s (22,1) 143
s (23,1) 482
s (24,1) 336
s (25,1) 232
s (26,1) 183
s (27,1) 482
s (28,1) 116
s (29,1) 458
s (30,1) 443
s (31,1) 468
s (32,1) 128
s (33,1) 174
s (34,1) 472
s (35,1) 164
(1,1) (1,2) 295
(2,1) (2,2) 326
(3,1) (3,2) 92
(4,1) (4,2) 456
(5,1) (5,2) 88
(6,1) (6,2) 165
(7,1) (7,2) 476
(8,1) (8,2) 500
(9,1) (9,2) 296
(10,1) (10,2) 165
(11,1) (11,2) 361
(12,1) (12,2) 104
(13,1) (13,2) 411
(14,1) (14,2) 235
(15,1) (15,2) 330
(16,1) (16,2) 439
(17,1) (17,2) 80
(18,1) (18,2) 7
(19,1) (19,2) 26
(20,1) (20,2) 263
(21,1) (21,2) 496
(22,1) (22,2) 26
(23,1) (23,2) 133
(24,1) (24,2) 471
(25,1) (25,2) 385
(26,1) (26,2) 445
(27,1) (27,2) 350
(28,1) (28,2) 386
(29,1) (29,2) 460
(30,1) (30,2) 299
(31,1) (31,2) 49
(32,1) (32,2) 316
(33,1) (33,2) 32
(34,1) (34,2) 196
(35,1) (35,2) 50
(1,2) (1,3) 244
(2,2) (2,3) 449
(3,2) (3,3) 194
(4,2) (4,3) 171
(5,2) (5,3) 464
(6,2) (6,3) 158
(7,2) (7,3) 466
(8,2) (8,3) 321
(9,2) (9,3) 125
(10,2) (10,3) 179
(11,2) (11,3) 215
(12,2) (12,3) 222
(13,2) (13,3) 98
(14,2) (14,3) 360
(15,2) (15,3) 22
(16,2) (16,3) 72
(17,2) (17,3) 99
(18,2) (18,3) 415
(19,2) (19,3) 77
(20,2) (20,3) 66
(21,2) (21,3) 215
(22,2) (22,3) 357
(23,2) (23,3) 35
(24,2) (24,3) 349
(25,2) (25,3) 347
(26,2) (26,3) 420
(27,2) (27,3) 99
(28,2) (28,3) 61
(29,2) (29,3) 148
(30,2) (30,3) 12
(31,2) (31,3) 393
(32,2) (32,3) 34
(33,2) (33,3) 229
(34,2) (34,3) 360
(35,2) (35,3) 174
(1,3) (1,4) 242
(2,3) (2,4) 65
(3,3) (3,4) 84
(4,3) (4,4) 411
(5,3) (5,4) 252
(6,3) (6,4) 235
(7,3) (7,4) 290
(8,3) (8,4) 371
(9,3) (9,4) 136
(10,3) (10,4) 143
(11,3) (11,4) 198
(12,3) (12,4) 30
(13,3) (13,4) 202
(14,3) (14,4) 266
(15,3) (15,4) 63
(16,3) (16,4) 275
(17,3) (17,4) 73
(18,3) (18,4) 283
(19,3) (19,4) 463
(20,3) (20,4) 104
(21,3) (21,4) 449
(22,3) (22,4) 392
(23,3) (23,4) 54
(24,3) (24,4) 453
(25,3) (25,4) 265
(26,3) (26,4) 84
(27,3) (27,4) 60
(28,3) (28,4) 246
(29,3) (29,4) 315
(30,3) (30,4) 23
(31,3) (31,4) 349
(32,3) (32,4) 421
(33,3) (33,4) 289
(34,3) (34,4) 368
(35,3) (35,4) 495
(1,4) (1,5) 404
(2,4) (2,5) 26
(3,4) (3,5) 3
(4,4) (4,5) 319
(5,4) (5,5) 285
(6,4) (6,5) 482
(7,4) (7,5) 79
(8,4) (8,5) 457
(9,4) (9,5) 436
(10,4) (10,5) 12
(11,4) (11,5) 355
(12,4) (12,5) 182
(13,4) (13,5) 70
(14,4) (14,5) 66
(15,4) (15,5) 241
(16,4) (16,5) 399
(17,4) (17,5) 178
(18,4) (18,5) 406
(19,4) (19,5) 241
(20,4) (20,5) 364
(21,4) (21,5) 6
(22,4) (22,5) 143
(23,4) (23,5) 280
(24,4) (24,5) 7
(25,4) (25,5) 89
(26,4) (26,5) 150
(27,4) (27,5) 232
(28,4) (28,5) 424
(29,4) (29,5) 489
(30,4) (30,5) 317
(31,4) (31,5) 431
(32,4) (32,5) 86
(33,4) (33,5) 445
(34,4) (34,5) 375
(35,4) (35,5) 205
(1,5) (1,6) 356
(2,5) (2,6) 303
(3,5) (3,6) 442
(4,5) (4,6) 452
(5,5) (5,6) 285
(6,5) (6,6) 379
(7,5) (7,6) 173
(8,5) (8,6) 279
(9,5) (9,6) 361
(10,5) (10,6) 291
(11,5) (11,6) 333
(12,5) (12,6) 459
(13,5) (13,6) 130
(14,5) (14,6) 315
(15,5) (15,6) 500
(16,5) (16,6) 381
(17,5) (17,6) 56
(18,5) (18,6) 146
(19,5) (19,6) 81
(20,5) (20,6) 156
(21,5) (21,6) 285
(22,5) (22,6) 261
(23,5) (23,6) 451
(24,5) (24,6) 31
(25,5) (25,6) 249
(26,5) (26,6) 48
(27,5) (27,6) 380
(28,5) (28,6) 20
(29,5) (29,6) 321
(30,5) (30,6) 227
(31,5) (31,6) 346
(32,5) (32,6) 436
(33,5) (33,6) 207
(34,5) (34,6) 306
(35,5) (35,6) 134
(1,6) (1,7) 219
(2,6) (2,7) 74
(3,6) (3,7) 195
(4,6) (4,7) 194
(5,6) (5,7) 173
(6,6) (6,7) 280
(7,6) (7,7) 482
(8,6) (8,7) 410
(9,6) (9,7) 491
(10,6) (10,7) 15
(11,6) (11,7) 387
(12,6) (12,7) 414
(13,6) (13,7) 48
(14,6) (14,7) 248
(15,6) (15,7) 9
(16,6) (16,7) 370
(17,6) (17,7) 11
(18,6) (18,7) 423
(19,6) (19,7) 367
(20,6) (20,7) 173
(21,6) (21,7) 478
(22,6) (22,7) 223
(23,6) (23,7) 347
(24,6) (24,7) 372
(25,6) (25,7) 145
(26,6) (26,7) 329
(27,6) (27,7) 108
(28,6) (28,7) 128
(29,6) (29,7) 213
(30,6) (30,7) 313
(31,6) (31,7) 273
(32,6) (32,7) 96
(33,6) (33,7) 345
(34,6) (34,7) 421
(35,6) (35,7) 361
(1,7) (1,8) 31
(2,7) (2,8) 246
(3,7) (3,8) 460
(4,7) (4,8) 58
(5,7) (5,8) 1
(6,7) (6,8) 219
(7,7) (7,8) 386
(8,7) (8,8) 368
(9,7) (9,8) 228
(10,7) (10,8) 275
(11,7) (11,8) 125
(12,7) (12,8) 123
(13,7) (13,8) 230
(14,7) (14,8) 455
(15,7) (15,8) 472
(16,7) (16,8) 141
(17,7) (17,8) 229
(18,7) (18,8) 257
(19,7) (19,8) 108
(20,7) (20,8) 430
(21,7) (21,8) 280
(22,7) (22,8) 344
(23,7) (23,8) 233
(24,7) (24,8) 135
(25,7) (25,8) 157
(26,7) (26,8) 459
(27,7) (27,8) 95
(28,7) (28,8) 94
(29,7) (29,8) 271
(30,7) (30,8) 292
(31,7) (31,8) 154
(32,7) (32,8) 100
(33,7) (33,8) 263
(34,7) (34,8) 449
(35,7) (35,8) 39
(1,8) (1,9) 104
(2,8) (2,9) 471
(3,8) (3,9) 273
(4,8) (4,9) 100
(5,8) (5,9) 392
(6,8) (6,9) 276
(7,8) (7,9) 310
(8,8) (8,9) 95
(9,8) (9,9) 167
(10,8) (10,9) 313
(11,8) (11,9) 119
(12,8) (12,9) 489
(13,8) (13,9) 218
(14,8) (14,9) 3
(15,8) (15,9) 205
(16,8) (16,9) 218
(17,8) (17,9) 113
(18,8) (18,9) 232
(19,8) (19,9) 472
(20,8) (20,9) 58
(21,8) (21,9) 97
(22,8) (22,9) 240
(23,8) (23,9) 187
(24,8) (24,9) 187
(25,8) (25,9) 415
(26,8) (26,9) 476
(27,8) (27,9) 402
(28,8) (28,9) 248
(29,8) (29,9) 328
(30,8) (30,9) 455
(31,8) (31,9) 375
(32,8) (32,9) 486
(33,8) (33,9) 336
(34,8) (34,9) 458
(35,8) (35,9) 271
(1,9) (1,10) 277
(2,9) (2,10) 278
(3,9) (3,10) 164
(4,9) (4,10) 364
(5,9) (5,10) 142
(6,9) (6,10) 338
(7,9) (7,10) 295
(8,9) (8,10) 299
(9,9) (9,10) 389
(10,9) (10,10) 130
(11,9) (11,10) 150
(12,9) (12,10) 250
(13,9) (13,10) 427
(14,9) (14,10) 371
(15,9) (15,10) 36
(16,9) (16,10) 364
(17,9) (17,10) 491
(18,9) (18,10) 288
(19,9) (19,10) 262
(20,9) (20,10) 248
(21,9) (21,10) 2
(22,9) (22,10) 89
(23,9) (23,10) 173
(24,9) (24,10) 9
(25,9) (25,10) 403
(26,9) (26,10) 241
(27,9) (27,10) 155
(28,9) (28,10) 455
(29,9) (29,10) 296
(30,9) (30,10) 334
(31,9) (31,10) 236
(32,9) (32,10) 336
(33,9) (33,10) 275
(34,9) (34,10) 202
(35,9) (35,10) 145
(1,10) (1,11) 381
(2,10) (2,11) 338
(3,10) (3,11) 124
(4,10) (4,11) 228
(5,10) (5,11) 67
(6,10) (6,11) 116
(7,10) (7,11) 298
(8,10) (8,11) 263
(9,10) (9,11) 311
(10,10) (10,11) 269
(11,10) (11,11) 6
(12,10) (12,11) 484
(13,10) (13,11) 442
(14,10) (14,11) 296
(15,10) (15,11) 391
(16,10) (16,11) 106
(17,10) (17,11) 335
(18,10) (18,11) 307
(19,10) (19,11) 364
(20,10) (20,11) 408
(21,10) (21,11) 303
(22,10) (22,11) 232
(23,10) (23,11) 20
(24,10) (24,11) 114
(25,10) (25,11) 442
(26,10) (26,11) 403
(27,10) (27,11) 110
(28,10) (28,11) 240
(29,10) (29,11) 407
(30,10) (30,11) 64
(31,10) (31,11) 233
(32,10) (32,11) 22
(33,10) (33,11) 374
(34,10) (34,11) 47
(35,10) (35,11) 129
(1,11) (1,12) 333
(2,11) (2,12) 420
(3,11) (3,12) 483
(4,11) (4,12) 176
(5,11) (5,12) 390
(6,11) (6,12) 445
(7,11) (7,12) 97
(8,11) (8,12) 252
(9,11) (9,12) 265
(10,11) (10,12) 177
(11,11) (11,12) 362
(12,11) (12,12) 414
(13,11) (13,12) 162
(14,11) (14,12) 15
(15,11) (15,12) 112
(16,11) (16,12) 259
(17,11) (17,12) 215
(18,11) (18,12) 422
(19,11) (19,12) 234
(20,11) (20,12) 248
(21,11) (21,12) 93
(22,11) (22,12) 247
(23,11) (23,12) 462
(24,11) (24,12) 351
(25,11) (25,12) 474
(26,11) (26,12) 66
(27,11) (27,12) 100
(28,11) (28,12) 298
(29,11) (29,12) 236
(30,11) (30,12) 355
(31,11) (31,12) 493
(32,11) (32,12) 196
(33,11) (33,12) 457
(34,11) (34,12) 136
(35,11) (35,12) 321
(1,12) (1,13) 482
(2,12) (2,13) 346
(3,12) (3,13) 151
(4,12) (4,13) 63
(5,12) (5,13) 353
(6,12) (6,13) 230
(7,12) (7,13) 376
(8,12) (8,13) 416
(9,12) (9,13) 261
(10,12) (10,13) 44
(11,12) (11,13) 349
(12,12) (12,13) 364
(13,12) (13,13) 64
(14,12) (14,13) 192
(15,12) (15,13) 36
(16,12) (16,13) 349
(17,12) (17,13) 265
(18,12) (18,13) 496
(19,12) (19,13) 155
(20,12) (20,13) 88
(21,12) (21,13) 427
(22,12) (22,13) 202
(23,12) (23,13) 436
(24,12) (24,13) 26
(25,12) (25,13) 337
(26,12) (26,13) 247
(27,12) (27,13) 55
(28,12) (28,13) 408
(29,12) (29,13) 475
(30,12) (30,13) 180
(31,12) (31,13) 344
(32,12) (32,13) 47
(33,12) (33,13) 164
(34,12) (34,13) 216
(35,12) (35,13) 277
(1,13) (1,14) 35
(2,13) (2,14) 475
(3,13) (3,14) 270
(4,13) (4,14) 313
(5,13) (5,14) 323
(6,13) (6,14) 105
(7,13) (7,14) 492
(8,13) (8,14) 485
(9,13) (9,14) 419
(10,13) (10,14) 381
(11,13) (11,14) 78
(12,13) (12,14) 180
(13,13) (13,14) 38
(14,13) (14,14) 88
(15,13) (15,14) 386
(16,13) (16,14) 450
(17,13) (17,14) 459
(18,13) (18,14) 380
(19,13) (19,14) 325
(20,13) (20,14) 493
(21,13) (21,14) 330
(22,13) (22,14) 479
(23,13) (23,14) 446
(24,13) (24,14) 207
(25,13) (25,14) 359
(26,13) (26,14) 332
(27,13) (27,14) 270
(28,13) (28,14) 368
(29,13) (29,14) 352
(30,13) (30,14) 225
(31,13) (31,14) 200
(32,13) (32,14) 237
(33,13) (33,14) 141
(34,13) (34,14) 32
(35,13) (35,14) 367
(1,14) (1,15) 371
(2,14) (2,15) 434
(3,14) (3,15) 229
(4,14) (4,15) 303
(5,14) (5,15) 170
(6,14) (6,15) 360
(7,14) (7,15) 115
(8,14) (8,15) 405
(9,14) (9,15) 109
(10,14) (10,15) 288
(11,14) (11,15) 443
(12,14) (12,15) 484
(13,14) (13,15) 451
(14,14) (14,15) 21
(15,14) (15,15) 298
(16,14) (16,15) 321
(17,14) (17,15) 156
(18,14) (18,15) 153
(19,14) (19,15) 82
(20,14) (20,15) 462
(21,14) (21,15) 370
(22,14) (22,15) 344
(23,14) (23,15) 139
(24,14) (24,15) 395
(25,14) (25,15) 152
(26,14) (26,15) 161
(27,14) (27,15) 188
(28,14) (28,15) 409
(29,14) (29,15) 428
(30,14) (30,15) 449
(31,14) (31,15) 34
(32,14) (32,15) 21
(33,14) (33,15) 38
(34,14) (34,15) 485
(35,14) (35,15) 490
(1,15) (1,16) 321
(2,15) (2,16) 204
(3,15) (3,16) 200
(4,15) (4,16) 118
(5,15) (5,16) 70
(6,15) (6,16) 213
(7,15) (7,16) 208
(8,15) (8,16) 340
(9,15) (9,16) 394
(10,15) (10,16) 190
(11,15) (11,16) 71
(12,15) (12,16) 99
(13,15) (13,16) 28
(14,15) (14,16) 195
(15,15) (15,16) 218
(16,15) (16,16) 292
(17,15) (17,16) 399
(18,15) (18,16) 97
(19,15) (19,16) 21
(20,15) (20,16) 58
(21,15) (21,16) 391
(22,15) (22,16) 320
(23,15) (23,16) 432
(24,15) (24,16) 228
(25,15) (25,16) 140
(26,15) (26,16) 104
(27,15) (27,16) 479
(28,15) (28,16) 394
(29,15) (29,16) 318
(30,15) (30,16) 30
(31,15) (31,16) 345
(32,15) (32,16) 339
(33,15) (33,16) 206
(34,15) (34,16) 328
(35,15) (35,16) 80
(1,16) (1,17) 253
(2,16) (2,17) 3
(3,16) (3,17) 195
(4,16) (4,17) 341
(5,16) (5,17) 103
(6,16) (6,17) 163
(7,16) (7,17) 476
(8,16) (8,17) 334
(9,16) (9,17) 237
(10,16) (10,17) 349
(11,16) (11,17) 265
(12,16) (12,17) 214
(13,16) (13,17) 325
(14,16) (14,17) 152
(15,16) (15,17) 367
(16,16) (16,17) 159
(17,16) (17,17) 167
(18,16) (18,17) 211
(19,16) (19,17) 89
(20,16) (20,17) 124
(21,16) (21,17) 42
(22,16) (22,17) 409
(23,16) (23,17) 461
(24,16) (24,17) 146
(25,16) (25,17) 335
(26,16) (26,17) 239
(27,16) (27,17) 442
(28,16) (28,17) 66
(29,16) (29,17) 259
(30,16) (30,17) 97
(31,16) (31,17) 346
(32,16) (32,17) 86
(33,16) (33,17) 329
(34,16) (34,17) 122
(35,16) (35,17) 170
(1,17) (1,18) 271
(2,17) (2,18) 30
(3,17) (3,18) 316
(4,17) (4,18) 5
(5,17) (5,18) 12
(6,17) (6,18) 413
(7,17) (7,18) 452
(8,17) (8,18) 94
(9,17) (9,18) 444
(10,17) (10,18) 23
(11,17) (11,18) 386
(12,17) (12,18) 341
(13,17) (13,18) 370
(14,17) (14,18) 84
(15,17) (15,18) 318
(16,17) (16,18) 37
(17,17) (17,18) 10
(18,17) (18,18) 424
(19,17) (19,18) 315
(20,17) (20,18) 355
(21,17) (21,18) 40
(22,17) (22,18) 440
(23,17) (23,18) 41
(24,17) (24,18) 184
(25,17) (25,18) 154
(26,17) (26,18) 289
(27,17) (27,18) 218
(28,17) (28,18) 333
(29,17) (29,18) 131
(30,17) (30,18) 58
(31,17) (31,18) 338
(32,17) (32,18) 220
(33,17) (33,18) 487
(34,17) (34,18) 415
(35,17) (35,18) 329
(1,18) (1,19) 360
(2,18) (2,19) 494
(3,18) (3,19) 71
(4,18) (4,19) 213
(5,18) (5,19) 358
(6,18) (6,19) 280
(7,18) (7,19) 468
(8,18) (8,19) 473
(9,18) (9,19) 346
(10,18) (10,19) 203
(11,18) (11,19) 439
(12,18) (12,19) 484
(13,18) (13,19) 473
(14,18) (14,19) 337
(15,18) (15,19) 441
(16,18) (16,19) 207
(17,18) (17,19) 356
(18,18) (18,19) 127
(19,18) (19,19) 276
(20,18) (20,19) 171
(21,18) (21,19) 307
(22,18) (22,19) 487
(23,18) (23,19) 314
(24,18) (24,19) 435
(25,18) (25,19) 193
(26,18) (26,19) 59
(27,18) (27,19) 328
(28,18) (28,19) 30
(29,18) (29,19) 20
(30,18) (30,19) 201
(31,18) (31,19) 314
(32,18) (32,19) 373
(33,18) (33,19) 357
(34,18) (34,19) 419
(35,18) (35,19) 151
(1,19) (1,20) 497
(2,19) (2,20) 277
(3,19) (3,20) 183
(4,19) (4,20) 275
(5,19) (5,20) 388
(6,19) (6,20) 183
(7,19) (7,20) 432
(8,19) (8,20) 364
(9,19) (9,20) 125
(10,19) (10,20) 418
(11,19) (11,20) 178
(12,19) (12,20) 29
(13,19) (13,20) 341
(14,19) (14,20) 83
(15,19) (15,20) 297
(16,19) (16,20) 68
(17,19) (17,20) 173
(18,19) (18,20) 451
(19,19) (19,20) 181
(20,19) (20,20) 240
(21,19) (21,20) 118
(22,19) (22,20) 279
(23,19) (23,20) 438
(24,19) (24,20) 483
(25,19) (25,20) 493
(26,19) (26,20) 22
(27,19) (27,20) 167
(28,19) (28,20) 357
(29,19) (29,20) 357
(30,19) (30,20) 277
(31,19) (31,20) 65
(32,19) (32,20) 248
(33,19) (33,20) 406
(34,19) (34,20) 363
(35,19) (35,20) 372
(1,20) (1,21) 321
(2,20) (2,21) 368
(3,20) (3,21) 347
(4,20) (4,21) 413
(5,20) (5,21) 489
(6,20) (6,21) 21
(7,20) (7,21) 102
(8,20) (8,21) 203
(9,20) (9,21) 241
(10,20) (10,21) 468
(11,20) (11,21) 306
(12,20) (12,21) 180
(13,20) (13,21) 300
(14,20) (14,21) 179
(15,20) (15,21) 132
(16,20) (16,21) 83
(17,20) (17,21) 466
(18,20) (18,21) 40
(19,20) (19,21) 323
(20,20) (20,21) 196
(21,20) (21,21) 454
(22,20) (22,21) 276
(23,20) (23,21) 10
(24,20) (24,21) 315
(25,20) (25,21) 98
(26,20) (26,21) 268
(27,20) (27,21) 404
(28,20) (28,21) 387
(29,20) (29,21) 211
(30,20) (30,21) 446
(31,20) (31,21) 112
(32,20) (32,21) 124
(33,20) (33,21) 341
(34,20) (34,21) 188
(35,20) (35,21) 239
(1,21) (1,22) 264
(2,21) (2,22) 380
(3,21) (3,22) 352
(4,21) (4,22) 18
(5,21) (5,22) 95
(6,21) (6,22) 104
(7,21) (7,22) 293
(8,21) (8,22) 41
(9,21) (9,22) 401
(10,21) (10,22) 167
(11,21) (11,22) 221
(12,21) (12,22) 218
(13,21) (13,22) 357
(14,21) (14,22) 177
(15,21) (15,22) 300
(16,21) (16,22) 24
(17,21) (17,22) 497
(18,21) (18,22) 419
(19,21) (19,22) 124
(20,21) (20,22) 20
(21,21) (21,22) 77
(22,21) (22,22) 284
(23,21) (23,22) 188
(24,21) (24,22) 433
(25,21) (25,22) 13
(26,21) (26,22) 496
(27,21) (27,22) 172
(28,21) (28,22) 404
(29,21) (29,22) 106
(30,21) (30,22) 363
(31,21) (31,22) 2
(32,21) (32,22) 439
(33,21) (33,22) 268
(34,21) (34,22) 354
(35,21) (35,22) 415
(1,22) (1,23) 483
(2,22) (2,23) 335
(3,22) (3,23) 194
(4,22) (4,23) 299
(5,22) (5,23) 273
(6,22) (6,23) 128
(7,22) (7,23) 351
(8,22) (8,23) 95
(9,22) (9,23) 321
(10,22) (10,23) 408
(11,22) (11,23) 407
(12,22) (12,23) 259
(13,22) (13,23) 63
(14,22) (14,23) 348
(15,22) (15,23) 64
(16,22) (16,23) 346
(17,22) (17,23) 356
(18,22) (18,23) 120
(19,22) (19,23) 147
(20,22) (20,23) 46
(21,22) (21,23) 97
(22,22) (22,23) 466
(23,22) (23,23) 71
(24,22) (24,23) 287
(25,22) (25,23) 363
(26,22) (26,23) 450
(27,22) (27,23) 15
(28,22) (28,23) 72
(29,22) (29,23) 354
(30,22) (30,23) 261
(31,22) (31,23) 379
(32,22) (32,23) 228
(33,22) (33,23) 411
(34,22) (34,23) 494
(35,22) (35,23) 116
(1,23) (1,24) 224
(2,23) (2,24) 6
(3,23) (3,24) 473
(4,23) (4,24) 246
(5,23) (5,24) 286
(6,23) (6,24) 342
(7,23) (7,24) 471
(8,23) (8,24) 70
(9,23) (9,24) 413
(10,23) (10,24) 7
(11,23) (11,24) 155
(12,23) (12,24) 197
(13,23) (13,24) 269
(14,23) (14,24) 102
(15,23) (15,24) 432
(16,23) (16,24) 308
(17,23) (17,24) 185
(18,23) (18,24) 211
(19,23) (19,24) 451
(20,23) (20,24) 80
(21,23) (21,24) 50
(22,23) (22,24) 373
(23,23) (23,24) 309
(24,23) (24,24) 165
(25,23) (25,24) 346
(26,23) (26,24) 140
(27,23) (27,24) 94
(28,23) (28,24) 103
(29,23) (29,24) 193
(30,23) (30,24) 356
(31,23) (31,24) 373
(32,23) (32,24) 137
(33,23) (33,24) 141
(34,23) (34,24) 283
(35,23) (35,24) 12
(1,24) (1,25) 257
(2,24) (2,25) 53
(3,24) (3,25) 279
(4,24) (4,25) 378
(5,24) (5,25) 441
(6,24) (6,25) 385
(7,24) (7,25) 293
(8,24) (8,25) 204
(9,24) (9,25) 484
(10,24) (10,25) 416
(11,24) (11,25) 266
(12,24) (12,25) 178
(13,24) (13,25) 322
(14,24) (14,25) 231
(15,24) (15,25) 180
(16,24) (16,25) 165
(17,24) (17,25) 126
(18,24) (18,25) 298
(19,24) (19,25) 14
(20,24) (20,25) 442
(21,24) (21,25) 382
(22,24) (22,25) 113
(23,24) (23,25) 162
(24,24) (24,25) 316
(25,24) (25,25) 421
(26,24) (26,25) 305
(27,24) (27,25) 436
(28,24) (28,25) 167
(29,24) (29,25) 437
(30,24) (30,25) 217
(31,24) (31,25) 408
(32,24) (32,25) 153
(33,24) (33,25) 308
(34,24) (34,25) 172
(35,24) (35,25) 493
(1,25) (1,26) 286
(2,25) (2,26) 273
(3,25) (3,26) 493
(4,25) (4,26) 305
(5,25) (5,26) 193
(6,25) (6,26) 299
(7,25) (7,26) 265
(8,25) (8,26) 364
(9,25) (9,26) 329
(10,25) (10,26) 177
(11,25) (11,26) 277
(12,25) (12,26) 480
(13,25) (13,26) 314
(14,25) (14,26) 98
(15,25) (15,26) 352
(16,25) (16,26) 267
(17,25) (17,26) 198
(18,25) (18,26) 485
(19,25) (19,26) 401
(20,25) (20,26) 92
(21,25) (21,26) 340
(22,25) (22,26) 206
(23,25) (23,26) 272
(24,25) (24,26) 217
(25,25) (25,26) 180
(26,25) (26,26) 420
(27,25) (27,26) 474
(28,25) (28,26) 134
(29,25) (29,26) 67
(30,25) (30,26) 6
(31,25) (31,26) 339
(32,25) (32,26) 380
(33,25) (33,26) 207
(34,25) (34,26) 221
(35,25) (35,26) 34
(1,26) (1,27) 285
(2,26) (2,27) 444
(3,26) (3,27) 11
(4,26) (4,27) 464
(5,26) (5,27) 100
(6,26) (6,27) 126
(7,26) (7,27) 174
(8,26) (8,27) 63
(9,26) (9,27) 301
(10,26) (10,27) 335
(11,26) (11,27) 464
(12,26) (12,27) 389
(13,26) (13,27) 6
(14,26) (14,27) 376
(15,26) (15,27) 363
(16,26) (16,27) 350
(17,26) (17,27) 273
(18,26) (18,27) 268
(19,26) (19,27) 150
(20,26) (20,27) 134
(21,26) (21,27) 145
(22,26) (22,27) 89
(23,26) (23,27) 378
(24,26) (24,27) 433
(25,26) (25,27) 177
(26,26) (26,27) 120
(27,26) (27,27) 437
(28,26) (28,27) 282
(29,26) (29,27) 440
(30,26) (30,27) 259
(31,26) (31,27) 321
(32,26) (32,27) 215
(33,26) (33,27) 332
(34,26) (34,27) 462
(35,26) (35,27) 64
(1,27) (1,28) 427
(2,27) (2,28) 374
(3,27) (3,28) 128
(4,27) (4,28) 327
(5,27) (5,28) 104
(6,27) (6,28) 66
(7,27) (7,28) 36
(8,27) (8,28) 124
(9,27) (9,28) 32
(10,27) (10,28) 80
(11,27) (11,28) 20
(12,27) (12,28) 119
(13,27) (13,28) 439
(14,27) (14,28) 430
(15,27) (15,28) 473
(16,27) (16,28) 305
(17,27) (17,28) 284
(18,27) (18,28) 142
(19,27) (19,28) 229
(20,27) (20,28) 72
(21,27) (21,28) 121
(22,27) (22,28) 220
(23,27) (23,28) 266
(24,27) (24,28) 47
(25,27) (25,28) 221
(26,27) (26,28) 338
(27,27) (27,28) 8
(28,27) (28,28) 61
(29,27) (29,28) 474
(30,27) (30,28) 328
(31,27) (31,28) 475
(32,27) (32,28) 450
(33,27) (33,28) 472
(34,27) (34,28) 238
(35,27) (35,28) 427
(1,28) (1,29) 194
(2,28) (2,29) 349
(3,28) (3,29) 297
(4,28) (4,29) 401
(5,28) (5,29) 125
(6,28) (6,29) 17
(7,28) (7,29) 253
(8,28) (8,29) 355
(9,28) (9,29) 264
(10,28) (10,29) 393
(11,28) (11,29) 210
(12,28) (12,29) 127
(13,28) (13,29) 127
(14,28) (14,29) 284
(15,28) (15,29) 287
(16,28) (16,29) 49
(17,28) (17,29) 162
(18,28) (18,29) 396
(19,28) (19,29) 396
(20,28) (20,29) 7
(21,28) (21,29) 108
(22,28) (22,29) 261
(23,28) (23,29) 368
(24,28) (24,29) 222
(25,28) (25,29) 186
(26,28) (26,29) 411
(27,28) (27,29) 165
(28,28) (28,29) 311
(29,28) (29,29) 428
(30,28) (30,29) 397
(31,28) (31,29) 236
(32,28) (32,29) 304
(33,28) (33,29) 107
(34,28) (34,29) 425
(35,28) (35,29) 34
(1,29) (1,30) 434
(2,29) (2,30) 9
(3,29) (3,30) 424
(4,29) (4,30) 470
(5,29) (5,30) 352
(6,29) (6,30) 261
(7,29) (7,30) 215
(8,29) (8,30) 298
(9,29) (9,30) 18
(10,29) (10,30) 291
(11,29) (11,30) 56
(12,29) (12,30) 303
(13,29) (13,30) 323
(14,29) (14,30) 110
(15,29) (15,30) 283
(16,29) (16,30) 232
(17,29) (17,30) 233
(18,29) (18,30) 146
(19,29) (19,30) 368
(20,29) (20,30) 143
(21,29) (21,30) 380
(22,29) (22,30) 298
(23,29) (23,30) 420
(24,29) (24,30) 444
(25,29) (25,30) 322
(26,29) (26,30) 191
(27,29) (27,30) 52
(28,29) (28,30) 45
(29,29) (29,30) 450
(30,29) (30,30) 496
(31,29) (31,30) 341
(32,29) (32,30) 478
(33,29) (33,30) 459
(34,29) (34,30) 14
(35,29) (35,30) 93
(1,30) (1,31) 245
(2,30) (2,31) 184
(3,30) (3,31) 415
(4,30) (4,31) 479
(5,30) (5,31) 9
(6,30) (6,31) 342
(7,30) (7,31) 402
(8,30) (8,31) 247
(9,30) (9,31) 460
(10,30) (10,31) 242
(11,30) (11,31) 34
(12,30) (12,31) 101
(13,30) (13,31) 413
(14,30) (14,31) 353
(15,30) (15,31) 360
(16,30) (16,31) 416
(17,30) (17,31) 276
(18,30) (18,31) 442
(19,30) (19,31) 404
(20,30) (20,31) 203
(21,30) (21,31) 273
(22,30) (22,31) 140
(23,30) (23,31) 367
(24,30) (24,31) 348
(25,30) (25,31) 31
(26,30) (26,31) 194
(27,30) (27,31) 131
(28,30) (28,31) 445
(29,30) (29,31) 41
(30,30) (30,31) 179
(31,30) (31,31) 48
(32,30) (32,31) 144
(33,30) (33,31) 119
(34,30) (34,31) 66
(35,30) (35,31) 336
(1,31) (1,32) 130
(2,31) (2,32) 48
(3,31) (3,32) 427
(4,31) (4,32) 212
(5,31) (5,32) 117
(6,31) (6,32) 413
(7,31) (7,32) 160
(8,31) (8,32) 373
(9,31) (9,32) 424
(10,31) (10,32) 430
(11,31) (11,32) 108
(12,31) (12,32) 425
(13,31) (13,32) 496
(14,31) (14,32) 73
(15,31) (15,32) 161
(16,31) (16,32) 281
(17,31) (17,32) 152
(18,31) (18,32) 435
(19,31) (19,32) 425
(20,31) (20,32) 320
(21,31) (21,32) 145
(22,31) (22,32) 171
(23,31) (23,32) 363
(24,31) (24,32) 383
(25,31) (25,32) 152
(26,31) (26,32) 130
(27,31) (27,32) 384
(28,31) (28,32) 277
(29,31) (29,32) 386
(30,31) (30,32) 33
(31,31) (31,32) 22
(32,31) (32,32) 483
(33,31) (33,32) 55
(34,31) (34,32) 246
(35,31) (35,32) 117
(1,32) (1,33) 141
(2,32) (2,33) 18
(3,32) (3,33) 242
(4,32) (4,33) 465
(5,32) (5,33) 155
(6,32) (6,33) 241
(7,32) (7,33) 288
(8,32) (8,33) 48
(9,32) (9,33) 106
(10,32) (10,33) 276
(11,32) (11,33) 87
(12,32) (12,33) 428
(13,32) (13,33) 263
(14,32) (14,33) 429
(15,32) (15,33) 10
(16,32) (16,33) 296
(17,32) (17,33) 50
(18,32) (18,33) 403
(19,32) (19,33) 349
(20,32) (20,33) 225
(21,32) (21,33) 445
(22,32) (22,33) 303
(23,32) (23,33) 433
(24,32) (24,33) 297
(25,32) (25,33) 283
(26,32) (26,33) 66
(27,32) (27,33) 429
(28,32) (28,33) 357
(29,32) (29,33) 385
(30,32) (30,33) 412
(31,32) (31,33) 20
(32,32) (32,33) 347
(33,32) (33,33) 420
(34,32) (34,33) 295
(35,32) (35,33) 359
(1,33) (1,34) 317
(2,33) (2,34) 401
(3,33) (3,34) 219
(4,33) (4,34) 82
(5,33) (5,34) 229
(6,33) (6,34) 75
(7,33) (7,34) 77
(8,33) (8,34) 287
(9,33) (9,34) 244
(10,33) (10,34) 49
(11,33) (11,34) 80
(12,33) (12,34) 271
(13,33) (13,34) 111
(14,33) (14,34) 220
(15,33) (15,34) 351
(16,33) (16,34) 346
(17,33) (17,34) 69
(18,33) (18,34) 151
(19,33) (19,34) 454
(20,33) (20,34) 84
(21,33) (21,34) 165
(22,33) (22,34) 284
(23,33) (23,34) 143
(24,33) (24,34) 117
(25,33) (25,34) 139
(26,33) (26,34) 432
(27,33) (27,34) 358
(28,33) (28,34) 105
(29,33) (29,34) 439
(30,33) (30,34) 370
(31,33) (31,34) 146
(32,33) (32,34) 51
(33,33) (33,34) 441
(34,33) (34,34) 245
(35,33) (35,34) 283
(1,34) (1,35) 465
(2,34) (2,35) 345
(3,34) (3,35) 247
(4,34) (4,35) 393
(5,34) (5,35) 115
(6,34) (6,35) 404
(7,34) (7,35) 51
(8,34) (8,35) 309
(9,34) (9,35) 474
(10,34) (10,35) 68
(11,34) (11,35) 103
(12,34) (12,35) 215
(13,34) (13,35) 264
(14,34) (14,35) 394
(15,34) (15,35) 199
(16,34) (16,35) 205
(17,34) (17,35) 228
(18,34) (18,35) 257
(19,34) (19,35) 374
(20,34) (20,35) 128
(21,34) (21,35) 263
(22,34) (22,35) 186
(23,34) (23,35) 418
(24,34) (24,35) 64
(25,34) (25,35) 66
(26,34) (26,35) 319
(27,34) (27,35) 151
(28,34) (28,35) 249
(29,34) (29,35) 84
(30,34) (30,35) 405
(31,34) (31,35) 58
(32,34) (32,35) 473
(33,34) (33,35) 21
(34,34) (34,35) 235
(35,34) (35,35) 123
(1,35) (1,36) 346
(2,35) (2,36) 269
(3,35) (3,36) 216
(4,35) (4,36) 298
(5,35) (5,36) 269
(6,35) (6,36) 370
(7,35) (7,36) 17
(8,35) (8,36) 447
(9,35) (9,36) 213
(10,35) (10,36) 148
(11,35) (11,36) 41
(12,35) (12,36) 97
(13,35) (13,36) 387
(14,35) (14,36) 483
(15,35) (15,36) 425
(16,35) (16,36) 289
(17,35) (17,36) 374
(18,35) (18,36) 1
(19,35) (19,36) 332
(20,35) (20,36) 278
(21,35) (21,36) 471
(22,35) (22,36) 27
(23,35) (23,36) 372
(24,35) (24,36) 315
(25,35) (25,36) 23
(26,35) (26,36) 305
(27,35) (27,36) 396
(28,35) (28,36) 293
(29,35) (29,36) 464
(30,35) (30,36) 45
(31,35) (31,36) 191
(32,35) (32,36) 312
(33,35) (33,36) 426
(34,35) (34,36) 139
(35,35) (35,36) 141
(1,36) (1,37) 365
(2,36) (2,37) 404
(3,36) (3,37) 228
(4,36) (4,37) 292
(5,36) (5,37) 352
(6,36) (6,37) 416
(7,36) (7,37) 391
(8,36) (8,37) 5
(9,36) (9,37) 83
(10,36) (10,37) 308
(11,36) (11,37) 441
(12,36) (12,37) 62
(13,36) (13,37) 167
(14,36) (14,37) 286
(15,36) (15,37) 257
(16,36) (16,37) 425
(17,36) (17,37) 133
(18,36) (18,37) 115
(19,36) (19,37) 415
(20,36) (20,37) 310
(21,36) (21,37) 110
(22,36) (22,37) 100
(23,36) (23,37) 142
(24,36) (24,37) 226
(25,36) (25,37) 176
(26,36) (26,37) 297
(27,36) (27,37) 441
(28,36) (28,37) 268
(29,36) (29,37) 183
(30,36) (30,37) 95
(31,36) (31,37) 251
(32,36) (32,37) 290
(33,36) (33,37) 348
(34,36) (34,37) 6
(35,36) (35,37) 163
(1,37) (1,38) 86
(2,37) (2,38) 125
(3,37) (3,38) 228
(4,37) (4,38) 327
(5,37) (5,38) 22
(6,37) (6,38) 27
(7,37) (7,38) 62
(8,37) (8,38) 241
(9,37) (9,38) 138
(10,37) (10,38) 442
(11,37) (11,38) 348
(12,37) (12,38) 457
(13,37) (13,38) 216
(14,37) (14,38) 202
(15,37) (15,38) 319
(16,37) (16,38) 6
(17,37) (17,38) 374
(18,37) (18,38) 491
(19,37) (19,38) 256
(20,37) (20,38) 367
(21,37) (21,38) 296
(22,37) (22,38) 378
(23,37) (23,38) 248
(24,37) (24,38) 446
(25,37) (25,38) 412
(26,37) (26,38) 327
(27,37) (27,38) 364
(28,37) (28,38) 364
(29,37) (29,38) 168
(30,37) (30,38) 235
(31,37) (31,38) 98
(32,37) (32,38) 480
(33,37) (33,38) 75
(34,37) (34,38) 203
(35,37) (35,38) 17
(1,38) (1,39) 274
(2,38) (2,39) 285
(3,38) (3,39) 436
(4,38) (4,39) 219
(5,38) (5,39) 184
(6,38) (6,39) 249
(7,38) (7,39) 215
(8,38) (8,39) 465
(9,38) (9,39) 39
(10,38) (10,39) 177
(11,38) (11,39) 237
(12,38) (12,39) 388
(13,38) (13,39) 165
(14,38) (14,39) 202
(15,38) (15,39) 55
(16,38) (16,39) 227
(17,38) (17,39) 248
(18,38) (18,39) 489
(19,38) (19,39) 355
(20,38) (20,39) 388
(21,38) (21,39) 488
(22,38) (22,39) 289
(23,38) (23,39) 483
(24,38) (24,39) 6
(25,38) (25,39) 125
(26,38) (26,39) 474
(27,38) (27,39) 115
(28,38) (28,39) 441
(29,38) (29,39) 230
(30,38) (30,39) 111
(31,38) (31,39) 290
(32,38) (32,39) 488
(33,38) (33,39) 398
(34,38) (34,39) 37
(35,38) (35,39) 151
(1,39) (1,40) 55
(2,39) (2,40) 477
(3,39) (3,40) 209
(4,39) (4,40) 106
(5,39) (5,40) 244
(6,39) (6,40) 53
(7,39) (7,40) 313
(8,39) (8,40) 294
(9,39) (9,40) 70
(10,39) (10,40) 420
(11,39) (11,40) 295
(12,39) (12,40) 250
(13,39) (13,40) 250
(14,39) (14,40) 413
(15,39) (15,40) 157
(16,39) (16,40) 408
(17,39) (17,40) 494
(18,39) (18,40) 282
(19,39) (19,40) 68
(20,39) (20,40) 254
(21,39) (21,40) 247
(22,39) (22,40) 152
(23,39) (23,40) 276
(24,39) (24,40) 467
(25,39) (25,40) 475
(26,39) (26,40) 226
(27,39) (27,40) 230
(28,39) (28,40) 414
(29,39) (29,40) 483
(30,39) (30,40) 33
(31,39) (31,40) 451
(32,39) (32,40) 94
(33,39) (33,40) 52
(34,39) (34,40) 25
(35,39) (35,40) 417
(1,1) (2,1) 111
(2,1) (1,1) 421
(2,1) (3,1) 66
(3,1) (2,1) 251
(3,1) (4,1) 134
(4,1) (3,1) 485
(4,1) (5,1) 366
(5,1) (4,1) 180
(5,1) (6,1) 472
(6,1) (5,1) 279
(6,1) (7,1) 158
(7,1) (6,1) 353
(7,1) (8,1) 487
(8,1) (7,1) 142
(8,1) (9,1) 136
(9,1) (8,1) 18
(9,1) (10,1) 141
(10,1) (9,1) 204
(10,1) (11,1) 44
(11,1) (10,1) 119
(11,1) (12,1) 311
(12,1) (11,1) 215
(12,1) (13,1) 363
(13,1) (12,1) 112
(13,1) (14,1) 55
(14,1) (13,1) 236
(14,1) (15,1) 433
(15,1) (14,1) 30
(15,1) (16,1) 467
(16,1) (15,1) 88
(16,1) (17,1) 484
(17,1) (16,1) 393
(17,1) (18,1) 209
(18,1) (17,1) 136
(18,1) (19,1) 298
(19,1) (18,1) 15
(19,1) (20,1) 144
(20,1) (19,1) 396
(20,1) (21,1) 91
(21,1) (20,1) 375
(21,1) (22,1) 348
(22,1) (21,1) 288
(22,1) (23,1) 263
(23,1) (22,1) 56
(23,1) (24,1) 414
(24,1) (23,1) 299
(24,1) (25,1) 11
(25,1) (24,1) 213
(25,1) (26,1) 216
(26,1) (25,1) 394
(26,1) (27,1) 420
(27,1) (26,1) 90
(27,1) (28,1) 384
(28,1) (27,1) 442
(28,1) (29,1) 362
(29,1) (28,1) 173
(29,1) (30,1) 392
(30,1) (29,1) 10
(30,1) (31,1) 16
(31,1) (30,1) 238
(31,1) (32,1) 386
(32,1) (31,1) 451
(32,1) (33,1) 408
(33,1) (32,1) 144
(33,1) (34,1) 325
(34,1) (33,1) 461
(34,1) (35,1) 220
(35,1) (34,1) 302
(1,2) (2,2) 40
(2,2) (1,2) 23
(2,2) (3,2) 409
(3,2) (2,2) 311
(3,2) (4,2) 387
(4,2) (3,2) 444
(4,2) (5,2) 456
(5,2) (4,2) 75
(5,2) (6,2) 269
(6,2) (5,2) 310
(6,2) (7,2) 139
(7,2) (6,2) 178
(7,2) (8,2) 230
(8,2) (7,2) 184
(8,2) (9,2) 358
(9,2) (8,2) 122
(9,2) (10,2) 1
(10,2) (9,2) 247
(10,2) (11,2) 115
(11,2) (10,2) 404
(11,2) (12,2) 126
(12,2) (11,2) 373
(12,2) (13,2) 41
(13,2) (12,2) 176
(13,2) (14,2) 425
(14,2) (13,2) 339
(14,2) (15,2) 212
(15,2) (14,2) 84
(15,2) (16,2) 335
(16,2) (15,2) 409
(16,2) (17,2) 434
(17,2) (16,2) 360
(17,2) (18,2) 350
(18,2) (17,2) 292
(18,2) (19,2) 441
(19,2) (18,2) 387
(19,2) (20,2) 278
(20,2) (19,2) 51
(20,2) (21,2) 478
(21,2) (20,2) 313
(21,2) (22,2) 115
(22,2) (21,2) 375
(22,2) (23,2) 287
(23,2) (22,2) 173
(23,2) (24,2) 369
(24,2) (23,2) 66
(24,2) (25,2) 197
(25,2) (24,2) 10
(25,2) (26,2) 138
(26,2) (25,2) 375
(26,2) (27,2) 449
(27,2) (26,2) 31
(27,2) (28,2) 397
(28,2) (27,2) 69
(28,2) (29,2) 327
(29,2) (28,2) 51
(29,2) (30,2) 150
(30,2) (29,2) 334
(30,2) (31,2) 190
(31,2) (30,2) 335
(31,2) (32,2) 223
(32,2) (31,2) 246
(32,2) (33,2) 215
(33,2) (32,2) 187
(33,2) (34,2) 379
(34,2) (33,2) 153
(34,2) (35,2) 57
(35,2) (34,2) 105
(1,3) (2,3) 402
(2,3) (1,3) 337
(2,3) (3,3) 403
(3,3) (2,3) 210
(3,3) (4,3) 216
(4,3) (3,3) 421
(4,3) (5,3) 492
(5,3) (4,3) 449
(5,3) (6,3) 79
(6,3) (5,3) 332
(6,3) (7,3) 193
(7,3) (6,3) 499
(7,3) (8,3) 11
(8,3) (7,3) 422
(8,3) (9,3) 388
(9,3) (8,3) 192
(9,3) (10,3) 353
(10,3) (9,3) 130
(10,3) (11,3) 476
(11,3) (10,3) 368
(11,3) (12,3) 44
(12,3) (11,3) 8
(12,3) (13,3) 6
(13,3) (12,3) 294
(13,3) (14,3) 44
(14,3) (13,3) 166
(14,3) (15,3) 319
(15,3) (14,3) 398
(15,3) (16,3) 138
(16,3) (15,3) 218
(16,3) (17,3) 341
(17,3) (16,3) 79
(17,3) (18,3) 102
(18,3) (17,3) 263
(18,3) (19,3) 456
(19,3) (18,3) 383
(19,3) (20,3) 380
(20,3) (19,3) 269
(20,3) (21,3) 229
(21,3) (20,3) 340
(21,3) (22,3) 253
(22,3) (21,3) 162
(22,3) (23,3) 282
(23,3) (22,3) 307
(23,3) (24,3) 189
(24,3) (23,3) 364
(24,3) (25,3) 145
(25,3) (24,3) 164
(25,3) (26,3) 114
(26,3) (25,3) 217
(26,3) (27,3) 155
(27,3) (26,3) 262
(27,3) (28,3) 151
(28,3) (27,3) 375
(28,3) (29,3) 325
(29,3) (28,3) 25
(29,3) (30,3) 280
(30,3) (29,3) 332
(30,3) (31,3) 126
(31,3) (30,3) 374
(31,3) (32,3) 223
(32,3) (31,3) 209
(32,3) (33,3) 429
(33,3) (32,3) 62
(33,3) (34,3) 444
(34,3) (33,3) 247
(34,3) (35,3) 489
(35,3) (34,3) 400
(1,4) (2,4) 387
(2,4) (1,4) 483
(2,4) (3,4) 259
(3,4) (2,4) 241
(3,4) (4,4) 338
(4,4) (3,4) 321
(4,4) (5,4) 3
(5,4) (4,4) 57
(5,4) (6,4) 315
(6,4) (5,4) 408
(6,4) (7,4) 312
(7,4) (6,4) 276
(7,4) (8,4) 419
(8,4) (7,4) 216
(8,4) (9,4) 96
(9,4) (8,4) 442
(9,4) (10,4) 340
(10,4) (9,4) 492
(10,4) (11,4) 359
(11,4) (10,4) 353
(11,4) (12,4) 197
(12,4) (11,4) 132
(12,4) (13,4) 40
(13,4) (12,4) 205
(13,4) (14,4) 399
(14,4) (13,4) 152
(14,4) (15,4) 327
(15,4) (14,4) 311
(15,4) (16,4) 409
(16,4) (15,4) 87
(16,4) (17,4) 303
(17,4) (16,4) 255
(17,4) (18,4) 270
(18,4) (17,4) 330
(18,4) (19,4) 205
(19,4) (18,4) 463
(19,4) (20,4) 336
(20,4) (19,4) 207
(20,4) (21,4) 390
(21,4) (20,4) 338
(21,4) (22,4) 289
(22,4) (21,4) 83
(22,4) (23,4) 208
(23,4) (22,4) 302
(23,4) (24,4) 25
(24,4) (23,4) 313
(24,4) (25,4) 214
(25,4) (24,4) 387
(25,4) (26,4) 182
(26,4) (25,4) 430
(26,4) (27,4) 491
(27,4) (26,4) 251
(27,4) (28,4) 160
(28,4) (27,4) 386
(28,4) (29,4) 116
(29,4) (28,4) 119
(29,4) (30,4) 181
(30,4) (29,4) 307
(30,4) (31,4) 250
(31,4) (30,4) 364
(31,4) (32,4) 269
(32,4) (31,4) 494
(32,4) (33,4) 20
(33,4) (32,4) 338
(33,4) (34,4) 488
(34,4) (33,4) 171
(34,4) (35,4) 308
(35,4) (34,4) 76
(1,5) (2,5) 485
(2,5) (1,5) 18
(2,5) (3,5) 290
(3,5) (2,5) 92
(3,5) (4,5) 228
(4,5) (3,5) 72
(4,5) (5,5) 301
(5,5) (4,5) 59
(5,5) (6,5) 304
(6,5) (5,5) 463
(6,5) (7,5) 143
(7,5) (6,5) 189
(7,5) (8,5) 421
(8,5) (7,5) 83
(8,5) (9,5) 318
(9,5) (8,5) 234
(9,5) (10,5) 188
(10,5) (9,5) 182
(10,5) (11,5) 208
(11,5) (10,5) 134
(11,5) (12,5) 129
(12,5) (11,5) 492
(12,5) (13,5) 428
(13,5) (12,5) 118
(13,5) (14,5) 232
(14,5) (13,5) 8
(14,5) (15,5) 417
(15,5) (14,5) 425
(15,5) (16,5) 237
(16,5) (15,5) 194
(16,5) (17,5) 116
(17,5) (16,5) 74
(17,5) (18,5) 394
(18,5) (17,5) 225
(18,5) (19,5) 83
(19,5) (18,5) 19
(19,5) (20,5) 26
(20,5) (19,5) 12
(20,5) (21,5) 137
(21,5) (20,5) 383
(21,5) (22,5) 71
(22,5) (21,5) 98
(22,5) (23,5) 14
(23,5) (22,5) 413
(23,5) (24,5) 150
(24,5) (23,5) 200
(24,5) (25,5) 95
(25,5) (24,5) 273
(25,5) (26,5) 167
(26,5) (25,5) 169
(26,5) (27,5) 335
(27,5) (26,5) 313
(27,5) (28,5) 140
(28,5) (27,5) 124
(28,5) (29,5) 497
(29,5) (28,5) 345
(29,5) (30,5) 190
(30,5) (29,5) 349
(30,5) (31,5) 195
(31,5) (30,5) 35
(31,5) (32,5) 154
(32,5) (31,5) 98
(32,5) (33,5) 404
(33,5) (32,5) 134
(33,5) (34,5) 99
(34,5) (33,5) 348
(34,5) (35,5) 369
(35,5) (34,5) 350
(1,6) (2,6) 57
(2,6) (1,6) 219
(2,6) (3,6) 369
(3,6) (2,6) 138
(3,6) (4,6) 268
(4,6) (3,6) 331
(4,6) (5,6) 27
(5,6) (4,6) 206
(5,6) (6,6) 403
(6,6) (5,6) 265
(6,6) (7,6) 122
(7,6) (6,6) 384
(7,6) (8,6) 7
(8,6) (7,6) 254
(8,6) (9,6) 17
(9,6) (8,6) 385
(9,6) (10,6) 444
(10,6) (9,6) 86
(10,6) (11,6) 458
(11,6) (10,6) 468
(11,6) (12,6) 118
(12,6) (11,6) 233
(12,6) (13,6) 72
(13,6) (12,6) 468
(13,6) (14,6) 130
(14,6) (13,6) 368
(14,6) (15,6) 312
(15,6) (14,6) 400
(15,6) (16,6) 120
(16,6) (15,6) 48
(16,6) (17,6) 492
(17,6) (16,6) 9
(17,6) (18,6) 449
(18,6) (17,6) 340
(18,6) (19,6) 459
(19,6) (18,6) 223
(19,6) (20,6) 33
(20,6) (19,6) 292
(20,6) (21,6) 66
(21,6) (20,6) 300
(21,6) (22,6) 98
(22,6) (21,6) 325
(22,6) (23,6) 221
(23,6) (22,6) 174
(23,6) (24,6) 53
(24,6) (23,6) 220
(24,6) (25,6) 335
(25,6) (24,6) 76
(25,6) (26,6) 295
(26,6) (25,6) 368
(26,6) (27,6) 350
(27,6) (26,6) 105
(27,6) (28,6) 101
(28,6) (27,6) 277
(28,6) (29,6) 105
(29,6) (28,6) 421
(29,6) (30,6) 489
(30,6) (29,6) 287
(30,6) (31,6) 81
(31,6) (30,6) 56
(31,6) (32,6) 392
(32,6) (31,6) 175
(32,6) (33,6) 408
(33,6) (32,6) 281
(33,6) (34,6) 424
(34,6) (33,6) 32
(34,6) (35,6) 195
(35,6) (34,6) 76
(1,7) (2,7) 375
(2,7) (1,7) 251
(2,7) (3,7) 339
(3,7) (2,7) 284
(3,7) (4,7) 367
(4,7) (3,7) 89
(4,7) (5,7) 345
(5,7) (4,7) 481
(5,7) (6,7) 145
(6,7) (5,7) 421
(6,7) (7,7) 3
(7,7) (6,7) 342
(7,7) (8,7) 193
(8,7) (7,7) 223
(8,7) (9,7) 322
(9,7) (8,7) 467
(9,7) (10,7) 79
(10,7) (9,7) 68
(10,7) (11,7) 31
(11,7) (10,7) 81
(11,7) (12,7) 220
(12,7) (11,7) 100
(12,7) (13,7) 3
(13,7) (12,7) 118
(13,7) (14,7) 344
(14,7) (13,7) 71
(14,7) (15,7) 166
(15,7) (14,7) 161
(15,7) (16,7) 320
(16,7) (15,7) 299
(16,7) (17,7) 500
(17,7) (16,7) 184
(17,7) (18,7) 326
(18,7) (17,7) 346
(18,7) (19,7) 178
(19,7) (18,7) 78
(19,7) (20,7) 380
(20,7) (19,7) 20
(20,7) (21,7) 261
(21,7) (20,7) 59
(21,7) (22,7) 478
(22,7) (21,7) 405
(22,7) (23,7) 178
(23,7) (22,7) 225
(23,7) (24,7) 16
(24,7) (23,7) 383
(24,7) (25,7) 98
(25,7) (24,7) 13
(25,7) (26,7) 388
(26,7) (25,7) 177
(26,7) (27,7) 496
(27,7) (26,7) 117
(27,7) (28,7) 326
(28,7) (27,7) 63
(28,7) (29,7) 9
(29,7) (28,7) 474
(29,7) (30,7) 16
(30,7) (29,7) 42
(30,7) (31,7) 136
(31,7) (30,7) 477
(31,7) (32,7) 493
(32,7) (31,7) 285
(32,7) (33,7) 223
(33,7) (32,7) 374
(33,7) (34,7) 301
(34,7) (33,7) 491
(34,7) (35,7) 399
(35,7) (34,7) 140
(1,8) (2,8) 243
(2,8) (1,8) 444
(2,8) (3,8) 183
(3,8) (2,8) 438
(3,8) (4,8) 70
(4,8) (3,8) 78
(4,8) (5,8) 72
(5,8) (4,8) 116
(5,8) (6,8) 350
(6,8) (5,8) 275
(6,8) (7,8) 337
(7,8) (6,8) 413
(7,8) (8,8) 283
(8,8) (7,8) 434
(8,8) (9,8) 6
(9,8) (8,8) 143
(9,8) (10,8) 327
(10,8) (9,8) 492
(10,8) (11,8) 291
(11,8) (10,8) 496
(11,8) (12,8) 8
(12,8) (11,8) 478
(12,8) (13,8) 119
(13,8) (12,8) 434
(13,8) (14,8) 273
(14,8) (13,8) 449
(14,8) (15,8) 432
(15,8) (14,8) 303
(15,8) (16,8) 449
(16,8) (15,8) 369
(16,8) (17,8) 342
(17,8) (16,8) 220
(17,8) (18,8) 148
(18,8) (17,8) 146
(18,8) (19,8) 35
(19,8) (18,8) 272
(19,8) (20,8) 459
(20,8) (19,8) 237
(20,8) (21,8) 389
(21,8) (20,8) 208
(21,8) (22,8) 434
(22,8) (21,8) 184
(22,8) (23,8) 8
(23,8) (22,8) 193
(23,8) (24,8) 477
(24,8) (23,8) 394
(24,8) (25,8) 48
(25,8) (24,8) 218
(25,8) (26,8) 27
(26,8) (25,8) 202
(26,8) (27,8) 186
(27,8) (26,8) 84
(27,8) (28,8) 63
(28,8) (27,8) 234
(28,8) (29,8) 439
(29,8) (28,8) 72
(29,8) (30,8) 58
(30,8) (29,8) 11
(30,8) (31,8) 409
(31,8) (30,8) 124
(31,8) (32,8) 295
(32,8) (31,8) 176
(32,8) (33,8) 451
(33,8) (32,8) 18
(33,8) (34,8) 413
(34,8) (33,8) 253
(34,8) (35,8) 30
(35,8) (34,8) 82
(1,9) (2,9) 74
(2,9) (1,9) 279
(2,9) (3,9) 93
(3,9) (2,9) 151
(3,9) (4,9) 401
(4,9) (3,9) 365
(4,9) (5,9) 94
(5,9) (4,9) 146
(5,9) (6,9) 30
(6,9) (5,9) 18
(6,9) (7,9) 45
(7,9) (6,9) 176
(7,9) (8,9) 430
(8,9) (7,9) 186
(8,9) (9,9) 18
(9,9) (8,9) 5
(9,9) (10,9) 207
(10,9) (9,9) 378
(10,9) (11,9) 60
(11,9) (10,9) 465
(11,9) (12,9) 499
(12,9) (11,9) 281
(12,9) (13,9) 329
(13,9) (12,9) 499
(13,9) (14,9) 220
(14,9) (13,9) 201
(14,9) (15,9) 294
(15,9) (14,9) 333
(15,9) (16,9) 144
(16,9) (15,9) 279
(16,9) (17,9) 359
(17,9) (16,9) 84
(17,9) (18,9) 446
(18,9) (17,9) 255
(18,9) (19,9) 237
(19,9) (18,9) 377
(19,9) (20,9) 209
(20,9) (19,9) 204
(20,9) (21,9) 463
(21,9) (20,9) 240
(21,9) (22,9) 458
(22,9) (21,9) 340
(22,9) (23,9) 347
(23,9) (22,9) 201
(23,9) (24,9) 185
(24,9) (23,9) 143
(24,9) (25,9) 334
(25,9) (24,9) 445
(25,9) (26,9) 50
(26,9) (25,9) 135
(26,9) (27,9) 455
(27,9) (26,9) 380
(27,9) (28,9) 12
(28,9) (27,9) 193
(28,9) (29,9) 30
(29,9) (28,9) 189
(29,9) (30,9) 103
(30,9) (29,9) 290
(30,9) (31,9) 179
(31,9) (30,9) 149
(31,9) (32,9) 8
(32,9) (31,9) 477
(32,9) (33,9) 155
(33,9) (32,9) 478
(33,9) (34,9) 217
(34,9) (33,9) 97
(34,9) (35,9) 7
(35,9) (34,9) 204
(1,10) (2,10) 408
(2,10) (1,10) 338
(2,10) (3,10) 369
(3,10) (2,10) 79
(3,10) (4,10) 324
(4,10) (3,10) 18
(4,10) (5,10) 368
(5,10) (4,10) 317
(5,10) (6,10) 120
(6,10) (5,10) 250
(6,10) (7,10) 11
(7,10) (6,10) 254
(7,10) (8,10) 449
(8,10) (7,10) 203
(8,10) (9,10) 174
(9,10) (8,10) 10
(9,10) (10,10) 410
(10,10) (9,10) 439
(10,10) (11,10) 344
(11,10) (10,10) 318
(11,10) (12,10) 339
(12,10) (11,10) 13
(12,10) (13,10) 191
(13,10) (12,10) 35
(13,10) (14,10) 429
(14,10) (13,10) 194
(14,10) (15,10) 174
(15,10) (14,10) 72
(15,10) (16,10) 397
(16,10) (15,10) 53
(16,10) (17,10) 4
(17,10) (16,10) 155
(17,10) (18,10) 277
(18,10) (17,10) 94
(18,10) (19,10) 365
(19,10) (18,10) 203
(19,10) (20,10) 218
(20,10) (19,10) 382
(20,10) (21,10) 294
(21,10) (20,10) 273
(21,10) (22,10) 193
(22,10) (21,10) 171
(22,10) (23,10) 156
(23,10) (22,10) 434
(23,10) (24,10) 35
(24,10) (23,10) 316
(24,10) (25,10) 194
(25,10) (24,10) 181
(25,10) (26,10) 496
(26,10) (25,10) 253
(26,10) (27,10) 364
(27,10) (26,10) 354
(27,10) (28,10) 55
(28,10) (27,10) 205
(28,10) (29,10) 488
(29,10) (28,10) 182
(29,10) (30,10) 128
(30,10) (29,10) 79
(30,10) (31,10) 339
(31,10) (30,10) 250
(31,10) (32,10) 387
(32,10) (31,10) 51
(32,10) (33,10) 328
(33,10) (32,10) 419
(33,10) (34,10) 333
(34,10) (33,10) 46
(34,10) (35,10) 14
(35,10) (34,10) 12
(1,11) (2,11) 62
(2,11) (1,11) 262
(2,11) (3,11) 24
(3,11) (2,11) 73
(3,11) (4,11) 118
(4,11) (3,11) 454
(4,11) (5,11) 10
(5,11) (4,11) 479
(5,11) (6,11) 414
(6,11) (5,11) 373
(6,11) (7,11) 56
(7,11) (6,11) 188
(7,11) (8,11) 118
(8,11) (7,11) 241
(8,11) (9,11) 382
(9,11) (8,11) 369
(9,11) (10,11) 36
(10,11) (9,11) 210
(10,11) (11,11) 27
(11,11) (10,11) 375
(11,11) (12,11) 348
(12,11) (11,11) 264
(12,11) (13,11) 102
(13,11) (12,11) 183
(13,11) (14,11) 83
(14,11) (13,11) 239
(14,11) (15,11) 452
(15,11) (14,11) 246
(15,11) (16,11) 87
(16,11) (15,11) 351
(16,11) (17,11) 89
(17,11) (16,11) 10
(17,11) (18,11) 293
(18,11) (17,11) 385
(18,11) (19,11) 418
(19,11) (18,11) 399
(19,11) (20,11) 466
(20,11) (19,11) 394
(20,11) (21,11) 220
(21,11) (20,11) 126
(21,11) (22,11) 248
(22,11) (21,11) 74
(22,11) (23,11) 106
(23,11) (22,11) 40
(23,11) (24,11) 444
(24,11) (23,11) 63
(24,11) (25,11) 181
(25,11) (24,11) 158
(25,11) (26,11) 366
(26,11) (25,11) 360
(26,11) (27,11) 284
(27,11) (26,11) 373
(27,11) (28,11) 433
(28,11) (27,11) 113
(28,11) (29,11) 128
(29,11) (28,11) 57
(29,11) (30,11) 441
(30,11) (29,11) 286
(30,11) (31,11) 290
(31,11) (30,11) 280
(31,11) (32,11) 259
(32,11) (31,11) 252
(32,11) (33,11) 133
(33,11) (32,11) 341
(33,11) (34,11) 390
(34,11) (33,11) 196
(34,11) (35,11) 307
(35,11) (34,11) 318
(1,12) (2,12) 317
(2,12) (1,12) 263
(2,12) (3,12) 447
(3,12) (2,12) 279
(3,12) (4,12) 90
(4,12) (3,12) 463
(4,12) (5,12) 173
(5,12) (4,12) 344
(5,12) (6,12) 363
(6,12) (5,12) 69
(6,12) (7,12) 297
(7,12) (6,12) 103
(7,12) (8,12) 136
(8,12) (7,12) 499
(8,12) (9,12) 400
(9,12) (8,12) 448
(9,12) (10,12) 463
(10,12) (9,12) 173
(10,12) (11,12) 145
(11,12) (10,12) 402
(11,12) (12,12) 484
(12,12) (11,12) 355
(12,12) (13,12) 412
(13,12) (12,12) 164
(13,12) (14,12) 485
(14,12) (13,12) 35
(14,12) (15,12) 7
(15,12) (14,12) 124
(15,12) (16,12) 71
(16,12) (15,12) 273
(16,12) (17,12) 489
(17,12) (16,12) 291
(17,12) (18,12) 136
(18,12) (17,12) 303
(18,12) (19,12) 194
(19,12) (18,12) 462
(19,12) (20,12) 8
(20,12) (19,12) 284
(20,12) (21,12) 322
(21,12) (20,12) 1
(21,12) (22,12) 122
(22,12) (21,12) 269
(22,12) (23,12) 335
(23,12) (22,12) 131
(23,12) (24,12) 191
(24,12) (23,12) 80
(24,12) (25,12) 437
(25,12) (24,12) 429
(25,12) (26,12) 423
(26,12) (25,12) 44
(26,12) (27,12) 100
(27,12) (26,12) 60
(27,12) (28,12) 473
(28,12) (27,12) 9
(28,12) (29,12) 316
(29,12) (28,12) 10
(29,12) (30,12) 146
(30,12) (29,12) 41
(30,12) (31,12) 2
(31,12) (30,12) 197
(31,12) (32,12) 222
(32,12) (31,12) 53
(32,12) (33,12) 391
(33,12) (32,12) 108
(33,12) (34,12) 129
(34,12) (33,12) 244
(34,12) (35,12) 82
(35,12) (34,12) 251
(1,13) (2,13) 265
(2,13) (1,13) 341
(2,13) (3,13) 387
(3,13) (2,13) 226
(3,13) (4,13) 169
(4,13) (3,13) 423
(4,13) (5,13) 251
(5,13) (4,13) 105
(5,13) (6,13) 416
(6,13) (5,13) 25
(6,13) (7,13) 452
(7,13) (6,13) 431
(7,13) (8,13) 372
(8,13) (7,13) 284
(8,13) (9,13) 357
(9,13) (8,13) 269
(9,13) (10,13) 220
(10,13) (9,13) 386
(10,13) (11,13) 276
(11,13) (10,13) 167
(11,13) (12,13) 225
(12,13) (11,13) 69
(12,13) (13,13) 476
(13,13) (12,13) 206
(13,13) (14,13) 316
(14,13) (13,13) 301
(14,13) (15,13) 165
(15,13) (14,13) 293
(15,13) (16,13) 7
(16,13) (15,13) 135
(16,13) (17,13) 86
(17,13) (16,13) 453
(17,13) (18,13) 139
(18,13) (17,13) 23
(18,13) (19,13) 98
(19,13) (18,13) 195
(19,13) (20,13) 177
(20,13) (19,13) 316
(20,13) (21,13) 488
(21,13) (20,13) 58
(21,13) (22,13) 464
(22,13) (21,13) 316
(22,13) (23,13) 234
(23,13) (22,13) 27
(23,13) (24,13) 410
(24,13) (23,13) 131
(24,13) (25,13) 438
(25,13) (24,13) 14
(25,13) (26,13) 489
(26,13) (25,13) 70
(26,13) (27,13) 42
(27,13) (26,13) 406
(27,13) (28,13) 438
(28,13) (27,13) 45
(28,13) (29,13) 365
(29,13) (28,13) 92
(29,13) (30,13) 157
(30,13) (29,13) 380
(30,13) (31,13) 215
(31,13) (30,13) 309
(31,13) (32,13) 491
(32,13) (31,13) 399
(32,13) (33,13) 367
(33,13) (32,13) 250
(33,13) (34,13) 376
(34,13) (33,13) 477
(34,13) (35,13) 177
(35,13) (34,13) 317
(1,14) (2,14) 153
(2,14) (1,14) 288
(2,14) (3,14) 435
(3,14) (2,14) 311
(3,14) (4,14) 394
(4,14) (3,14) 264
(4,14) (5,14) 201
(5,14) (4,14) 320
(5,14) (6,14) 202
(6,14) (5,14) 330
(6,14) (7,14) 240
(7,14) (6,14) 239
(7,14) (8,14) 323
(8,14) (7,14) 219
(8,14) (9,14) 156
(9,14) (8,14) 263
(9,14) (10,14) 118
(10,14) (9,14) 250
(10,14) (11,14) 178
(11,14) (10,14) 92
(11,14) (12,14) 252
(12,14) (11,14) 38
(12,14) (13,14) 185
(13,14) (12,14) 104
(13,14) (14,14) 163
(14,14) (13,14) 345
(14,14) (15,14) 269
(15,14) (14,14) 489
(15,14) (16,14) 125
(16,14) (15,14) 247
(16,14) (17,14) 90
(17,14) (16,14) 11
(17,14) (18,14) 461
(18,14) (17,14) 311
(18,14) (19,14) 379
(19,14) (18,14) 378
(19,14) (20,14) 473
(20,14) (19,14) 289
(20,14) (21,14) 367
(21,14) (20,14) 34
(21,14) (22,14) 475
(22,14) (21,14) 68
(22,14) (23,14) 426
(23,14) (22,14) 152
(23,14) (24,14) 200
(24,14) (23,14) 50
(24,14) (25,14) 172
(25,14) (24,14) 207
(25,14) (26,14) 231
(26,14) (25,14) 175
(26,14) (27,14) 439
(27,14) (26,14) 68
(27,14) (28,14) 79
(28,14) (27,14) 435
(28,14) (29,14) 143
(29,14) (28,14) 94
(29,14) (30,14) 186
(30,14) (29,14) 21
(30,14) (31,14) 259
(31,14) (30,14) 441
(31,14) (32,14) 25
(32,14) (31,14) 433
(32,14) (33,14) 43
(33,14) (32,14) 490
(33,14) (34,14) 149
(34,14) (33,14) 412
(34,14) (35,14) 45
(35,14) (34,14) 472
(1,15) (2,15) 464
(2,15) (1,15) 275
(2,15) (3,15) 418
(3,15) (2,15) 342
(3,15) (4,15) 193
(4,15) (3,15) 306
(4,15) (5,15) 221
(5,15) (4,15) 473
(5,15) (6,15) 198
(6,15) (5,15) 84
(6,15) (7,15) 12
(7,15) (6,15) 382
(7,15) (8,15) 476
(8,15) (7,15) 257
(8,15) (9,15) 439
(9,15) (8,15) 369
(9,15) (10,15) 60
(10,15) (9,15) 423
(10,15) (11,15) 77
(11,15) (10,15) 44
(11,15) (12,15) 212
(12,15) (11,15) 498
(12,15) (13,15) 41
(13,15) (12,15) 456
(13,15) (14,15) 474
(14,15) (13,15) 179
(14,15) (15,15) 414
(15,15) (14,15) 321
(15,15) (16,15) 410
(16,15) (15,15) 312
(16,15) (17,15) 312
(17,15) (16,15) 29
(17,15) (18,15) 112
(18,15) (17,15) 19
(18,15) (19,15) 160
(19,15) (18,15) 203
(19,15) (20,15) 500
(20,15) (19,15) 428
(20,15) (21,15) 92
(21,15) (20,15) 270
(21,15) (22,15) 258
(22,15) (21,15) 228
(22,15) (23,15) 451
(23,15) (22,15) 254
(23,15) (24,15) 58
(24,15) (23,15) 324
(24,15) (25,15) 326
(25,15) (24,15) 363
(25,15) (26,15) 404
(26,15) (25,15) 331
(26,15) (27,15) 327
(27,15) (26,15) 442
(27,15) (28,15) 286
(28,15) (27,15) 117
(28,15) (29,15) 53
(29,15) (28,15) 88
(29,15) (30,15) 122
(30,15) (29,15) 57
(30,15) (31,15) 206
(31,15) (30,15) 160
(31,15) (32,15) 291
(32,15) (31,15) 91
(32,15) (33,15) 481
(33,15) (32,15) 145
(33,15) (34,15) 413
(34,15) (33,15) 423
(34,15) (35,15) 371
(35,15) (34,15) 170
(1,16) (2,16) 337
(2,16) (1,16) 133
(2,16) (3,16) 425
(3,16) (2,16) 407
(3,16) (4,16) 103
(4,16) (3,16) 370
(4,16) (5,16) 136
(5,16) (4,16) 285
(5,16) (6,16) 443
(6,16) (5,16) 43
(6,16) (7,16) 149
(7,16) (6,16) 90
(7,16) (8,16) 487
(8,16) (7,16) 462
(8,16) (9,16) 89
(9,16) (8,16) 195
(9,16) (10,16) 162
(10,16) (9,16) 66
(10,16) (11,16) 128
(11,16) (10,16) 314
(11,16) (12,16) 422
(12,16) (11,16) 224
(12,16) (13,16) 99
(13,16) (12,16) 268
(13,16) (14,16) 484
(14,16) (13,16) 216
(14,16) (15,16) 311
(15,16) (14,16) 372
(15,16) (16,16) 346
(16,16) (15,16) 473
(16,16) (17,16) 377
(17,16) (16,16) 70
(17,16) (18,16) 327
(18,16) (17,16) 450
(18,16) (19,16) 488
(19,16) (18,16) 320
(19,16) (20,16) 343
(20,16) (19,16) 250
(20,16) (21,16) 121
(21,16) (20,16) 387
(21,16) (22,16) 433
(22,16) (21,16) 235
(22,16) (23,16) 348
(23,16) (22,16) 353
(23,16) (24,16) 500
(24,16) (23,16) 115
(24,16) (25,16) 243
(25,16) (24,16) 103
(25,16) (26,16) 38
(26,16) (25,16) 196
(26,16) (27,16) 168
(27,16) (26,16) 74
(27,16) (28,16) 258
(28,16) (27,16) 63
(28,16) (29,16) 476
(29,16) (28,16) 320
(29,16) (30,16) 218
(30,16) (29,16) 272
(30,16) (31,16) 107
(31,16) (30,16) 33
(31,16) (32,16) 229
(32,16) (31,16) 360
(32,16) (33,16) 88
(33,16) (32,16) 416
(33,16) (34,16) 430
(34,16) (33,16) 283
(34,16) (35,16) 442
(35,16) (34,16) 440
(1,17) (2,17) 52
(2,17) (1,17) 100
(2,17) (3,17) 437
(3,17) (2,17) 71
(3,17) (4,17) 91
(4,17) (3,17) 112
(4,17) (5,17) 146
(5,17) (4,17) 226
(5,17) (6,17) 260
(6,17) (5,17) 104
(6,17) (7,17) 69
(7,17) (6,17) 187
(7,17) (8,17) 82
(8,17) (7,17) 196
(8,17) (9,17) 417
(9,17) (8,17) 304
(9,17) (10,17) 361
(10,17) (9,17) 473
(10,17) (11,17) 171
(11,17) (10,17) 285
(11,17) (12,17) 428
(12,17) (11,17) 230
(12,17) (13,17) 281
(13,17) (12,17) 310
(13,17) (14,17) 136
(14,17) (13,17) 36
(14,17) (15,17) 90
(15,17) (14,17) 210
(15,17) (16,17) 443
(16,17) (15,17) 43
(16,17) (17,17) 398
(17,17) (16,17) 25
(17,17) (18,17) 367
(18,17) (17,17) 101
(18,17) (19,17) 260
(19,17) (18,17) 73
(19,17) (20,17) 114
(20,17) (19,17) 361
(20,17) (21,17) 336
(21,17) (20,17) 491
(21,17) (22,17) 111
(22,17) (21,17) 28
(22,17) (23,17) 175
(23,17) (22,17) 234
(23,17) (24,17) 485
(24,17) (23,17) 350
(24,17) (25,17) 70
(25,17) (24,17) 484
(25,17) (26,17) 21
(26,17) (25,17) 72
(26,17) (27,17) 283
(27,17) (26,17) 370
(27,17) (28,17) 330
(28,17) (27,17) 127
(28,17) (29,17) 312
(29,17) (28,17) 357
(29,17) (30,17) 188
(30,17) (29,17) 69
(30,17) (31,17) 274
(31,17) (30,17) 407
(31,17) (32,17) 128
(32,17) (31,17) 207
(32,17) (33,17) 257
(33,17) (32,17) 165
(33,17) (34,17) 320
(34,17) (33,17) 475
(34,17) (35,17) 117
(35,17) (34,17) 74
(1,18) (2,18) 152
(2,18) (1,18) 195
(2,18) (3,18) 165
(3,18) (2,18) 298
(3,18) (4,18) 489
(4,18) (3,18) 436
(4,18) (5,18) 165
(5,18) (4,18) 20
(5,18) (6,18) 467
(6,18) (5,18) 485
(6,18) (7,18) 428
(7,18) (6,18) 342
(7,18) (8,18) 16
(8,18) (7,18) 500
(8,18) (9,18) 232
(9,18) (8,18) 352
(9,18) (10,18) 328
(10,18) (9,18) 431
(10,18) (11,18) 132
(11,18) (10,18) 236
(11,18) (12,18) 368
(12,18) (11,18) 127
(12,18) (13,18) 199
(13,18) (12,18) 224
(13,18) (14,18) 15
(14,18) (13,18) 103
(14,18) (15,18) 147
(15,18) (14,18) 1
(15,18) (16,18) 34
(16,18) (15,18) 476
(16,18) (17,18) 354
(17,18) (16,18) 41
(17,18) (18,18) 264
(18,18) (17,18) 466
(18,18) (19,18) 26
(19,18) (18,18) 9
(19,18) (20,18) 250
(20,18) (19,18) 466
(20,18) (21,18) 76
(21,18) (20,18) 82
(21,18) (22,18) 132
(22,18) (21,18) 122
(22,18) (23,18) 318
(23,18) (22,18) 426
(23,18) (24,18) 459
(24,18) (23,18) 435
(24,18) (25,18) 181
(25,18) (24,18) 65
(25,18) (26,18) 415
(26,18) (25,18) 222
(26,18) (27,18) 202
(27,18) (26,18) 409
(27,18) (28,18) 446
(28,18) (27,18) 119
(28,18) (29,18) 247
(29,18) (28,18) 212
(29,18) (30,18) 380
(30,18) (29,18) 290
(30,18) (31,18) 455
(31,18) (30,18) 81
(31,18) (32,18) 406
(32,18) (31,18) 27
(32,18) (33,18) 82
(33,18) (32,18) 23
(33,18) (34,18) 326
(34,18) (33,18) 301
(34,18) (35,18) 394
(35,18) (34,18) 6
(1,19) (2,19) 193
(2,19) (1,19) 212
(2,19) (3,19) 290
(3,19) (2,19) 327
(3,19) (4,19) 260
(4,19) (3,19) 365
(4,19) (5,19) 489
(5,19) (4,19) 403
(5,19) (6,19) 453
(6,19) (5,19) 482
(6,19) (7,19) 216
(7,19) (6,19) 280
(7,19) (8,19) 258
(8,19) (7,19) 359
(8,19) (9,19) 122
(9,19) (8,19) 33
(9,19) (10,19) 20
(10,19) (9,19) 347
(10,19) (11,19) 273
(11,19) (10,19) 372
(11,19) (12,19) 22
(12,19) (11,19) 245
(12,19) (13,19) 389
(13,19) (12,19) 49
(13,19) (14,19) 164
(14,19) (13,19) 404
(14,19) (15,19) 277
(15,19) (14,19) 415
(15,19) (16,19) 295
(16,19) (15,19) 269
(16,19) (17,19) 494
(17,19) (16,19) 239
(17,19) (18,19) 499
(18,19) (17,19) 412
(18,19) (19,19) 132
(19,19) (18,19) 292
(19,19) (20,19) 80
(20,19) (19,19) 325
(20,19) (21,19) 108
(21,19) (20,19) 103
(21,19) (22,19) 12
(22,19) (21,19) 446
(22,19) (23,19) 240
(23,19) (22,19) 434
(23,19) (24,19) 337
(24,19) (23,19) 407
(24,19) (25,19) 83
(25,19) (24,19) 448
(25,19) (26,19) 191
(26,19) (25,19) 85
(26,19) (27,19) 129
(27,19) (26,19) 294
(27,19) (28,19) 156
(28,19) (27,19) 359
(28,19) (29,19) 114
(29,19) (28,19) 57
(29,19) (30,19) 280
(30,19) (29,19) 371
(30,19) (31,19) 179
(31,19) (30,19) 121
(31,19) (32,19) 282
(32,19) (31,19) 306
(32,19) (33,19) 401
(33,19) (32,19) 385
(33,19) (34,19) 268
(34,19) (33,19) 276
(34,19) (35,19) 439
(35,19) (34,19) 420
(1,20) (2,20) 11
(2,20) (1,20) 107
(2,20) (3,20) 64
(3,20) (2,20) 40
(3,20) (4,20) 234
(4,20) (3,20) 178
(4,20) (5,20) 201
(5,20) (4,20) 205
(5,20) (6,20) 9
(6,20) (5,20) 101
(6,20) (7,20) 301
(7,20) (6,20) 290
(7,20) (8,20) 151
(8,20) (7,20) 216
(8,20) (9,20) 150
(9,20) (8,20) 473
(9,20) (10,20) 433
(10,20) (9,20) 190
(10,20) (11,20) 282
(11,20) (10,20) 41
(11,20) (12,20) 42
(12,20) (11,20) 500
(12,20) (13,20) 76
(13,20) (12,20) 190
(13,20) (14,20) 211
(14,20) (13,20) 355
(14,20) (15,20) 112
(15,20) (14,20) 48
(15,20) (16,20) 324
(16,20) (15,20) 227
(16,20) (17,20) 397
(17,20) (16,20) 472
(17,20) (18,20) 226
(18,20) (17,20) 118
(18,20) (19,20) 316
(19,20) (18,20) 463
(19,20) (20,20) 4
(20,20) (19,20) 486
(20,20) (21,20) 171
(21,20) (20,20) 345
(21,20) (22,20) 229
(22,20) (21,20) 74
(22,20) (23,20) 382
(23,20) (22,20) 251
(23,20) (24,20) 24
(24,20) (23,20) 480
(24,20) (25,20) 454
(25,20) (24,20) 306
(25,20) (26,20) 210
(26,20) (25,20) 408
(26,20) (27,20) 48
(27,20) (26,20) 313
(27,20) (28,20) 13
(28,20) (27,20) 448
(28,20) (29,20) 244
(29,20) (28,20) 45
(29,20) (30,20) 306
(30,20) (29,20) 49
(30,20) (31,20) 475
(31,20) (30,20) 468
(31,20) (32,20) 363
(32,20) (31,20) 333
(32,20) (33,20) 127
(33,20) (32,20) 27
(33,20) (34,20) 307
(34,20) (33,20) 388
(34,20) (35,20) 161
(35,20) (34,20) 441
(1,21) (2,21) 246
(2,21) (1,21) 482
(2,21) (3,21) 82
(3,21) (2,21) 141
(3,21) (4,21) 297
(4,21) (3,21) 270
(4,21) (5,21) 383
(5,21) (4,21) 479
(5,21) (6,21) 297
(6,21) (5,21) 197
(6,21) (7,21) 256
(7,21) (6,21) 220
(7,21) (8,21) 281
(8,21) (7,21) 21
(8,21) (9,21) 153
(9,21) (8,21) 37
(9,21) (10,21) 155
(10,21) (9,21) 174
(10,21) (11,21) 327
(11,21) (10,21) 343
(11,21) (12,21) 308
(12,21) (11,21) 48
(12,21) (13,21) 160
(13,21) (12,21) 225
(13,21) (14,21) 160
(14,21) (13,21) 403
(14,21) (15,21) 326
(15,21) (14,21) 173
(15,21) (16,21) 172
(16,21) (15,21) 411
(16,21) (17,21) 47
(17,21) (16,21) 280
(17,21) (18,21) 492
(18,21) (17,21) 66
(18,21) (19,21) 114
(19,21) (18,21) 97
(19,21) (20,21) 57
(20,21) (19,21) 468
(20,21) (21,21) 7
(21,21) (20,21) 310
(21,21) (22,21) 319
(22,21) (21,21) 500
(22,21) (23,21) 296
(23,21) (22,21) 124
(23,21) (24,21) 37
(24,21) (23,21) 426
(24,21) (25,21) 168
(25,21) (24,21) 408
(25,21) (26,21) 90
(26,21) (25,21) 5
(26,21) (27,21) 261
(27,21) (26,21) 479
(27,21) (28,21) 316
(28,21) (27,21) 379
(28,21) (29,21) 206
(29,21) (28,21) 2
(29,21) (30,21) 52
(30,21) (29,21) 427
(30,21) (31,21) 92
(31,21) (30,21) 255
(31,21) (32,21) 256
(32,21) (31,21) 207
(32,21) (33,21) 393
(33,21) (32,21) 29
(33,21) (34,21) 269
(34,21) (33,21) 350
(34,21) (35,21) 407
(35,21) (34,21) 346
(1,22) (2,22) 82
(2,22) (1,22) 150
(2,22) (3,22) 367
(3,22) (2,22) 196
(3,22) (4,22) 346
(4,22) (3,22) 171
(4,22) (5,22) 230
(5,22) (4,22) 401
(5,22) (6,22) 78
(6,22) (5,22) 99
(6,22) (7,22) 106
(7,22) (6,22) 164
(7,22) (8,22) 218
(8,22) (7,22) 147
(8,22) (9,22) 454
(9,22) (8,22) 313
(9,22) (10,22) 158
(10,22) (9,22) 51
(10,22) (11,22) 219
(11,22) (10,22) 441
(11,22) (12,22) 491
(12,22) (11,22) 27
(12,22) (13,22) 287
(13,22) (12,22) 80
(13,22) (14,22) 500
(14,22) (13,22) 57
(14,22) (15,22) 259
(15,22) (14,22) 196
(15,22) (16,22) 338
(16,22) (15,22) 347
(16,22) (17,22) 17
(17,22) (16,22) 371
(17,22) (18,22) 199
(18,22) (17,22) 465
(18,22) (19,22) 226
(19,22) (18,22) 112
(19,22) (20,22) 286
(20,22) (19,22) 424
(20,22) (21,22) 442
(21,22) (20,22) 111
(21,22) (22,22) 493
(22,22) (21,22) 156
(22,22) (23,22) 398
(23,22) (22,22) 403
(23,22) (24,22) 33
(24,22) (23,22) 496
(24,22) (25,22) 286
(25,22) (24,22) 46
(25,22) (26,22) 443
(26,22) (25,22) 127
(26,22) (27,22) 415
(27,22) (26,22) 400
(27,22) (28,22) 40
(28,22) (27,22) 446
(28,22) (29,22) 401
(29,22) (28,22) 264
(29,22) (30,22) 359
(30,22) (29,22) 37
(30,22) (31,22) 390
(31,22) (30,22) 33
(31,22) (32,22) 155
(32,22) (31,22) 60
(32,22) (33,22) 85
(33,22) (32,22) 408
(33,22) (34,22) 4
(34,22) (33,22) 256
(34,22) (35,22) 321
(35,22) (34,22) 312
(1,23) (2,23) 439
(2,23) (1,23) 466
(2,23) (3,23) 8
(3,23) (2,23) 295
(3,23) (4,23) 93
(4,23) (3,23) 496
(4,23) (5,23) 257
(5,23) (4,23) 391
(5,23) (6,23) 93
(6,23) (5,23) 138
(6,23) (7,23) 349
(7,23) (6,23) 161
(7,23) (8,23) 134
(8,23) (7,23) 149
(8,23) (9,23) 436
(9,23) (8,23) 369
(9,23) (10,23) 357
(10,23) (9,23) 160
(10,23) (11,23) 276
(11,23) (10,23) 164
(11,23) (12,23) 1
(12,23) (11,23) 291
(12,23) (13,23) 438
(13,23) (12,23) 464
(13,23) (14,23) 36
(14,23) (13,23) 101
(14,23) (15,23) 357
(15,23) (14,23) 382
(15,23) (16,23) 273
(16,23) (15,23) 265
(16,23) (17,23) 275
(17,23) (16,23) 18
(17,23) (18,23) 468
(18,23) (17,23) 97
(18,23) (19,23) 192
(19,23) (18,23) 184
(19,23) (20,23) 342
(20,23) (19,23) 392
(20,23) (21,23) 70
(21,23) (20,23) 318
(21,23) (22,23) 132
(22,23) (21,23) 402
(22,23) (23,23) 228
(23,23) (22,23) 227
(23,23) (24,23) 459
(24,23) (23,23) 90
(24,23) (25,23) 115
(25,23) (24,23) 78
(25,23) (26,23) 328
(26,23) (25,23) 221
(26,23) (27,23) 126
(27,23) (26,23) 204
(27,23) (28,23) 346
(28,23) (27,23) 362
(28,23) (29,23) 358
(29,23) (28,23) 224
(29,23) (30,23) 401
(30,23) (29,23) 394
(30,23) (31,23) 334
(31,23) (30,23) 237
(31,23) (32,23) 63
(32,23) (31,23) 456
(32,23) (33,23) 94
(33,23) (32,23) 243
(33,23) (34,23) 186
(34,23) (33,23) 265
(34,23) (35,23) 482
(35,23) (34,23) 314
(1,24) (2,24) 93
(2,24) (1,24) 231
(2,24) (3,24) 106
(3,24) (2,24) 285
(3,24) (4,24) 131
(4,24) (3,24) 257
(4,24) (5,24) 425
(5,24) (4,24) 411
(5,24) (6,24) 250
(6,24) (5,24) 261
(6,24) (7,24) 206
(7,24) (6,24) 60
(7,24) (8,24) 274
(8,24) (7,24) 177
(8,24) (9,24) 249
(9,24) (8,24) 50
(9,24) (10,24) 179
(10,24) (9,24) 95
(10,24) (11,24) 99
(11,24) (10,24) 19
(11,24) (12,24) 457
(12,24) (11,24) 255
(12,24) (13,24) 248
(13,24) (12,24) 267
(13,24) (14,24) 393
(14,24) (13,24) 439
(14,24) (15,24) 302
(15,24) (14,24) 68
(15,24) (16,24) 161
(16,24) (15,24) 242
(16,24) (17,24) 66
(17,24) (16,24) 46
(17,24) (18,24) 400
(18,24) (17,24) 466
(18,24) (19,24) 196
(19,24) (18,24) 116
(19,24) (20,24) 185
(20,24) (19,24) 54
(20,24) (21,24) 445
(21,24) (20,24) 1
(21,24) (22,24) 96
(22,24) (21,24) 124
(22,24) (23,24) 497
(23,24) (22,24) 24
(23,24) (24,24) 11
(24,24) (23,24) 412
(24,24) (25,24) 223
(25,24) (24,24) 261
(25,24) (26,24) 194
(26,24) (25,24) 1
(26,24) (27,24) 256
(27,24) (26,24) 311
(27,24) (28,24) 261
(28,24) (27,24) 172
(28,24) (29,24) 275
(29,24) (28,24) 463
(29,24) (30,24) 83
(30,24) (29,24) 60
(30,24) (31,24) 416
(31,24) (30,24) 279
(31,24) (32,24) 488
(32,24) (31,24) 113
(32,24) (33,24) 257
(33,24) (32,24) 428
(33,24) (34,24) 409
(34,24) (33,24) 329
(34,24) (35,24) 117
(35,24) (34,24) 223
(1,25) (2,25) 473
(2,25) (1,25) 365
(2,25) (3,25) 204
(3,25) (2,25) 86
(3,25) (4,25) 388
(4,25) (3,25) 24
(4,25) (5,25) 323
(5,25) (4,25) 148
(5,25) (6,25) 454
(6,25) (5,25) 27
(6,25) (7,25) 310
(7,25) (6,25) 346
(7,25) (8,25) 50
(8,25) (7,25) 401
(8,25) (9,25) 430
(9,25) (8,25) 154
(9,25) (10,25) 497
(10,25) (9,25) 294
(10,25) (11,25) 380
(11,25) (10,25) 62
(11,25) (12,25) 174
(12,25) (11,25) 299
(12,25) (13,25) 243
(13,25) (12,25) 329
(13,25) (14,25) 389
(14,25) (13,25) 473
(14,25) (15,25) 129
(15,25) (14,25) 430
(15,25) (16,25) 56
(16,25) (15,25) 28
(16,25) (17,25) 265
(17,25) (16,25) 102
(17,25) (18,25) 166
(18,25) (17,25) 422
(18,25) (19,25) 207
(19,25) (18,25) 349
(19,25) (20,25) 294
(20,25) (19,25) 41
(20,25) (21,25) 185
(21,25) (20,25) 369
(21,25) (22,25) 441
(22,25) (21,25) 433
(22,25) (23,25) 197
(23,25) (22,25) 459
(23,25) (24,25) 176
(24,25) (23,25) 179
(24,25) (25,25) 324
(25,25) (24,25) 94
(25,25) (26,25) 296
(26,25) (25,25) 227
(26,25) (27,25) 353
(27,25) (26,25) 258
(27,25) (28,25) 181
(28,25) (27,25) 54
(28,25) (29,25) 236
(29,25) (28,25) 262
(29,25) (30,25) 374
(30,25) (29,25) 349
(30,25) (31,25) 131
(31,25) (30,25) 475
(31,25) (32,25) 303
(32,25) (31,25) 82
(32,25) (33,25) 359
(33,25) (32,25) 305
(33,25) (34,25) 309
(34,25) (33,25) 93
(34,25) (35,25) 144
(35,25) (34,25) 379
(1,26) (2,26) 51
(2,26) (1,26) 226
(2,26) (3,26) 162
(3,26) (2,26) 434
(3,26) (4,26) 402
(4,26) (3,26) 138
(4,26) (5,26) 368
(5,26) (4,26) 183
(5,26) (6,26) 282
(6,26) (5,26) 254
(6,26) (7,26) 271
(7,26) (6,26) 156
(7,26) (8,26) 300
(8,26) (7,26) 309
(8,26) (9,26) 59
(9,26) (8,26) 150
(9,26) (10,26) 12
(10,26) (9,26) 475
(10,26) (11,26) 203
(11,26) (10,26) 29
(11,26) (12,26) 312
(12,26) (11,26) 187
(12,26) (13,26) 111
(13,26) (12,26) 360
(13,26) (14,26) 236
(14,26) (13,26) 84
(14,26) (15,26) 167
(15,26) (14,26) 263
(15,26) (16,26) 382
(16,26) (15,26) 166
(16,26) (17,26) 316
(17,26) (16,26) 71
(17,26) (18,26) 290
(18,26) (17,26) 288
(18,26) (19,26) 83
(19,26) (18,26) 429
(19,26) (20,26) 350
(20,26) (19,26) 98
(20,26) (21,26) 394
(21,26) (20,26) 499
(21,26) (22,26) 399
(22,26) (21,26) 320
(22,26) (23,26) 146
(23,26) (22,26) 32
(23,26) (24,26) 255
(24,26) (23,26) 199
(24,26) (25,26) 395
(25,26) (24,26) 175
(25,26) (26,26) 292
(26,26) (25,26) 166
(26,26) (27,26) 351
(27,26) (26,26) 4
(27,26) (28,26) 251
(28,26) (27,26) 143
(28,26) (29,26) 441
(29,26) (28,26) 359
(29,26) (30,26) 90
(30,26) (29,26) 485
(30,26) (31,26) 294
(31,26) (30,26) 350
(31,26) (32,26) 264
(32,26) (31,26) 226
(32,26) (33,26) 216
(33,26) (32,26) 9
(33,26) (34,26) 299
(34,26) (33,26) 154
(34,26) (35,26) 471
(35,26) (34,26) 181
(1,27) (2,27) 12
(2,27) (1,27) 53
(2,27) (3,27) 53
(3,27) (2,27) 318
(3,27) (4,27) 411
(4,27) (3,27) 14
(4,27) (5,27) 190
(5,27) (4,27) 362
(5,27) (6,27) 338
(6,27) (5,27) 133
(6,27) (7,27) 211
(7,27) (6,27) 328
(7,27) (8,27) 215
(8,27) (7,27) 305
(8,27) (9,27) 152
(9,27) (8,27) 230
(9,27) (10,27) 118
(10,27) (9,27) 295
(10,27) (11,27) 322
(11,27) (10,27) 160
(11,27) (12,27) 198
(12,27) (11,27) 274
(12,27) (13,27) 228
(13,27) (12,27) 48
(13,27) (14,27) 313
(14,27) (13,27) 260
(14,27) (15,27) 246
(15,27) (14,27) 202
(15,27) (16,27) 298
(16,27) (15,27) 373
(16,27) (17,27) 415
(17,27) (16,27) 249
(17,27) (18,27) 426
(18,27) (17,27) 339
(18,27) (19,27) 236
(19,27) (18,27) 229
(19,27) (20,27) 499
(20,27) (19,27) 439
(20,27) (21,27) 294
(21,27) (20,27) 338
(21,27) (22,27) 349
(22,27) (21,27) 483
(22,27) (23,27) 325
(23,27) (22,27) 378
(23,27) (24,27) 259
(24,27) (23,27) 394
(24,27) (25,27) 264
(25,27) (24,27) 146
(25,27) (26,27) 219
(26,27) (25,27) 432
(26,27) (27,27) 200
(27,27) (26,27) 153
(27,27) (28,27) 498
(28,27) (27,27) 475
(28,27) (29,27) 64
(29,27) (28,27) 343
(29,27) (30,27) 427
(30,27) (29,27) 47
(30,27) (31,27) 440
(31,27) (30,27) 126
(31,27) (32,27) 56
(32,27) (31,27) 357
(32,27) (33,27) 326
(33,27) (32,27) 427
(33,27) (34,27) 290
(34,27) (33,27) 73
(34,27) (35,27) 351
(35,27) (34,27) 255
(1,28) (2,28) 102
(2,28) (1,28) 309
(2,28) (3,28) 175
(3,28) (2,28) 64
(3,28) (4,28) 143
(4,28) (3,28) 122
(4,28) (5,28) 7
(5,28) (4,28) 132
(5,28) (6,28) 308
(6,28) (5,28) 333
(6,28) (7,28) 24
(7,28) (6,28) 130
(7,28) (8,28) 144
(8,28) (7,28) 491
(8,28) (9,28) 240
(9,28) (8,28) 97
(9,28) (10,28) 132
(10,28) (9,28) 183
(10,28) (11,28) 103
(11,28) (10,28) 89
(11,28) (12,28) 211
(12,28) (11,28) 1
(12,28) (13,28) 476
(13,28) (12,28) 271
(13,28) (14,28) 224
(14,28) (13,28) 405
(14,28) (15,28) 45
(15,28) (14,28) 373
(15,28) (16,28) 373
(16,28) (15,28) 421
(16,28) (17,28) 2
(17,28) (16,28) 196
(17,28) (18,28) 132
(18,28) (17,28) 117
(18,28) (19,28) 124
(19,28) (18,28) 312
(19,28) (20,28) 462
(20,28) (19,28) 205
(20,28) (21,28) 27
(21,28) (20,28) 102
(21,28) (22,28) 300
(22,28) (21,28) 124
(22,28) (23,28) 290
(23,28) (22,28) 336
(23,28) (24,28) 90
(24,28) (23,28) 159
(24,28) (25,28) 223
(25,28) (24,28) 205
(25,28) (26,28) 360
(26,28) (25,28) 279
(26,28) (27,28) 100
(27,28) (26,28) 139
(27,28) (28,28) 405
(28,28) (27,28) 250
(28,28) (29,28) 88
(29,28) (28,28) 227
(29,28) (30,28) 458
(30,28) (29,28) 222
(30,28) (31,28) 392
(31,28) (30,28) 433
(31,28) (32,28) 123
(32,28) (31,28) 397
(32,28) (33,28) 489
(33,28) (32,28) 465
(33,28) (34,28) 149
(34,28) (33,28) 414
(34,28) (35,28) 442
(35,28) (34,28) 146
(1,29) (2,29) 28
(2,29) (1,29) 351
(2,29) (3,29) 391
(3,29) (2,29) 113
(3,29) (4,29) 337
(4,29) (3,29) 381
(4,29) (5,29) 402
(5,29) (4,29) 473
(5,29) (6,29) 312
(6,29) (5,29) 156
(6,29) (7,29) 195
(7,29) (6,29) 271
(7,29) (8,29) 76
(8,29) (7,29) 27
(8,29) (9,29) 336
(9,29) (8,29) 301
(9,29) (10,29) 148
(10,29) (9,29) 468
(10,29) (11,29) 414
(11,29) (10,29) 186
(11,29) (12,29) 462
(12,29) (11,29) 360
(12,29) (13,29) 82
(13,29) (12,29) 361
(13,29) (14,29) 199
(14,29) (13,29) 328
(14,29) (15,29) 32
(15,29) (14,29) 262
(15,29) (16,29) 250
(16,29) (15,29) 417
(16,29) (17,29) 41
(17,29) (16,29) 349
(17,29) (18,29) 306
(18,29) (17,29) 98
(18,29) (19,29) 49
(19,29) (18,29) 120
(19,29) (20,29) 62
(20,29) (19,29) 340
(20,29) (21,29) 391
(21,29) (20,29) 322
(21,29) (22,29) 432
(22,29) (21,29) 122
(22,29) (23,29) 298
(23,29) (22,29) 67
(23,29) (24,29) 290
(24,29) (23,29) 442
(24,29) (25,29) 470
(25,29) (24,29) 347
(25,29) (26,29) 293
(26,29) (25,29) 400
(26,29) (27,29) 208
(27,29) (26,29) 447
(27,29) (28,29) 21
(28,29) (27,29) 415
(28,29) (29,29) 15
(29,29) (28,29) 494
(29,29) (30,29) 379
(30,29) (29,29) 258
(30,29) (31,29) 390
(31,29) (30,29) 189
(31,29) (32,29) 306
(32,29) (31,29) 418
(32,29) (33,29) 248
(33,29) (32,29) 315
(33,29) (34,29) 435
(34,29) (33,29) 337
(34,29) (35,29) 367
(35,29) (34,29) 104
(1,30) (2,30) 448
(2,30) (1,30) 322
(2,30) (3,30) 382
(3,30) (2,30) 273
(3,30) (4,30) 320
(4,30) (3,30) 161
(4,30) (5,30) 394
(5,30) (4,30) 471
(5,30) (6,30) 81
(6,30) (5,30) 457
(6,30) (7,30) 287
(7,30) (6,30) 25
(7,30) (8,30) 88
(8,30) (7,30) 203
(8,30) (9,30) 264
(9,30) (8,30) 202
(9,30) (10,30) 490
(10,30) (9,30) 38
(10,30) (11,30) 188
(11,30) (10,30) 180
(11,30) (12,30) 65
(12,30) (11,30) 416
(12,30) (13,30) 281
(13,30) (12,30) 268
(13,30) (14,30) 29
(14,30) (13,30) 480
(14,30) (15,30) 467
(15,30) (14,30) 122
(15,30) (16,30) 45
(16,30) (15,30) 196
(16,30) (17,30) 291
(17,30) (16,30) 80
(17,30) (18,30) 209
(18,30) (17,30) 479
(18,30) (19,30) 358
(19,30) (18,30) 195
(19,30) (20,30) 209
(20,30) (19,30) 125
(20,30) (21,30) 377
(21,30) (20,30) 334
(21,30) (22,30) 318
(22,30) (21,30) 148
(22,30) (23,30) 430
(23,30) (22,30) 303
(23,30) (24,30) 389
(24,30) (23,30) 84
(24,30) (25,30) 40
(25,30) (24,30) 500
(25,30) (26,30) 38
(26,30) (25,30) 313
(26,30) (27,30) 441
(27,30) (26,30) 151
(27,30) (28,30) 154
(28,30) (27,30) 332
(28,30) (29,30) 301
(29,30) (28,30) 183
(29,30) (30,30) 368
(30,30) (29,30) 388
(30,30) (31,30) 131
(31,30) (30,30) 155
(31,30) (32,30) 78
(32,30) (31,30) 92
(32,30) (33,30) 424
(33,30) (32,30) 260
(33,30) (34,30) 123
(34,30) (33,30) 171
(34,30) (35,30) 384
(35,30) (34,30) 387
(1,31) (2,31) 399
(2,31) (1,31) 387
(2,31) (3,31) 73
(3,31) (2,31) 497
(3,31) (4,31) 411
(4,31) (3,31) 462
(4,31) (5,31) 48
(5,31) (4,31) 61
(5,31) (6,31) 280
(6,31) (5,31) 47
(6,31) (7,31) 159
(7,31) (6,31) 156
(7,31) (8,31) 195
(8,31) (7,31) 394
(8,31) (9,31) 105
(9,31) (8,31) 103
(9,31) (10,31) 393
(10,31) (9,31) 160
(10,31) (11,31) 348
(11,31) (10,31) 72
(11,31) (12,31) 153
(12,31) (11,31) 322
(12,31) (13,31) 84
(13,31) (12,31) 446
(13,31) (14,31) 127
(14,31) (13,31) 183
(14,31) (15,31) 421
(15,31) (14,31) 89
(15,31) (16,31) 66
(16,31) (15,31) 401
(16,31) (17,31) 360
(17,31) (16,31) 271
(17,31) (18,31) 206
(18,31) (17,31) 385
(18,31) (19,31) 180
(19,31) (18,31) 138
(19,31) (20,31) 126
(20,31) (19,31) 160
(20,31) (21,31) 444
(21,31) (20,31) 330
(21,31) (22,31) 444
(22,31) (21,31) 284
(22,31) (23,31) 68
(23,31) (22,31) 291
(23,31) (24,31) 307
(24,31) (23,31) 443
(24,31) (25,31) 101
(25,31) (24,31) 475
(25,31) (26,31) 432
(26,31) (25,31) 491
(26,31) (27,31) 207
(27,31) (26,31) 230
(27,31) (28,31) 415
(28,31) (27,31) 453
(28,31) (29,31) 441
(29,31) (28,31) 296
(29,31) (30,31) 280
(30,31) (29,31) 131
(30,31) (31,31) 32
(31,31) (30,31) 150
(31,31) (32,31) 176
(32,31) (31,31) 290
(32,31) (33,31) 448
(33,31) (32,31) 426
(33,31) (34,31) 473
(34,31) (33,31) 1
(34,31) (35,31) 149
(35,31) (34,31) 489
(1,32) (2,32) 187
(2,32) (1,32) 50
(2,32) (3,32) 67
(3,32) (2,32) 132
(3,32) (4,32) 186
(4,32) (3,32) 299
(4,32) (5,32) 53
(5,32) (4,32) 403
(5,32) (6,32) 85
(6,32) (5,32) 45
(6,32) (7,32) 284
(7,32) (6,32) 125
(7,32) (8,32) 81
(8,32) (7,32) 336
(8,32) (9,32) 310
(9,32) (8,32) 354
(9,32) (10,32) 31
(10,32) (9,32) 398
(10,32) (11,32) 31
(11,32) (10,32) 139
(11,32) (12,32) 436
(12,32) (11,32) 423
(12,32) (13,32) 352
(13,32) (12,32) 268
(13,32) (14,32) 319
(14,32) (13,32) 69
(14,32) (15,32) 211
(15,32) (14,32) 308
(15,32) (16,32) 193
(16,32) (15,32) 126
(16,32) (17,32) 451
(17,32) (16,32) 425
(17,32) (18,32) 64
(18,32) (17,32) 287
(18,32) (19,32) 301
(19,32) (18,32) 393
(19,32) (20,32) 54
(20,32) (19,32) 201
(20,32) (21,32) 317
(21,32) (20,32) 483
(21,32) (22,32) 210
(22,32) (21,32) 31
(22,32) (23,32) 390
(23,32) (22,32) 364
(23,32) (24,32) 177
(24,32) (23,32) 2
(24,32) (25,32) 233
(25,32) (24,32) 86
(25,32) (26,32) 427
(26,32) (25,32) 53
(26,32) (27,32) 309
(27,32) (26,32) 431
(27,32) (28,32) 177
(28,32) (27,32) 207
(28,32) (29,32) 489
(29,32) (28,32) 438
(29,32) (30,32) 370
(30,32) (29,32) 300
(30,32) (31,32) 259
(31,32) (30,32) 56
(31,32) (32,32) 154
(32,32) (31,32) 209
(32,32) (33,32) 392
(33,32) (32,32) 18
(33,32) (34,32) 495
(34,32) (33,32) 176
(34,32) (35,32) 425
(35,32) (34,32) 283
(1,33) (2,33) 204
(2,33) (1,33) 316
(2,33) (3,33) 444
(3,33) (2,33) 61
(3,33) (4,33) 149
(4,33) (3,33) 458
(4,33) (5,33) 85
(5,33) (4,33) 483
(5,33) (6,33) 100
(6,33) (5,33) 262
(6,33) (7,33) 116
(7,33) (6,33) 358
(7,33) (8,33) 142
(8,33) (7,33) 81
(8,33) (9,33) 264
(9,33) (8,33) 22
(9,33) (10,33) 5
(10,33) (9,33) 27
(10,33) (11,33) 127
(11,33) (10,33) 381
(11,33) (12,33) 230
(12,33) (11,33) 108
(12,33) (13,33) 448
(13,33) (12,33) 295
(13,33) (14,33) 364
(14,33) (13,33) 368
(14,33) (15,33) 147
(15,33) (14,33) 117
(15,33) (16,33) 359
(16,33) (15,33) 33
(16,33) (17,33) 159
(17,33) (16,33) 420
(17,33) (18,33) 480
(18,33) (17,33) 274
(18,33) (19,33) 170
(19,33) (18,33) 485
(19,33) (20,33) 262
(20,33) (19,33) 354
(20,33) (21,33) 138
(21,33) (20,33) 91
(21,33) (22,33) 262
(22,33) (21,33) 493
(22,33) (23,33) 351
(23,33) (22,33) 353
(23,33) (24,33) 200
(24,33) (23,33) 287
(24,33) (25,33) 147
(25,33) (24,33) 263
(25,33) (26,33) 237
(26,33) (25,33) 175
(26,33) (27,33) 109
(27,33) (26,33) 275
(27,33) (28,33) 381
(28,33) (27,33) 208
(28,33) (29,33) 171
(29,33) (28,33) 470
(29,33) (30,33) 426
(30,33) (29,33) 408
(30,33) (31,33) 111
(31,33) (30,33) 57
(31,33) (32,33) 176
(32,33) (31,33) 493
(32,33) (33,33) 40
(33,33) (32,33) 389
(33,33) (34,33) 177
(34,33) (33,33) 462
(34,33) (35,33) 382
(35,33) (34,33) 287
(1,34) (2,34) 477
(2,34) (1,34) 430
(2,34) (3,34) 88
(3,34) (2,34) 45
(3,34) (4,34) 178
(4,34) (3,34) 72
(4,34) (5,34) 11
(5,34) (4,34) 435
(5,34) (6,34) 337
(6,34) (5,34) 343
(6,34) (7,34) 83
(7,34) (6,34) 90
(7,34) (8,34) 229
(8,34) (7,34) 300
(8,34) (9,34) 221
(9,34) (8,34) 303
(9,34) (10,34) 381
(10,34) (9,34) 46
(10,34) (11,34) 16
(11,34) (10,34) 115
(11,34) (12,34) 46
(12,34) (11,34) 162
(12,34) (13,34) 14
(13,34) (12,34) 106
(13,34) (14,34) 303
(14,34) (13,34) 89
(14,34) (15,34) 456
(15,34) (14,34) 94
(15,34) (16,34) 320
(16,34) (15,34) 156
(16,34) (17,34) 342
(17,34) (16,34) 140
(17,34) (18,34) 307
(18,34) (17,34) 287
(18,34) (19,34) 408
(19,34) (18,34) 431
(19,34) (20,34) 121
(20,34) (19,34) 385
(20,34) (21,34) 190
(21,34) (20,34) 297
(21,34) (22,34) 342
(22,34) (21,34) 492
(22,34) (23,34) 3
(23,34) (22,34) 250
(23,34) (24,34) 488
(24,34) (23,34) 220
(24,34) (25,34) 282
(25,34) (24,34) 422
(25,34) (26,34) 450
(26,34) (25,34) 103
(26,34) (27,34) 470
(27,34) (26,34) 75
(27,34) (28,34) 2
(28,34) (27,34) 101
(28,34) (29,34) 95
(29,34) (28,34) 133
(29,34) (30,34) 55
(30,34) (29,34) 65
(30,34) (31,34) 366
(31,34) (30,34) 415
(31,34) (32,34) 381
(32,34) (31,34) 268
(32,34) (33,34) 165
(33,34) (32,34) 296
(33,34) (34,34) 118
(34,34) (33,34) 64
(34,34) (35,34) 317
(35,34) (34,34) 410
(1,35) (2,35) 263
(2,35) (1,35) 398
(2,35) (3,35) 241
(3,35) (2,35) 166
(3,35) (4,35) 14
(4,35) (3,35) 315
(4,35) (5,35) 368
(5,35) (4,35) 297
(5,35) (6,35) 163
(6,35) (5,35) 1
(6,35) (7,35) 200
(7,35) (6,35) 218
(7,35) (8,35) 250
(8,35) (7,35) 250
(8,35) (9,35) 366
(9,35) (8,35) 98
(9,35) (10,35) 142
(10,35) (9,35) 241
(10,35) (11,35) 198
(11,35) (10,35) 6
(11,35) (12,35) 348
(12,35) (11,35) 368
(12,35) (13,35) 162
(13,35) (12,35) 448
(13,35) (14,35) 104
(14,35) (13,35) 466
(14,35) (15,35) 83
(15,35) (14,35) 297
(15,35) (16,35) 65
(16,35) (15,35) 363
(16,35) (17,35) 441
(17,35) (16,35) 86
(17,35) (18,35) 28
(18,35) (17,35) 326
(18,35) (19,35) 69
(19,35) (18,35) 198
(19,35) (20,35) 310
(20,35) (19,35) 171
(20,35) (21,35) 177
(21,35) (20,35) 225
(21,35) (22,35) 454
(22,35) (21,35) 138
(22,35) (23,35) 283
(23,35) (22,35) 167
(23,35) (24,35) 459
(24,35) (23,35) 52
(24,35) (25,35) 107
(25,35) (24,35) 136
(25,35) (26,35) 292
(26,35) (25,35) 334
(26,35) (27,35) 23
(27,35) (26,35) 419
(27,35) (28,35) 83
(28,35) (27,35) 31
(28,35) (29,35) 473
(29,35) (28,35) 101
(29,35) (30,35) 420
(30,35) (29,35) 267
(30,35) (31,35) 376
(31,35) (30,35) 254
(31,35) (32,35) 265
(32,35) (31,35) 314
(32,35) (33,35) 172
(33,35) (32,35) 219
(33,35) (34,35) 251
(34,35) (33,35) 290
(34,35) (35,35) 256
(35,35) (34,35) 410
(1,36) (2,36) 476
(2,36) (1,36) 297
(2,36) (3,36) 79
(3,36) (2,36) 343
(3,36) (4,36) 65
(4,36) (3,36) 151
(4,36) (5,36) 451
(5,36) (4,36) 376
(5,36) (6,36) 76
(6,36) (5,36) 257
(6,36) (7,36) 25
(7,36) (6,36) 61
(7,36) (8,36) 231
(8,36) (7,36) 224
(8,36) (9,36) 253
(9,36) (8,36) 310
(9,36) (10,36) 410
(10,36) (9,36) 465
(10,36) (11,36) 15
(11,36) (10,36) 126
(11,36) (12,36) 82
(12,36) (11,36) 294
(12,36) (13,36) 116
(13,36) (12,36) 268
(13,36) (14,36) 184
(14,36) (13,36) 441
(14,36) (15,36) 335
(15,36) (14,36) 485
(15,36) (16,36) 254
(16,36) (15,36) 152
(16,36) (17,36) 335
(17,36) (16,36) 498
(17,36) (18,36) 170
(18,36) (17,36) 137
(18,36) (19,36) 50
(19,36) (18,36) 267
(19,36) (20,36) 376
(20,36) (19,36) 237
(20,36) (21,36) 116
(21,36) (20,36) 157
(21,36) (22,36) 469
(22,36) (21,36) 65
(22,36) (23,36) 338
(23,36) (22,36) 141
(23,36) (24,36) 442
(24,36) (23,36) 43
(24,36) (25,36) 234
(25,36) (24,36) 379
(25,36) (26,36) 268
(26,36) (25,36) 56
(26,36) (27,36) 275
(27,36) (26,36) 450
(27,36) (28,36) 330
(28,36) (27,36) 122
(28,36) (29,36) 195
(29,36) (28,36) 229
(29,36) (30,36) 373
(30,36) (29,36) 190
(30,36) (31,36) 330
(31,36) (30,36) 483
(31,36) (32,36) 459
(32,36) (31,36) 281
(32,36) (33,36) 199
(33,36) (32,36) 68
(33,36) (34,36) 451
(34,36) (33,36) 31
(34,36) (35,36) 465
(35,36) (34,36) 349
(1,37) (2,37) 398
(2,37) (1,37) 322
(2,37) (3,37) 166
(3,37) (2,37) 107
(3,37) (4,37) 423
(4,37) (3,37) 363
(4,37) (5,37) 319
(5,37) (4,37) 339
(5,37) (6,37) 230
(6,37) (5,37) 56
(6,37) (7,37) 225
(7,37) (6,37) 273
(7,37) (8,37) 290
(8,37) (7,37) 370
(8,37) (9,37) 154
(9,37) (8,37) 3
(9,37) (10,37) 460
(10,37) (9,37) 421
(10,37) (11,37) 461
(11,37) (10,37) 17
(11,37) (12,37) 112
(12,37) (11,37) 110
(12,37) (13,37) 408
(13,37) (12,37) 427
(13,37) (14,37) 75
(14,37) (13,37) 442
(14,37) (15,37) 78
(15,37) (14,37) 279
(15,37) (16,37) 428
(16,37) (15,37) 174
(16,37) (17,37) 484
(17,37) (16,37) 345
(17,37) (18,37) 208
(18,37) (17,37) 295
(18,37) (19,37) 153
(19,37) (18,37) 165
(19,37) (20,37) 473
(20,37) (19,37) 479
(20,37) (21,37) 491
(21,37) (20,37) 413
(21,37) (22,37) 362
(22,37) (21,37) 250
(22,37) (23,37) 262
(23,37) (22,37) 216
(23,37) (24,37) 85
(24,37) (23,37) 111
(24,37) (25,37) 231
(25,37) (24,37) 335
(25,37) (26,37) 4
(26,37) (25,37) 343
(26,37) (27,37) 231
(27,37) (26,37) 10
(27,37) (28,37) 194
(28,37) (27,37) 72
(28,37) (29,37) 201
(29,37) (28,37) 72
(29,37) (30,37) 229
(30,37) (29,37) 310
(30,37) (31,37) 318
(31,37) (30,37) 456
(31,37) (32,37) 316
(32,37) (31,37) 343
(32,37) (33,37) 88
(33,37) (32,37) 107
(33,37) (34,37) 422
(34,37) (33,37) 173
(34,37) (35,37) 346
(35,37) (34,37) 351
(1,38) (2,38) 467
(2,38) (1,38) 387
(2,38) (3,38) 259
(3,38) (2,38) 441
(3,38) (4,38) 64
(4,38) (3,38) 37
(4,38) (5,38) 133
(5,38) (4,38) 297
(5,38) (6,38) 150
(6,38) (5,38) 192
(6,38) (7,38) 231
(7,38) (6,38) 480
(7,38) (8,38) 49
(8,38) (7,38) 358
(8,38) (9,38) 315
(9,38) (8,38) 111
(9,38) (10,38) 234
(10,38) (9,38) 70
(10,38) (11,38) 106
(11,38) (10,38) 369
(11,38) (12,38) 315
(12,38) (11,38) 213
(12,38) (13,38) 489
(13,38) (12,38) 369
(13,38) (14,38) 55
(14,38) (13,38) 149
(14,38) (15,38) 17
(15,38) (14,38) 15
(15,38) (16,38) 464
(16,38) (15,38) 495
(16,38) (17,38) 187
(17,38) (16,38) 278
(17,38) (18,38) 342
(18,38) (17,38) 493
(18,38) (19,38) 74
(19,38) (18,38) 453
(19,38) (20,38) 498
(20,38) (19,38) 389
(20,38) (21,38) 126
(21,38) (20,38) 255
(21,38) (22,38) 177
(22,38) (21,38) 45
(22,38) (23,38) 246
(23,38) (22,38) 216
(23,38) (24,38) 116
(24,38) (23,38) 87
(24,38) (25,38) 186
(25,38) (24,38) 77
(25,38) (26,38) 108
(26,38) (25,38) 153
(26,38) (27,38) 307
(27,38) (26,38) 455
(27,38) (28,38) 287
(28,38) (27,38) 163
(28,38) (29,38) 341
(29,38) (28,38) 481
(29,38) (30,38) 137
(30,38) (29,38) 394
(30,38) (31,38) 418
(31,38) (30,38) 377
(31,38) (32,38) 210
(32,38) (31,38) 309
(32,38) (33,38) 305
(33,38) (32,38) 262
(33,38) (34,38) 472
(34,38) (33,38) 146
(34,38) (35,38) 294
(35,38) (34,38) 371
(1,39) (2,39) 361
(2,39) (1,39) 118
(2,39) (3,39) 77
(3,39) (2,39) 79
(3,39) (4,39) 468
(4,39) (3,39) 462
(4,39) (5,39) 318
(5,39) (4,39) 72
(5,39) (6,39) 25
(6,39) (5,39) 331
(6,39) (7,39) 284
(7,39) (6,39) 418
(7,39) (8,39) 212
(8,39) (7,39) 209
(8,39) (9,39) 395
(9,39) (8,39) 43
(9,39) (10,39) 118
(10,39) (9,39) 296
(10,39) (11,39) 197
(11,39) (10,39) 261
(11,39) (12,39) 491
(12,39) (11,39) 207
(12,39) (13,39) 196
(13,39) (12,39) 384
(13,39) (14,39) 443
(14,39) (13,39) 143
(14,39) (15,39) 300
(15,39) (14,39) 489
(15,39) (16,39) 371
(16,39) (15,39) 373
(16,39) (17,39) 219
(17,39) (16,39) 280
(17,39) (18,39) 389
(18,39) (17,39) 388
(18,39) (19,39) 247
(19,39) (18,39) 360
(19,39) (20,39) 193
(20,39) (19,39) 210
(20,39) (21,39) 50
(21,39) (20,39) 68
(21,39) (22,39) 228
(22,39) (21,39) 93
(22,39) (23,39) 425
(23,39) (22,39) 246
(23,39) (24,39) 275
(24,39) (23,39) 217
(24,39) (25,39) 206
(25,39) (24,39) 371
(25,39) (26,39) 112
(26,39) (25,39) 253
(26,39) (27,39) 264
(27,39) (26,39) 104
(27,39) (28,39) 279
(28,39) (27,39) 295
(28,39) (29,39) 270
(29,39) (28,39) 426
(29,39) (30,39) 260
(30,39) (29,39) 46
(30,39) (31,39) 356
(31,39) (30,39) 142
(31,39) (32,39) 219
(32,39) (31,39) 131
(32,39) (33,39) 374
(33,39) (32,39) 344
(33,39) (34,39) 494
(34,39) (33,39) 76
(34,39) (35,39) 198
(35,39) (34,39) 30
(1,40) (2,40) 335
(2,40) (1,40) 30
(2,40) (3,40) 284
(3,40) (2,40) 324
(3,40) (4,40) 224
(4,40) (3,40) 49
(4,40) (5,40) 298
(5,40) (4,40) 440
(5,40) (6,40) 304
(6,40) (5,40) 162
(6,40) (7,40) 86
(7,40) (6,40) 100
(7,40) (8,40) 168
(8,40) (7,40) 392
(8,40) (9,40) 396
(9,40) (8,40) 239
(9,40) (10,40) 500
(10,40) (9,40) 56
(10,40) (11,40) 332
(11,40) (10,40) 193
(11,40) (12,40) 101
(12,40) (11,40) 280
(12,40) (13,40) 154
(13,40) (12,40) 230
(13,40) (14,40) 146
(14,40) (13,40) 160
(14,40) (15,40) 262
(15,40) (14,40) 247
(15,40) (16,40) 55
(16,40) (15,40) 360
(16,40) (17,40) 303
(17,40) (16,40) 490
(17,40) (18,40) 206
(18,40) (17,40) 129
(18,40) (19,40) 480
(19,40) (18,40) 76
(19,40) (20,40) 238
(20,40) (19,40) 415
(20,40) (21,40) 169
(21,40) (20,40) 168
(21,40) (22,40) 459
(22,40) (21,40) 203
(22,40) (23,40) 308
(23,40) (22,40) 354
(23,40) (24,40) 468
(24,40) (23,40) 207
(24,40) (25,40) 144
(25,40) (24,40) 485
(25,40) (26,40) 363
(26,40) (25,40) 123
(26,40) (27,40) 424
(27,40) (26,40) 482
(27,40) (28,40) 46
(28,40) (27,40) 91
(28,40) (29,40) 344
(29,40) (28,40) 79
(29,40) (30,40) 450
(30,40) (29,40) 363
(30,40) (31,40) 176
(31,40) (30,40) 141
(31,40) (32,40) 249
(32,40) (31,40) 426
(32,40) (33,40) 102
(33,40) (32,40) 95
(33,40) (34,40) 379
(34,40) (33,40) 280
(34,40) (35,40) 191
(35,40) (34,40) 484
(1,40) t 499
(2,40) t 167
(3,40) t 15
(4,40) t 30
(5,40) t 117
(6,40) t 213
(7,40) t 251
(8,40) t 225
(9,40) t 138
(10,40) t 497
(11,40) t 323
(12,40) t 326
(13,40) t 198
(14,40) t 19
(15,40) t 483
(16,40) t 398
(17,40) t 106
(18,40) t 194
(19,40) t 123
(20,40) t 60
(21,40) t 406
(22,40) t 113
(23,40) t 272
(24,40) t 410
(25,40) t 32
(26,40) t 317
(27,40) t 379
(28,40) t 297
(29,40) t 493
(30,40) t 471
(31,40) t 73
(32,40) t 235
(33,40) t 404
(34,40) t 85
(35,40) t 473
