s (1,1) 443
s (2,1) 17
s (3,1) 394
s (4,1) 42
s (5,1) 361
(1,1) (1,2) 390
(2,1) (2,2) 27
(3,1) (3,2) 462
(4,1) (4,2) 170
(5,1) (5,2) 115
(1,2) (1,3) 389
(2,2) (2,3) 273
(3,2) (3,3) 162
(4,2) (4,3) 209
(5,2) (5,3) 271
(1,3) (1,4) 102
(2,3) (2,4) 392
(3,3) (3,4) 399
(4,3) (4,4) 59
(5,3) (5,4) 203
(1,4) (1,5) 197
(2,4) (2,5) 424
(3,4) (3,5) 488
(4,4) (4,5) 159
(5,4) (5,5) 21
(1,5) (1,6) 349
(2,5) (2,6) 97
(3,5) (3,6) 39
(4,5) (4,6) 256
(5,5) (5,6) 465
(1,6) (1,7) 299
(2,6) (2,7) 285
(3,6) (3,7) 137
(4,6) (4,7) 443
(5,6) (5,7) 347
(1,7) (1,8) 324
(2,7) (2,8) 282
(3,7) (3,8) 138
(4,7) (4,8) 248
(5,7) (5,8) 92
(1,8) (1,9) 355
(2,8) (2,9) 381
(3,8) (3,9) 280
(4,8) (4,9) 63
(5,8) (5,9) 152
(1,9) (1,10) 322
(2,9) (2,10) 405
(3,9) (3,10) 466
(4,9) (4,10) 42
(5,9) (5,10) 413
(1,1) (2,1) 376
(2,1) (1,1) 74
(2,1) (3,1) 373
(3,1) (2,1) 22
(3,1) (4,1) 346
(4,1) (3,1) 239
(4,1) (5,1) 233
(5,1) (4,1) 383
(1,2) (2,2) 228
(2,2) (1,2) 163
(2,2) (3,2) 459
(3,2) (2,2) 321
(3,2) (4,2) 161
(4,2) (3,2) 76
(4,2) (5,2) 256
(5,2) (4,2) 378
(1,3) (2,3) 270
(2,3) (1,3) 138
(2,3) (3,3) 397
(3,3) (2,3) 339
(3,3) (4,3) 189
(4,3) (3,3) 44
(4,3) (5,3) 82
(5,3) (4,3) 416
(1,4) (2,4) 399
(2,4) (1,4) 374
(2,4) (3,4) 141
(3,4) (2,4) 121
(3,4) (4,4) 193
(4,4) (3,4) 233
(4,4) (5,4) 482
(5,4) (4,4) 430
(1,5) (2,5) 126
(2,5) (1,5) 365
(2,5) (3,5) 498
(3,5) (2,5) 19
(3,5) (4,5) 472
(4,5) (3,5) 52
(4,5) (5,5) 232
(5,5) (4,5) 217
(1,6) (2,6) 4
(2,6) (1,6) 195
(2,6) (3,6) 64
(3,6) (2,6) 440
(3,6) (4,6) 112
(4,6) (3,6) 404
(4,6) (5,6) 155
(5,6) (4,6) 221
(1,7) (2,7) 264
(2,7) (1,7) 59
(2,7) (3,7) 380
(3,7) (2,7) 285
(3,7) (4,7) 320
(4,7) (3,7) 254
(4,7) (5,7) 406
(5,7) (4,7) 361
(1,8) (2,8) 434
(2,8) (1,8) 129
(2,8) (3,8) 451
(3,8) (2,8) 238
(3,8) (4,8) 291
(4,8) (3,8) 384
(4,8) (5,8) 413
(5,8) (4,8) 488
(1,9) (2,9) 465
(2,9) (1,9) 400
(2,9) (3,9) 383
(3,9) (2,9) 398
(3,9) (4,9) 357
(4,9) (3,9) 360
(4,9) (5,9) 251
(5,9) (4,9) 397
(1,10) (2,10) 206
(2,10) (1,10) 432
(2,10) (3,10) 467
(3,10) (2,10) 403
(3,10) (4,10) 478
(4,10) (3,10) 61
(4,10) (5,10) 202
(5,10) (4,10) 128
(1,10) t 84
(2,10) t 264
(3,10) t 45
(4,10) t 92
(5,10) t 268
